Target Value of 0 = negative
Target Value of 1 = positive
Target Value of u = unclassified (Advanced Classification Mode)

Ch1Amplitude,Ch2Amplitude,Caraur
367.9792,460.8773,0
371.3797,429.7357,0
388.546,423.1519,0
368.9624,454.5319,0
323.4377,520.4587,0
316.2442,488.8166,0
383.1974,454.2289,0
366.0141,440.4042,0
303.4323,502.2275,0
366.3765,453.5995,0
365.7393,465.175,0
379.4368,427.7719,0
364.5427,483.7633,0
352.4004,461.6411,0
320.2842,454.9723,0
346.8571,442.772,0
379.1023,424.0103,0
358.5253,461.4622,0
416.3023,429.1364,0
354.7223,486.6941,0
345.7749,472.929,0
323.8177,461.5232,0
374.624,447.073,0
369.8066,450.8403,0
376.4844,468.1505,0
342.5373,491.5097,0
354.0391,492.9519,0
357.3109,424.2108,0
377.1571,431.8655,0
329.4481,438.6706,0
334.9824,466.4841,0
403.3373,420.0767,0
360.6705,423.7791,0
372.9526,496.489,0
397.7881,443.1004,0
352.7102,499.7825,0
318.7505,534.1995,0
369.5625,449.9716,0
325.6628,491.0045,0
407.0361,356.2697,0
387.4777,482.9618,0
328.7272,432.7299,0
386.6073,486.4257,0
375.5597,504.4009,0
344.3805,510.4689,0
377.7213,386.1585,0
338.658,520.4606,0
314.2959,433.1046,0
307.2954,488.1553,0
379.7315,478.9484,0
352.9683,483.0118,0
334.841,537.4919,0
360.6358,399.1339,0
302.9393,501.5887,0
360.6328,470.1756,0
384.2394,481.5267,0
359.1991,469.8456,0
364.5201,460.0838,0
365.329,408.428,0
383.9841,437.9752,0
380.2328,478.8496,0
342.5521,456.3765,0
356.7071,502.2595,0
352.5502,465.9726,0
393.9431,462.6035,0
335.0006,462.5332,0
386.8955,445.1894,0
373.8905,463.336,0
385.2145,436.0532,0
349.1716,444.0827,0
334.3827,499.0861,0
410.945,484.4783,0
390.0397,462.688,0
340.3506,452.3,0
345.3546,465.9578,0
353.0061,479.4214,0
354.1934,510.9762,0
360.2783,452.454,0
362.5605,476.3526,0
378.2229,446.0034,0
369.4528,419.744,0
312.0269,464.2551,0
322.3723,482.3889,0
392.4723,465.8056,0
322.2676,478.5159,0
389.7556,461.8547,0
324.957,462.6981,0
380.2351,464.8495,0
370.8628,426.1003,0
381.4807,385.5778,0
349.487,471.3044,0
318.1288,470.5784,0
366.2435,500.102,0
375.7545,462.7607,0
362.4875,448.2474,0
378.9412,453.653,0
417.0629,472.2563,0
369.255,478.0963,0
392.0865,464.315,0
423.5114,452.1758,0
388.1051,487.8518,0
397.0881,428.2957,0
357.1986,506.0732,0
359.3761,443.6638,0
337.6771,482.909,0
354.3811,486.2446,0
339.8318,458.4665,0
351.8958,458.108,0
392.4696,445.9299,0
412.0172,433.0661,0
346.0632,475.1369,0
337.9863,533.9507,0
376.3208,468.3004,0
357.6321,484.4678,0
320.3568,460.0885,0
354.6561,443.5845,0
395.6395,432.7101,0
393.749,508.7853,0
347.4155,467.2503,0
362.8905,455.8447,0
397.5479,437.3057,0
347.9981,437.004,0
354.5748,452.4925,0
368.9356,419.8021,0
366.0333,485.5132,0
379.4414,463.5684,0
370.836,460.9175,0
393.606,439.4643,0
390.8754,469.2479,0
358.9777,446.9616,0
329.9857,453.0685,0
333.2189,511.9268,0
370.311,445.8926,0
372.647,476.0958,0
331.6694,559.0626,0
382.7505,467.203,0
331.6408,494.6057,0
337.5469,505.4265,0
375.0719,438.0463,0
397.6033,488.8113,0
368.0752,418.1275,0
349.9706,392.4523,0
359.0217,481.7683,0
368.842,465.9937,0
383.0697,407.4325,0
367.496,503.7516,0
316.1232,435.707,0
317.9076,454.299,0
370.7318,437.5005,0
347.1183,455.0224,0
367.245,462.264,0
360.4149,521.133,0
364.7312,477.727,0
385.0172,483.9091,0
314.6304,423.7026,0
328.8927,426.7055,0
333.2718,500.0137,0
360.6273,462.9902,0
317.6176,415.754,0
421.6691,462.5255,0
377.5399,420.0323,0
356.2237,427.3412,0
372.7019,460.5505,0
365.4311,441.5267,0
326.3981,480.456,0
344.3586,462.1674,0
338.4374,500.8787,0
409.7109,415.4706,0
362.4878,503.7444,0
385.964,439.307,0
365.4974,468.8452,0
340.7574,510.3397,0
334.2845,465.3691,0
340.7241,483.662,0
391.1223,404.8826,0
372.9824,471.4199,0
358.489,460.6567,0
364.806,512.4561,0
370.1545,454.2804,0
305.2151,408.0996,0
327.1261,556.6112,0
370.7646,454.8835,0
362.2633,407.7747,0
377.733,528.1029,0
362.9775,422.6147,0
332.4781,531.7109,0
332.796,429.7432,0
382.6034,536.5787,0
326.0732,481.0446,0
356.6779,466.4467,0
379.5915,444.7952,0
364.9965,540.2402,0
391.1195,479.6641,0
369.7482,445.8309,0
377.34,450.9077,0
369.2658,426.4636,0
348.6976,487.5099,0
331.4459,479.3391,0
376.5423,442.377,0
434.3281,487.4324,0
382.2338,472.491,0
371.3636,473.0185,0
408.9585,450.7238,0
370.0604,476.6909,0
338.838,431.9658,0
342.6986,535.2996,0
342.0965,422.0381,0
383.4113,478.2568,0
347.2343,464.4068,0
392.8176,408.6821,0
315.6368,462.9169,0
363.9467,454.7965,0
360.5031,481.494,0
340.6785,422.4889,0
359.4048,494.6795,0
351.6142,445.6151,0
333.5809,385.1607,0
375.5909,423.1125,0
351.8374,542.4745,0
410.0555,448.4803,0
366.3823,438.9329,0
350.0797,454.6393,0
366.22,440.5268,0
355.5485,457.3729,0
405.8803,435.217,0
377.1154,480.0823,0
373.0086,476.3562,0
367.5936,482.2394,0
358.1183,472.709,0
379.1674,441.7847,0
372.2857,510.0085,0
358.8293,480.4849,0
345.1202,455.6088,0
310.1995,473.6951,0
399.9857,473.0599,0
380.1923,420.4963,0
313.7514,449.2113,0
337.9523,474.0809,0
374.687,482.0614,0
333.1102,461.6022,0
327.5643,476.4333,0
334.7487,431.0994,0
365.0231,497.7712,0
401.4318,422.1142,0
384.427,454.3016,0
389.9946,486.9755,0
391.9031,506.5149,0
385.9348,432.1049,0
359.1747,433.6201,0
354.9808,480.8393,0
349.9229,434.6426,0
395.4337,425.5264,0
394.7523,433.6932,0
357.5988,450.2263,0
347.8325,473.0991,0
349.0862,452.3124,0
379.2642,411.3707,0
307.0908,492.5439,0
378.1487,405.2036,0
324.3844,470.756,0
408.7165,429.7296,0
394.0947,453.1109,0
367.959,531.0442,0
377.2437,434.5376,0
304.4612,517.0638,0
362.6779,469.287,0
353.4582,520.6782,0
335.8206,464.917,0
331.959,533.3728,0
338.8057,499.801,0
349.0271,467.1511,0
356.2572,464.5398,0
363.5418,440.6499,0
336.029,567.7631,0
348.6084,473.5983,0
367.4562,468.6487,0
362.2258,433.4193,0
401.1768,422.8158,0
348.0941,550.8762,0
393.5819,475.3743,0
369.2134,402.5168,0
345.2551,433.9915,0
368.1504,396.89,0
382.7507,468.1898,0
406.148,449.1894,0
320.6594,436.6517,0
376.881,464.1711,0
343.8988,481.3102,0
374.755,392.6411,0
370.7036,449.3235,0
346.0894,451.6435,0
386.6656,484.4449,0
365.4519,445.9936,0
369.9934,469.8296,0
375.2474,416.0714,0
354.6844,450.6382,0
361.6274,473.002,0
334.3588,434.8328,0
388.1016,418.1351,0
345.0583,462.7404,0
346.1182,442.0111,0
384.2592,464.5994,0
332.4982,508.7564,0
361.687,383.5334,0
350.0573,482.219,0
396.5584,429.2318,0
347.0863,473.7903,0
367.3688,460.8524,0
341.8912,496.1119,0
340.4263,487.7756,0
381.658,491.1741,0
340.7546,471.7715,0
395.4806,443.2837,0
314.2037,425.0547,0
350.2809,439.2159,0
356.0108,518.0099,0
391.6879,468.6606,0
348.2681,457.4537,0
332.1296,414.893,0
389.0851,443.9821,0
394.0947,469.422,0
380.9213,450.0146,0
366.9218,471.3658,0
345.3109,464.2787,0
334.7487,489.9667,0
343.7733,511.5343,0
381.8853,454.9155,0
331.5326,470.1166,0
342.9069,517.4243,0
372.3914,430.4595,0
364.5616,521.678,0
410.9475,415.0007,0
346.1703,399.2683,0
373.3424,459.4899,0
368.3886,465.9624,0
368.4315,446.4812,0
372.8871,420.694,0
384.9567,557.4857,0
327.4506,499.9038,0
381.9068,445.2996,0
322.2955,480.261,0
379.0208,448.3826,0
351.2261,493.9446,0
377.9337,490.3731,0
354.8533,406.99,0
343.6505,414.0784,0
340.7144,466.0028,0
368.6521,459.8382,0
355.2308,445.9984,0
343.0636,554.1719,0
362.5226,420.742,0
342.3275,518.2565,0
361.1064,412.6544,0
387.5886,405.4146,0
334.4874,484.6971,0
333.363,458.8075,0
375.0229,493.3847,0
358.3368,491.0052,0
352.9537,486.5793,0
323.25,434.6289,0
322.0292,497.9677,0
352.1641,442.9669,0
344.3512,486.1794,0
367.6023,445.8139,0
347.7205,503.8438,0
413.5373,387.8304,0
353.4578,452.6946,0
314.8727,434.3177,0
375.878,453.4079,0
348.1349,530.7188,0
361.5126,479.947,0
318.7699,510.52,0
326.4258,533.9589,0
365.301,414.7878,0
362.8632,443.7316,0
396.2145,414.8327,0
308.1617,453.4794,0
426.3154,505.4021,0
427.1042,433.2824,0
379.9604,492.647,0
404.5784,420.8677,0
395.1549,404.9832,0
360.2589,436.7806,0
348.7853,426.5025,0
330.6403,394.2214,0
387.3704,470.5623,0
350.6729,470.8031,0
338.1599,439.7128,0
371.9505,435.5651,0
383.9399,432.9636,0
341.2445,476.7385,0
375.627,466.1681,0
359.738,446.6987,0
343.5789,479.0811,0
385.5132,457.5421,0
332.2081,484.7053,0
411.9767,488.4479,0
381.0142,434.0154,0
340.4594,437.5022,0
375.955,455.5086,0
342.7477,418.1187,0
336.8599,497.747,0
363.9975,425.3785,0
355.4567,423.8773,0
344.9114,439.1617,0
374.7209,490.7742,0
383.8015,443.5967,0
326.7014,407.1898,0
345.7962,430.0089,0
364.412,517.1005,0
369.0832,499.0864,0
345.9674,441.1966,0
343.1717,450.7439,0
339.1529,438.9729,0
315.0249,445.1,0
413.162,427.9988,0
297.4296,488.2774,0
368.318,457.6655,0
403.8024,446.1959,0
359.546,460.5255,0
361.6865,439.2413,0
381.5491,422.5879,0
352.5864,451.7264,0
400.7048,471.4346,0
334.4224,439.8304,0
316.8386,423.6738,0
350.0132,452.6782,0
382.059,491.4891,0
360.8235,415.046,0
332.1152,511.1774,0
331.3173,403.2728,0
399.4415,406.176,0
349.6015,441.9885,0
451.8149,462.3393,0
370.1908,467.4503,0
328.6948,446.5223,0
392.9997,424.3126,0
349.8709,480.527,0
367.6114,472.4246,0
368.9952,423.4269,0
343.4832,458.7065,0
388.3888,483.0393,0
357.7511,455.4417,0
332.3406,440.9755,0
335.9608,471.3289,0
365.6999,457.3204,0
345.3023,464.892,0
348.8447,490.2049,0
360.4907,459.8137,0
347.7144,465.3256,0
382.3583,481.0064,0
371.0909,469.7527,0
378.6035,507.507,0
320.7209,433.6503,0
334.0117,496.9431,0
364.7463,476.0787,0
361.0556,449.6014,0
349.8703,372.1543,0
366.369,447.8407,0
347.6438,429.24,0
391.8108,438.5518,0
297.7397,509.4492,0
384.755,444.9267,0
336.7543,421.9985,0
337.519,435.6257,0
367.7551,460.0292,0
370.3677,472.2856,0
298.3911,463.9342,0
361.9197,466.6123,0
345.0009,529.5892,0
395.5596,473.4399,0
346.0096,556.4819,0
355.5058,448.6622,0
366.5039,452.8651,0
326.6306,441.6404,0
365.2432,444.0488,0
337.6254,451.9006,0
426.6514,596.0757,0
351.519,492.2494,0
368.9979,477.7272,0
372.6834,487.5426,0
330.8111,471.0126,0
325.1066,494.8931,0
372.3495,454.2256,0
400.5199,418.1354,0
316.9287,514.981,0
333.975,472.9832,0
360.4319,446.3235,0
341.2196,468.2291,0
336.543,437.5273,0
341.9777,429.3383,0
411.8661,439.4592,0
341.2409,418.5911,0
361.6157,420.7618,0
391.2017,449.4384,0
316.4075,483.0293,0
318.9136,531.0295,0
405.3981,443.5481,0
359.423,460.3777,0
348.3851,491.679,0
333.8779,463.2731,0
376.9865,457.2492,0
359.7712,521.797,0
387.3774,432.2266,0
334.431,466.0215,0
330.6372,529.8225,0
358.4908,501.7947,0
373.7128,448.1079,0
353.3695,484.0146,0
334.3415,489.8454,0
317.0424,461.1506,0
356.6698,462.5307,0
388.0558,456.1763,0
358.8782,491.7349,0
318.8268,464.348,0
299.769,490.4197,0
395.3631,414.4976,0
385.0291,395.598,0
367.3854,482.2732,0
350.6492,455.942,0
393.5191,516.2142,0
337.7684,425.093,0
347.5539,506.7952,0
361.9583,422.6614,0
387.7465,396.4826,0
352.9786,462.8252,0
353.1893,482.2413,0
297.3003,463.24,0
400.8017,463.8679,0
419.3062,394.6192,0
355.3591,440.0475,0
402.2085,458.9716,0
396.3865,449.444,0
350.4967,479.1841,0
360.8659,394.9119,0
347.4956,484.6615,0
363.047,414.8177,0
349.1962,444.9165,0
349.9825,460.9989,0
379.019,482.8331,0
378.692,473.8214,0
330.202,451.9821,0
313.3158,465.6769,0
376.5999,597.9293,0
385.9662,471.2885,0
391.9524,449.0124,0
355.9291,443.8497,0
367.1355,462.702,0
382.8332,499.1554,0
298.6278,503.4261,0
397.1466,421.979,0
370.7267,476.5978,0
370.0394,443.3645,0
353.8365,445.2042,0
349.0851,488.2627,0
375.821,409.1924,0
386.6929,492.5648,0
307.3165,451.522,0
333.9402,478.5403,0
394.251,468.8073,0
347.2164,479.0773,0
375.0375,524.9481,0
299.3375,460.333,0
361.2333,514.5331,0
386.2748,541.2953,0
354.0991,457.1539,0
361.6651,431.2923,0
342.7889,442.0834,0
408.2682,390.9781,0
378.2443,475.1705,0
348.7328,477.1037,0
367.662,381.4353,0
374.7304,462.1316,0
392.9468,440.5208,0
341.14,505.0645,0
318.0614,500.7149,0
325.6196,468.8365,0
368.5095,389.7465,0
371.9756,464.8587,0
320.2684,410.8303,0
379.1282,484.991,0
396.1837,446.9148,0
394.7141,436.7828,0
413.9707,433.9722,0
388.6073,445.6448,0
377.6077,425.4471,0
334.1618,418.3777,0
380.7081,454.8646,0
417.8987,409.2788,0
352.6739,451.227,0
339.8284,474.3138,0
375.0323,446.0855,0
384.9189,487.0349,0
319.1199,497.5517,0
343.4855,439.1615,0
381.2753,408.0429,0
344.6694,497.4196,0
320.4437,462.6482,0
355.8755,497.7571,0
370.0485,464.7971,0
389.1647,409.5053,0
320.3037,450.588,0
417.428,396.4871,0
314.817,491.1793,0
393.9694,394.0444,0
367.3403,419.226,0
307.4539,437.0275,0
375.5156,456.8294,0
381.476,453.663,0
392.3172,474.8714,0
332.7589,457.9523,0
343.3213,414.0587,0
371.5929,450.2552,0
429.1645,390.762,0
354.9091,459.8256,0
367.1597,481.7039,0
304.1334,532.0942,0
370.613,465.8926,0
334.6336,426.8683,0
353.7982,479.1011,0
333.2218,495.1193,0
371.8323,502.2332,0
320.4832,510.0019,0
321.3352,515.28,0
363.7518,500.9111,0
340.0639,488.7557,0
377.549,412.1694,0
331.703,408.2945,0
373.1766,439.4659,0
320.7714,512.8175,0
388.9432,461.0459,0
370.6612,503.215,0
365.1867,431.0029,0
353.6926,462.7402,0
381.3459,485.8879,0
311.834,513.9699,0
344.9405,435.7361,0
372.5313,442.6521,0
368.9778,403.1493,0
381.9898,457.4738,0
379.567,456.0303,0
339.966,423.8343,0
364.4918,472.3287,0
362.0254,425.9756,0
350.869,454.1242,0
370.0619,514.8624,0
324.8658,466.8563,0
372.6077,569.3299,0
293.0858,472.9042,0
359.9692,438.6303,0
336.8368,533.5906,0
374.7924,439.0073,0
349.8273,437.881,0
405.7036,470.6463,0
358.3883,480.1505,0
329.452,501.4981,0
357.1533,461.8171,0
327.9087,439.4454,0
373.6812,447.4243,0
365.5895,451.4636,0
341.7199,449.7848,0
355.374,456.0079,0
383.9653,464.6514,0
409.5174,467.8286,0
360.9045,459.0735,0
331.231,455.2277,0
313.486,404.8708,0
311.1347,455.1759,0
358.8378,440.6478,0
365.2379,432.704,0
335.7357,433.0392,0
374.3571,440.821,0
363.6,449.49,0
355.962,440.5064,0
382.8172,468.4083,0
371.0913,429.1449,0
300.4528,521.0045,0
328.2121,444.1136,0
348.9619,488.0344,0
397.6651,439.6802,0
353.1993,441.2225,0
326.7684,466.0399,0
363.6909,541.9107,0
354.0357,445.8745,0
291.2593,472.2708,0
347.7357,506.787,0
363.9254,424.4567,0
369.2858,494.7567,0
308.009,493.4161,0
374.7888,455.624,0
383.889,421.8681,0
311.8017,489.7924,0
323.452,500.1719,0
369.7369,503.683,0
337.1935,455.1721,0
425.9548,490.8179,0
332.6001,487.4373,0
318.8685,497.3633,0
393.4052,476.3986,0
368.1598,459.4656,0
305.6476,506.3331,0
351.7269,440.1715,0
352.4083,434.2741,0
365.1212,380.1155,0
346.0672,412.2702,0
388.7623,439.4122,0
300.7214,447.8364,0
362.9985,515.1876,0
392.6725,426.0024,0
408.5145,466.2598,0
335.916,452.1366,0
379.5013,448.1414,0
354.2953,447.8082,0
325.4944,475.298,0
360.8609,481.6903,0
352.7972,466.3218,0
322.2817,502.4758,0
372.4884,426.1235,0
349.0488,458.0778,0
313.4564,464.4821,0
368.0505,455.2746,0
389.0028,480.9112,0
335.0602,470.4427,0
355.1064,435.1743,0
289.9409,545.2302,0
326.9953,516.8681,0
336.9077,515.6614,0
356.9311,412.8365,0
371.644,488.7337,0
384.6398,484.5606,0
411.6996,431.8319,0
334.5257,468.566,0
408.5962,422.481,0
396.9391,478.2468,0
319.2149,477.3369,0
365.2275,447.0075,0
370.9708,498.8644,0
365.4079,495.8927,0
358.9983,489.544,0
355.6063,440.4937,0
371.4265,453.2843,0
350.1438,435.894,0
346.5126,442.664,0
386.8626,432.1148,0
337.3408,428.4832,0
387.2621,444.4131,0
353.8059,440.1671,0
398.7919,454.7615,0
372.3861,489.6578,0
334.8475,513.9592,0
330.0798,465.7198,0
338.4304,487.8164,0
322.5391,496.183,0
331.6986,458.786,0
383.0857,381.6768,0
400.1078,453.4369,0
355.6411,503.4147,0
362.6239,458.7781,0
358.3632,454.9763,0
317.6504,466.3594,0
360.7276,417.658,0
400.0439,464.0363,0
314.7851,520.2848,0
385.8914,393.7422,0
315.712,532.8011,0
343.2024,459.8878,0
305.6589,530.1256,0
359.4225,442.3854,0
310.7061,466.6548,0
285.924,408.1379,0
386.8889,442.6985,0
356.9857,440.4032,0
396.1896,466.4451,0
329.5453,452.0968,0
379.0362,448.6459,0
363.872,423.7523,0
370.6834,456.9951,0
373.1458,457.5361,0
400.7435,621.6434,0
338.8117,454.7255,0
410.8319,420.4447,0
347.5107,453.8609,0
341.8851,479.6352,0
374.6701,508.8423,0
361.1287,428.3135,0
340.9142,476.1759,0
378.9701,459.3148,0
414.6988,472.4722,0
361.7295,465.348,0
422.5628,409.7103,0
338.7426,486.0298,0
329.0739,423.8764,0
317.0579,497.303,0
354.1021,476.9915,0
374.5106,474.4101,0
373.4655,434.8629,0
368.6157,412.0669,0
378.317,416.754,0
403.739,425.2465,0
407.1406,477.4857,0
383.3098,447.6933,0
336.8052,460.4332,0
386.7303,409.7355,0
355.9743,476.2927,0
327.6942,478.6277,0
367.0108,454.3688,0
367.0903,508.4626,0
368.9672,461.9652,0
357.8215,469.5518,0
382.8761,466.0009,0
379.4037,499.8181,0
309.3718,426.6928,0
325.0455,518.5095,0
318.9036,434.5994,0
355.461,464.2582,0
357.223,458.6351,0
370.0945,479.1854,0
341.9188,439.6394,0
334.5723,458.9904,0
367.6363,491.2206,0
363.5868,445.1316,0
358.3764,428.3885,0
343.8454,473.6466,0
289.3176,522.5332,0
363.6058,473.5177,0
367.0118,454.4457,0
362.8384,446.4325,0
320.9792,441.1413,0
405.5594,465.5334,0
312.0189,500.6685,0
389.0159,433.3568,0
319.9898,493.7979,0
378.1604,416.9354,0
337.411,493.2223,0
362.5244,439.2686,0
372.5872,466.4676,0
338.518,484.3375,0
368.7241,518.4069,0
342.2446,508.0487,0
334.6613,490.5362,0
403.2366,448.7364,0
400.0025,415.3126,0
334.6906,468.0106,0
335.9072,455.0914,0
371.2407,437.1851,0
360.2731,439.1471,0
348.0233,440.795,0
378.5815,486.509,0
379.5615,424.0941,0
347.9134,396.1338,0
331.4207,530.636,0
370.4636,437.6359,0
355.1399,520.9703,0
375.8028,490.9714,0
389.6611,435.0399,0
395.308,449.3166,0
337.9603,464.2267,0
349.3776,429.7334,0
370.9968,503.5818,0
364.155,450.8643,0
370.3989,432.9505,0
380.8455,411.6971,0
341.0565,473.411,0
328.9718,450.9194,0
342.6215,438.7156,0
367.0435,410.3956,0
364.7598,476.5145,0
379.8573,464.251,0
423.3215,453.0263,0
304.9207,438.9717,0
318.7241,533.4756,0
298.5329,480.14,0
324.1386,478.2209,0
373.5219,475.2572,0
331.5918,439.0363,0
367.6165,424.4294,0
350.036,448.2396,0
363.5527,478.3709,0
381.1871,460.053,0
329.3172,464.7584,0
321.3948,583.5103,0
318.8849,471.191,0
312.3459,557.3721,0
333.1547,431.3517,0
377.092,463.1108,0
345.9377,459.8735,0
348.9969,486.998,0
350.7224,485.7977,0
376.7597,451.8206,0
333.0071,487.9823,0
374.3905,423.9326,0
351.9937,501.2262,0
345.7025,436.369,0
363.2094,412.199,0
393.8824,397.3432,0
377.1039,445.2927,0
402.2645,485.242,0
363.6005,508.074,0
354.5555,467.082,0
308.7541,492.1115,0
334.0035,476.5331,0
385.588,505.9278,0
397.3827,447.7071,0
349.2005,416.9816,0
407.7777,377.0859,0
404.8351,446.256,0
314.5427,430.3214,0
337.21,441.1349,0
384.6621,476.7564,0
341.7123,499.2799,0
317.9665,502.3088,0
369.2493,419.8036,0
398.6287,405.8123,0
395.6373,438.9189,0
348.923,442.3033,0
377.6554,541.0213,0
369.5013,523.1414,0
373.7894,500.6954,0
410.6983,460.5302,0
412.0776,424.2016,0
356.0698,477.8925,0
350.0986,430.8331,0
327.4664,452.7476,0
373.8427,523.5286,0
396.6431,426.945,0
310.2189,458.8775,0
346.6399,530.0142,0
367.1762,449.9377,0
364.847,396.7593,0
329.2025,498.332,0
370.1161,528.3572,0
355.5038,413.4145,0
318.077,495.6118,0
322.3961,458.43,0
361.2686,484.8739,0
348.5266,499.181,0
334.7591,512.4188,0
358.5292,449.4338,0
347.1309,454.6389,0
334.8095,405.0589,0
402.7629,407.379,0
383.5857,471.2073,0
342.8947,496.0886,0
378.8768,440.8836,0
365.6454,476.6981,0
394.2575,479.2345,0
352.9794,468.0546,0
355.9134,439.5743,0
327.2932,446.7891,0
387.1454,378.6907,0
347.5354,481.6212,0
369.1226,486.9011,0
370.6705,436.277,0
392.7594,477.6109,0
362.3342,378.9516,0
440.5154,417.6241,0
371.5215,495.9164,0
342.0363,424.9677,0
341.7477,448.6591,0
354.8356,448.385,0
364.722,440.0586,0
393.2578,442.8677,0
409.1237,406.561,0
333.3886,445.7239,0
355.3995,473.0807,0
367.4148,469.2576,0
337.2337,477.7607,0
357.6096,458.8917,0
356.4314,458.7929,0
343.8195,433.2253,0
323.5319,384.4729,0
352.5661,434.8752,0
379.6392,478.3336,0
376.4078,443.4315,0
358.5113,459.3272,0
364.0142,469.3981,0
373.5366,460.5539,0
415.8264,452.0251,0
337.6108,492.2705,0
338.2964,457.5879,0
350.3788,552.8488,0
324.2484,477.1671,0
392.3047,443.5383,0
387.673,461.6604,0
398.9586,454.4995,0
430.8662,480.6057,0
300.1831,498.983,0
354.3901,471.3257,0
325.9302,451.0011,0
366.7394,405.7259,0
439.525,457.5023,0
371.425,462.2683,0
378.1176,426.2692,0
404.8665,468.7258,0
378.66,372.6123,0
331.1866,476.6612,0
289.5535,527.4708,0
391.7659,439.9987,0
353.6027,473.7366,0
364.6669,479.6353,0
363.3418,455.6004,0
354.3035,501.0916,0
324.6505,443.2222,0
322.4379,472.1547,0
369.0329,479.5378,0
363.6781,452.837,0
376.9961,483.9451,0
338.8299,438.5178,0
401.7564,426.869,0
359.4603,474.0679,0
345.6936,434.8361,0
307.6695,532.8312,0
367.1356,412.6587,0
383.6302,455.8401,0
367.975,507.6879,0
343.2779,503.9861,0
296.7472,523.5464,0
385.2921,436.8691,0
377.7041,398.3429,0
357.5923,529.2284,0
353.8433,402.4936,0
330.0276,400.7667,0
334.524,507.9675,0
358.5522,388.3874,0
377.0657,443.2896,0
391.2743,423.7712,0
393.6841,425.4185,0
375.3938,464.9592,0
375.0731,435.1523,0
367.4981,515.6713,0
393.8279,414.1907,0
386.5195,428.655,0
357.6515,466.5303,0
350.236,478.543,0
361.3375,524.9117,0
385.6746,447.0219,0
328.7751,485.1444,0
306.6676,485.0101,0
349.9413,501.5342,0
343.5632,470.0392,0
310.0053,493.84,0
364.2153,445.2794,0
381.2282,388.0002,0
395.806,426.7553,0
341.643,531.4559,0
390.3557,488.3022,0
332.7326,491.9737,0
357.5422,484.6663,0
377.9676,485.1667,0
360.862,516.0577,0
359.2582,428.7874,0
364.4004,474.3104,0
394.9679,478.0533,0
360.331,427.8807,0
344.4001,450.4237,0
325.6144,525.3341,0
355.652,492.9188,0
353.6041,398.3895,0
361.7144,454.2977,0
342.5081,443.1186,0
383.2428,437.5014,0
348.7915,458.8786,0
350.7136,446.9258,0
372.9074,468.1013,0
393.2913,474.1265,0
356.7343,397.5038,0
400.0458,415.9778,0
319.6994,446.3073,0
340.7102,473.738,0
324.0925,455.2007,0
373.1035,443.0029,0
341.7113,474.2856,0
353.1418,478.4128,0
353.2988,458.2575,0
400.9626,472.9336,0
369.8979,464.6575,0
388.4892,435.9173,0
371.2626,499.216,0
345.3949,438.8439,0
379.5806,500.0837,0
383.8026,430.1089,0
343.5768,444.7729,0
382.1667,472.6267,0
373.5296,492.4341,0
382.7318,497.88,0
370.1229,445.9652,0
353.9553,493.0638,0
348.7032,425.9908,0
320.3207,428.7501,0
349.3696,495.0875,0
368.1389,432.5713,0
374.5406,476.5282,0
340.595,459.5558,0
386.4976,388.3777,0
354.0647,458.1949,0
361.7419,439.9158,0
361.348,421.2213,0
361.8732,483.7511,0
338.4387,440.3287,0
384.3615,402.4631,0
317.0203,478.6497,0
377.2742,417.0712,0
359.8018,475.915,0
353.2212,431.3975,0
337.0438,425.0511,0
348.0836,426.7856,0
348.671,464.6516,0
353.0567,461.2981,0
326.0304,498.528,0
407.2399,429.9619,0
388.8828,424.6078,0
354.3723,448.0866,0
379.1487,468.7201,0
340.3667,416.5143,0
360.5225,455.2815,0
357.9786,467.3262,0
333.0992,424.9214,0
338.0013,497.4992,0
326.8413,443.434,0
384.4553,481.7282,0
340.928,401.9401,0
318.9142,526.1225,0
319.7752,423.8973,0
370.8208,484.4675,0
378.1361,470.8092,0
316.9958,461.2769,0
351.3881,505.6218,0
371.3659,536.7455,0
346.21,497.6958,0
406.4064,416.6224,0
301.568,432.9338,0
364.1403,444.932,0
344.9305,436.297,0
385.0475,478.3669,0
298.7137,432.4285,0
364.761,457.2639,0
394.9108,431.5073,0
354.3672,448.7707,0
384.0438,416.864,0
352.6911,462.6569,0
351.5305,467.4642,0
350.4203,485.4493,0
371.9037,481.3129,0
380.285,432.4829,0
348.0452,468.72,0
339.8592,441.083,0
338.8559,460.6211,0
362.2531,403.1872,0
358.8019,433.9763,0
365.4188,423.4636,0
299.7938,502.8433,0
333.3206,505.9401,0
346.6323,426.2088,0
349.2886,533.4351,0
301.7599,455.7513,0
329.6115,483.5917,0
377.7465,484.3943,0
400.4202,430.7104,0
372.2047,456.0412,0
341.5942,470.8063,0
412.526,406.3613,0
330.8738,503.2982,0
359.2996,479.6578,0
354.4879,460.6779,0
353.2355,462.2947,0
377.0912,523.9666,0
310.5431,509.2078,0
347.5215,421.1656,0
349.8002,443.3503,0
388.3187,450.5963,0
335.9536,482.3884,0
371.6533,523.8561,0
374.2633,459.3952,0
383.9104,451.196,0
398.2144,503.2592,0
373.8721,409.3553,0
347.785,477.123,0
347.287,422.0259,0
329.1588,430.7231,0
350.5393,463.4916,0
326.2239,456.6188,0
370.004,456.5843,0
355.4517,410.3215,0
361.3171,490.951,0
386.2849,461.8351,0
367.0599,446.3984,0
318.0877,401.6831,0
349.7343,479.126,0
330.4516,443.4129,0
319.761,478.4672,0
340.6347,463.9282,0
333.519,440.6414,0
333.5851,422.8526,0
350.1596,453.187,0
344.0936,487.6875,0
320.9195,439.0851,0
264.7856,467.2766,0
384.6359,422.9736,0
369.9286,456.0336,0
331.6246,478.9687,0
349.5479,521.9563,0
350.2911,383.4246,0
366.0108,476.2299,0
319.9131,471.4781,0
375.4533,455.6307,0
379.7015,456.1536,0
315.5242,471.1766,0
334.4828,487.5842,0
345.2883,539.1093,0
377.3185,439.1893,0
338.3278,422.3128,0
368.666,473.0833,0
314.4302,460.2187,0
320.0999,470.6903,0
375.9861,437.0154,0
336.0368,492.5964,0
392.2412,514.0145,0
390.6469,513.361,0
353.7206,438.2163,0
367.5292,489.3964,0
336.1523,471.0855,0
348.2548,457.0058,0
398.3513,485.0004,0
362.9262,472.1858,0
377.5147,394.1705,0
351.105,447.5497,0
367.636,527.816,0
332.0952,425.0709,0
343.4709,457.9909,0
361.5461,473.679,0
337.4851,463.9265,0
385.1241,438.4818,0
376.8615,453.9621,0
372.5445,437.8127,0
390.1393,498.7595,0
353.4058,420.333,0
375.0749,429.0616,0
342.5604,442.2445,0
381.7148,420.9741,0
356.5534,440.5901,0
348.8364,524.668,0
315.6714,477.7407,0
293.0379,549.9866,0
362.9871,433.6209,0
374.3325,459.1763,0
318.5577,451.6263,0
374.2832,471.5454,0
349.1992,443.0386,0
375.2052,548.2775,0
354.9999,467.755,0
350.78,473.7035,0
343.9077,423.0982,0
360.6404,389.5262,0
373.215,483.9263,0
407.8102,411.3304,0
366.1509,484.7216,0
336.3599,436.4206,0
346.8347,470.0589,0
377.1627,472.1002,0
401.6044,484.8802,0
336.1828,468.536,0
352.08,426.1234,0
328.7016,473.5745,0
367.1844,438.204,0
368.6509,362.7924,0
410.9174,427.259,0
355.6424,480.4319,0
341.3461,466.6754,0
335.5669,491.59,0
320.348,471.7975,0
370.7147,475.8221,0
350.1477,505.0398,0
361.7581,516.1539,0
339.052,462.2095,0
336.4091,498.8254,0
374.5145,437.4577,0
362.9718,484.8224,0
368.7472,459.7252,0
351.0566,451.7069,0
309.8489,442.1492,0
337.6334,442.0081,0
378.145,424.8145,0
342.6526,463.2357,0
338.3713,394.187,0
329.8631,469.8189,0
346.0013,452.6329,0
364.3958,456.7316,0
412.9678,381.9282,0
331.0113,464.1258,0
333.6168,452.0726,0
337.1833,455.935,0
342.1261,468.5571,0
389.8327,486.8422,0
369.6392,486.0157,0
422.0669,430.0653,0
375.9951,467.7659,0
304.0818,512.3629,0
357.7547,455.8005,0
321.126,449.3599,0
353.4237,517.9221,0
351.7986,451.7852,0
355.7056,492.53,0
376.0037,428.1185,0
322.7563,514.9316,0
350.2462,457.0653,0
317.1455,427.2284,0
357.1982,484.869,0
347.0935,475.1101,0
332.6732,513.2063,0
318.2899,463.062,0
401.0301,437.6887,0
345.4275,437.2482,0
333.7589,458.105,0
385.2564,478.7626,0
306.5481,461.8164,0
369.5911,444.0162,0
333.0024,431.6536,0
299.7853,504.1007,0
384.912,424.297,0
383.3417,479.4475,0
368.784,408.433,0
345.6301,505.8611,0
350.1982,465.619,0
345.8318,480.9798,0
372.9985,454.4453,0
344.1469,421.2167,0
336.9244,486.936,0
375.8334,460.9107,0
345.2299,532.4814,0
365.3027,477.4295,0
319.6222,480.4156,0
354.9436,434.4779,0
378.7982,505.1581,0
353.9846,450.9439,0
378.6641,466.3287,0
354.5103,455.7394,0
389.3479,428.7742,0
334.5089,484.2348,0
372.8544,426.0057,0
348.2179,442.0912,0
336.9978,496.543,0
330.0624,514.3171,0
340.2114,519.8253,0
347.5033,472.1599,0
417.9272,456.9711,0
366.0214,393.1418,0
310.7347,506.9394,0
321.7315,487.4233,0
382.7615,439.8354,0
372.3684,507.1927,0
333.1659,496.6878,0
350.6514,428.485,0
353.4176,458.2141,0
376.2665,461.0284,0
383.5316,468.2154,0
394.0842,465.3333,0
316.6672,485.5013,0
369.7844,462.2945,0
366.3427,469.9632,0
372.3879,427.4659,0
388.7163,419.3176,0
344.9513,469.0294,0
383.052,533.1439,0
334.9205,438.2737,0
366.7874,482.8564,0
299.7511,411.8192,0
355.0895,442.892,0
383.8927,468.8152,0
382.6987,481.7639,0
338.4269,458.9506,0
359.3388,460.813,0
338.694,515.0143,0
326.8963,407.9686,0
352.6874,409.9618,0
350.1614,441.4525,0
328.9719,485.4107,0
385.6929,424.3459,0
312.7779,478.8411,0
386.5885,432.3395,0
382.2337,468.2981,0
400.2508,443.8997,0
387.2778,414.3271,0
377.0592,426.2397,0
365.355,458.0121,0
317.2887,481.0369,0
338.4417,474.9485,0
360.1469,409.9416,0
362.6225,455.9765,0
317.8569,462.0851,0
385.1268,445.878,0
368.6433,445.4675,0
378.1601,470.0733,0
282.6271,473.246,0
357.8479,412.5648,0
390.0575,412.9577,0
347.455,509.6897,0
390.4512,427.0009,0
338.9417,457.813,0
381.1362,402.4943,0
326.9472,451.3862,0
322.6262,456.484,0
361.2023,446.1374,0
354.6859,517.3488,0
351.9041,464.2487,0
371.3809,461.6114,0
347.0357,428.553,0
363.12,538.8492,0
371.5732,385.3589,0
347.6689,484.6991,0
362.2941,568.0205,0
406.3574,428.1489,0
375.2929,425.1166,0
390.0987,480.532,0
398.5535,451.2017,0
361.2601,444.8634,0
352.4046,418.0715,0
352.8639,377.7934,0
337.9091,505.6156,0
390.9571,492.475,0
364.5431,512.533,0
414.2896,509.3746,0
384.6332,442.7619,0
320.4601,504.2708,0
370.593,456.8192,0
400.9101,455.2973,0
347.6315,518.2682,0
318.4726,447.362,0
331.1616,497.9544,0
356.3411,458.6836,0
351.2043,496.0629,0
330.8491,449.1885,0
374.5121,440.2637,0
408.0747,472.4454,0
365.0449,496.1257,0
320.6411,446.184,0
377.8475,414.8309,0
364.8698,480.4902,0
374.3558,437.612,0
340.3294,509.0482,0
361.4077,493.4664,0
349.647,451.3003,0
333.673,460.9391,0
374.7422,393.3003,0
418.2242,461.4103,0
357.1632,472.069,0
370.7308,463.7659,0
343.9236,643.1696,0
364.1314,432.0327,0
334.6782,428.9258,0
349.4483,443.8181,0
357.2195,478.9089,0
380.1909,462.0107,0
368.9312,461.8156,0
356.4746,514.7193,0
378.6765,463.0589,0
356.7486,462.9303,0
318.2156,458.2047,0
340.6459,444.876,0
395.3175,450.8051,0
370.2392,473.1431,0
381.8098,467.4047,0
395.4152,436.8837,0
421.2544,450.3835,0
360.0372,432.0756,0
404.4744,403.7248,0
364.9628,435.6564,0
364.7806,461.1686,0
346.7285,484.3157,0
350.1967,481.7205,0
295.9936,482.4043,0
345.5109,395.7297,0
365.9943,435.7209,0
331.3011,473.1841,0
388.9248,471.8436,0
361.9614,485.229,0
331.0762,455.0184,0
384.8817,427.3509,0
416.9581,395.8826,0
345.2305,423.5815,0
331.279,489.9291,0
359.6469,446.8728,0
347.2624,467.2963,0
330.4446,482.3809,0
343.5269,530.2629,0
351.6619,420.5549,0
307.2998,484.438,0
314.6066,531.4095,0
327.3189,482.4965,0
356.6359,453.0768,0
378.4375,425.8234,0
355.4691,460.1022,0
294.5664,489.9686,0
337.1999,437.0245,0
375.3512,413.1542,0
350.9478,442.6602,0
376.1209,525.2598,0
406.4605,494.0271,0
347.4608,477.8994,0
348.7072,470.4564,0
399.9702,517.9557,0
352.7139,457.0833,0
327.4979,439.641,0
353.2695,495.2485,0
328.4733,515.8865,0
377.8393,488.188,0
349.6002,492.4731,0
340.8508,442.8852,0
370.693,449.2311,0
336.1469,466.0795,0
379.7128,469.4791,0
353.7002,401.505,0
386.7148,575.9641,0
392.0528,441.6511,0
362.0455,464.0944,0
417.5159,584.27,0
343.5673,383.2927,0
367.6491,458.1487,0
348.0446,417.299,0
362.7393,447.4376,0
344.6726,473.2759,0
332.241,475.0466,0
330.2316,507.8364,0
378.7613,439.2095,0
372.944,437.9931,0
359.4724,454.5154,0
338.1686,481.8559,0
371.6652,391.8777,0
309.3437,469.2725,0
334.3661,457.7059,0
309.0717,446.8051,0
345.117,421.2968,0
359.8965,453.2662,0
366.2882,449.3578,0
376.7373,422.0333,0
349.9795,447.5998,0
346.653,492.7371,0
363.4635,475.2499,0
365.5311,436.7277,0
320.6982,469.4072,0
337.8802,460.9477,0
371.1653,470.7106,0
352.9427,449.6321,0
328.9279,455.5178,0
376.8262,446.3649,0
388.0923,425.9496,0
363.8418,506.8325,0
374.9115,486.7002,0
386.7588,499.4259,0
329.1573,448.2935,0
325.3067,541.7308,0
376.9139,395.7141,0
394.6319,486.0697,0
416.5174,451.141,0
363.466,506.6794,0
408.929,495.0543,0
367.7264,426.6476,0
344.9542,509.629,0
308.179,453.973,0
346.0694,458.1785,0
335.6259,469.6424,0
382.0849,438.808,0
383.4363,417.8868,0
294.9479,424.2263,0
367.9053,469.6855,0
391.8184,493.5231,0
364.4616,464.9139,0
336.3343,448.3233,0
370.3569,525.1526,0
354.8525,475.9916,0
405.0619,471.2964,0
407.0133,478.254,0
321.0934,504.0026,0
357.4921,438.4466,0
330.3415,421.6708,0
359.6562,433.4981,0
319.4791,424.0077,0
306.6394,485.6374,0
392.8388,415.5134,0
345.1042,468.2805,0
391.9384,481.6185,0
338.6537,439.2527,0
372.5966,441.3372,0
411.5233,442.7813,0
379.9692,443.6774,0
363.5142,468.1202,0
342.4677,519.9804,0
330.8041,478.6621,0
325.6171,509.2716,0
351.8921,457.5886,0
383.3928,438.1116,0
394.2923,439.6772,0
333.2776,462.9702,0
311.0483,453.8963,0
357.2774,457.9976,0
383.3415,404.2051,0
389.6229,475.1646,0
352.7843,472.0432,0
385.0903,401.9762,0
336.2735,537.7917,0
378.0794,466.9904,0
293.8184,534.5823,0
348.0723,405.1008,0
358.6663,419.9487,0
349.0793,468.1534,0
374.2816,438.0535,0
349.5467,445.1819,0
373.8626,486.176,0
351.4173,493.4099,0
343.1283,424.0797,0
296.4554,496.8506,0
322.0182,412.3014,0
338.4173,453.2608,0
375.575,457.3761,0
370.8583,441.2172,0
380.3203,422.541,0
379.481,422.0156,0
370.7515,441.2227,0
365.9506,481.8986,0
362.3871,436.0136,0
345.3574,473.266,0
349.0366,410.5735,0
351.257,410.7125,0
387.9008,470.302,0
368.199,492.6688,0
297.394,447.5643,0
360.5057,475.8151,0
374.4278,433.4341,0
347.9048,434.2798,0
332.3012,506.2142,0
342.6404,515.3801,0
339.9989,429.8437,0
296.7654,528.6429,0
339.3977,445.2548,0
381.2564,478.3588,0
353.0771,481.951,0
304.6624,457.7354,0
337.9645,389.0209,0
305.1213,480.0608,0
342.9243,443.9243,0
336.3771,387.5136,0
343.4964,462.0591,0
334.411,481.1934,0
376.3206,459.6413,0
357.2117,483.5964,0
389.2652,436.7404,0
389.1661,400.6371,0
300.8715,401.7993,0
394.7499,447.8609,0
336.154,446.1772,0
343.0813,483.1945,0
359.7216,495.244,0
340.9555,407.6575,0
328.1348,448.1022,0
339.5614,444.0878,0
375.4178,444.2022,0
352.3582,425.1182,0
342.7196,453.1796,0
380.5176,396.2637,0
354.3776,484.385,0
347.1133,473.7937,0
342.6892,485.5091,0
331.9634,469.736,0
311.1853,430.9873,0
305.0114,525.8887,0
377.0524,419.5076,0
337.9345,458.1266,0
337.2569,424.1762,0
337.1206,406.4817,0
354.6554,445.1397,0
329.816,457.5109,0
391.988,467.8502,0
389.4565,443.8646,0
319.1622,490.7716,0
320.0731,492.2871,0
384.4855,394.6827,0
350.2615,413.8304,0
356.0982,444.2489,0
355.1257,431.4378,0
403.7169,438.793,0
353.2967,498.1276,0
397.4565,429.361,0
337.5496,377.5148,0
372.2719,498.9825,0
338.2824,482.3224,0
341.9818,457.302,0
338.5406,486.8027,0
350.8122,446.2493,0
352.794,505.2256,0
373.8676,428.9964,0
327.0884,531.9891,0
367.6815,466.327,0
351.7779,467.9682,0
293.5869,487.5987,0
365.6562,436.5032,0
367.2253,460.8132,0
369.9284,458.335,0
371.7669,390.2367,0
353.301,468.4072,0
348.6663,454.668,0
309.7307,456.2036,0
361.7938,449.5865,0
343.2568,455.5022,0
367.5908,463.1469,0
376.5046,417.9329,0
337.6384,459.7029,0
344.0859,493.1938,0
339.2285,447.9328,0
316.813,491.1561,0
312.7146,417.2749,0
351.329,417.0428,0
386.6585,412.6512,0
322.2328,425.0949,0
338.7561,490.9551,0
376.1653,401.203,0
340.1609,503.0365,0
372.0091,467.2213,0
355.5158,474.2594,0
313.5475,436.5482,0
282.2285,451.5324,0
333.5433,490.9231,0
338.382,454.2108,0
349.4533,464.6909,0
358.9109,505.6461,0
373.7055,454.1848,0
368.6393,445.9602,0
391.5692,444.267,0
379.3848,447.6691,0
342.487,464.5832,0
372.6028,500.2066,0
273.0768,477.9664,0
302.0752,496.2396,0
381.5942,484.2231,0
358.2198,467.0995,0
346.4569,446.943,0
372.1591,456.704,0
361.3591,515.2272,0
349.8442,507.4543,0
359.0955,438.9337,0
344.549,508.9221,0
330.6642,481.6005,0
343.2353,488.55,0
354.4207,457.9586,0
293.6929,474.171,0
325.7276,395.6588,0
387.1035,502.5933,0
323.5191,494.4751,0
369.2946,489.0771,0
386.7304,476.1139,0
363.6791,449.2809,0
355.914,497.5547,0
330.7191,449.0054,0
337.4105,526.3772,0
403.4621,416.055,0
360.8195,469.564,0
334.0679,482.9495,0
384.1764,431.4276,0
401.7012,472.7125,0
363.1176,463.8409,0
365.2963,426.0333,0
345.322,487.6906,0
384.5338,498.962,0
364.364,413.8527,0
401.3598,425.3827,0
374.3883,415.621,0
359.6495,438.8585,0
407.7817,490.3358,0
328.999,496.8255,0
362.7747,449.835,0
362.1366,408.8383,0
290.1245,484.7382,0
354.7374,480.0113,0
353.629,429.8133,0
364.5324,425.8996,0
370.8845,492.6554,0
386.9543,398.3163,0
380.2662,436.2672,0
363.4976,453.746,0
393.9487,440.7088,0
350.8866,490.8282,0
362.2886,408.7827,0
393.4617,406.4273,0
360.4455,462.234,0
328.3719,491.369,0
378.1161,384.6949,0
354.2365,446.9503,0
373.9221,415.6136,0
344.8022,464.4507,0
408.8056,466.8182,0
351.9266,482.0169,0
352.4201,426.554,0
317.7153,453.5088,0
338.2704,480.2605,0
353.7548,433.7216,0
332.054,474.7797,0
348.9636,471.2813,0
331.1879,491.3305,0
328.4626,510.9834,0
376.7007,503.4968,0
339.7461,423.8643,0
323.9419,488.6821,0
389.028,511.6899,0
349.1279,455.3368,0
318.6277,468.3341,0
378.1071,459.4182,0
417.5373,408.9966,0
309.5587,426.4117,0
345.1263,465.7992,0
356.5464,497.1125,0
321.9579,474.3953,0
313.0408,479.05,0
387.116,512.6082,0
336.998,468.4163,0
349.0203,442.4245,0
374.2064,447.1804,0
278.9287,443.2452,0
318.1149,433.2954,0
352.65,489.5476,0
317.7863,431.9326,0
401.7173,441.0065,0
318.3037,426.311,0
323.7426,494.8552,0
380.4877,394.1819,0
363.9532,446.1307,0
331.1296,491.3302,0
369.871,448.8334,0
360.48,462.2894,0
363.3362,435.6651,0
364.5302,446.1299,0
379.0567,445.1761,0
345.0191,449.6348,0
374.9878,490.8662,0
366.3663,413.483,0
327.2712,455.966,0
345.638,465.3122,0
301.3501,501.7924,0
373.6523,501.0355,0
347.1189,430.4045,0
338.3649,483.9244,0
344.9199,456.6868,0
353.7815,449.6805,0
304.5526,506.2501,0
358.732,468.9694,0
306.4562,408.19,0
379.9334,468.2382,0
328.7925,438.7372,0
364.1387,444.6811,0
363.2927,473.945,0
363.0636,456.6223,0
314.4883,467.3432,0
346.4202,395.8809,0
347.1286,468.7841,0
340.7431,461.4581,0
378.9744,430.731,0
339.393,362.0811,0
376.8057,434.5037,0
336.5613,502.4313,0
346.7769,482.7881,0
371.5606,449.9989,0
363.6802,390.4065,0
343.2067,490.7294,0
383.3424,482.5361,0
397.6875,455.6131,0
371.2714,418.8806,0
356.0226,401.9709,0
360.4389,434.5113,0
367.848,447.0789,0
376.509,404.8118,0
299.2643,535.2788,0
368.5515,478.5193,0
359.095,426.0141,0
378.9337,427.4631,0
322.4178,456.2883,0
328.8896,493.7263,0
382.0634,512.0806,0
360.4886,406.6988,0
385.8503,433.4406,0
346.0922,488.2104,0
338.8054,460.207,0
343.2802,409.9071,0
341.261,401.4089,0
321.8502,508.1355,0
335.0967,436.2548,0
373.108,441.9922,0
371.4724,509.6644,0
404.6874,471.2596,0
342.2879,490.0705,0
372.519,446.7856,0
340.2574,454.8907,0
371.5126,437.5192,0
352.6507,478.8208,0
352.7532,440.157,0
347.7037,520.6186,0
344.0693,505.3668,0
323.3314,460.2497,0
338.1225,471.5703,0
313.0102,465.5894,0
391.5668,486.1103,0
367.8923,478.6903,0
310.5632,457.4392,0
300.8513,470.5828,0
330.569,419.334,0
343.4187,472.2025,0
348.1115,393.9436,0
352.154,473.6271,0
345.3198,479.2078,0
335.8228,497.7745,0
368.576,487.0859,0
366.0951,415.6904,0
332.1785,413.8572,0
310.0894,420.9545,0
376.6325,446.6677,0
337.6047,465.8344,0
368.2985,483.6947,0
354.2077,502.7453,0
366.8411,435.6415,0
350.587,465.9181,0
346.1675,446.8907,0
337.7064,419.7496,0
332.378,525.2043,0
399.0153,453.6962,0
376.81,521.3987,0
323.2246,496.9807,0
370.1677,367.7191,0
332.0858,397.898,0
410.81,490.951,0
388.8248,407.1047,0
354.2567,364.3839,0
324.0433,439.7132,0
390.246,468.8318,0
359.7857,474.4743,0
372.5721,475.3191,0
360.4542,523.23,0
313.0567,448.9244,0
333.0403,481.077,0
356.4669,442.0011,0
326.35,538.8298,0
372.8335,473.1591,0
333.8141,445.6394,0
383.897,514.3741,0
329.4438,448.787,0
364.563,406.6926,0
386.9942,442.673,0
312.7304,450.1743,0
367.4975,468.6675,0
334.2238,452.0802,0
373.2172,447.4984,0
371.2349,461.0953,0
351.4523,453.406,0
385.0809,440.487,0
351.2363,485.5978,0
364.2274,422.2907,0
349.1835,481.5132,0
381.1921,449.2993,0
339.6028,483.2823,0
345.3196,494.7116,0
378.2275,481.2729,0
334.472,480.8498,0
341.1042,439.748,0
334.3021,463.6889,0
371.6022,476.2547,0
363.1798,468.0836,0
341.6081,410.5207,0
346.8586,514.8331,0
384.1478,429.9674,0
346.7055,432.8969,0
367.4745,448.2161,0
363.829,450.8282,0
337.8287,483.9671,0
348.6954,406.6127,0
350.2186,435.1895,0
357.2348,504.1935,0
345.0227,500.7035,0
356.6904,496.6524,0
357.8137,405.4915,0
364.411,519.7814,0
359.3944,532.4895,0
358.7948,503.609,0
386.6099,481.6436,0
348.4994,452.5915,0
396.3842,433.0047,0
380.1152,521.2042,0
333.0248,456.5134,0
344.2954,471.491,0
355.1164,440.2774,0
340.6452,474.7848,0
360.678,475.0316,0
353.7816,466.6267,0
336.5793,526.1366,0
344.3001,472.6926,0
360.881,452.0261,0
322.7538,429.8484,0
357.1907,465.3104,0
364.3666,518.9877,0
355.4979,513.433,0
386.29,468.7332,0
353.9381,435.9866,0
371.4639,463.0195,0
355.4907,484.146,0
355.3525,432.3037,0
307.7255,467.7017,0
393.0054,472.844,0
330.0403,487.7628,0
385.9279,450.2023,0
380.1412,364.0195,0
367.67,516.8551,0
346.6881,513.4543,0
356.0899,469.5609,0
385.018,443.2228,0
394.1741,453.8455,0
349.2719,471.6496,0
395.8932,425.9754,0
374.0894,517.7259,0
364.9553,394.4173,0
372.058,523.4293,0
337.5516,438.0839,0
302.1306,499.4448,0
356.6675,523.5588,0
375.2938,414.3925,0
400.6866,376.1177,0
343.0786,444.976,0
346.5075,474.4806,0
378.7936,519.4426,0
337.5952,482.0925,0
369.0846,452.3625,0
383.7665,467.9327,0
379.3635,388.1908,0
361.8548,451.537,0
320.7266,438.2722,0
317.892,531.6926,0
308.4333,457.681,0
368.1884,424.1055,0
361.3738,406.1322,0
375.5707,421.5225,0
321.0667,452.7144,0
378.3125,444.9869,0
373.6711,464.134,0
359.1476,443.5427,0
382.3567,443.236,0
283.8976,456.1846,0
340.8269,463.0991,0
325.6927,442.5489,0
320.3463,500.2968,0
377.3926,466.9325,0
342.6858,477.9993,0
369.8784,429.0001,0
399.2702,431.0402,0
372.0088,439.8448,0
381.0242,457.6434,0
365.8833,486.3485,0
371.7516,482.6251,0
377.9482,457.5969,0
323.7794,507.1727,0
317.7806,473.64,0
342.5353,424.7872,0
367.486,534.0635,0
373.705,470.2399,0
393.212,516.6727,0
377.8916,455.7213,0
376.5458,440.6702,0
374.0311,449.0699,0
353.4413,417.4269,0
371.689,452.8822,0
333.5752,445.7042,0
376.5641,464.1188,0
330.1837,476.6329,0
348.384,474.8503,0
369.1892,454.9515,0
367.2803,463.7416,0
349.8904,437.6762,0
357.0129,435.6799,0
331.6152,421.032,0
372.5188,496.1661,0
340.9761,469.7628,0
297.0037,503.6957,0
364.2172,484.403,0
370.1467,440.0844,0
300.6016,493.4686,0
373.7271,396.9268,0
309.7765,482.9054,0
339.3864,460.0136,0
354.6402,480.9998,0
387.2999,414.1236,0
353.9637,495.4459,0
323.6783,479.0084,0
328.9822,422.9297,0
379.9438,461.5809,0
351.9838,488.1934,0
353.894,433.1706,0
385.8806,467.7955,0
412.1566,427.4202,0
326.5055,464.6561,0
378.792,466.206,0
329.0966,456.569,0
368.7819,414.5797,0
365.0948,429.0702,0
325.7143,467.8947,0
305.2273,508.7231,0
410.6697,394.6295,0
358.8285,452.3251,0
326.42,418.9368,0
429.3416,580.5139,0
330.0139,468.4156,0
356.8678,493.9531,0
361.2536,447.4266,0
348.7351,420.422,0
369.2971,423.478,0
370.4025,415.7791,0
327.0507,441.2444,0
339.0496,488.7326,0
331.1825,423.0286,0
354.3561,476.4443,0
377.6965,469.1505,0
405.3499,464.8091,0
318.0498,449.6105,0
382.177,454.2566,0
375.4516,438.2781,0
390.6226,462.5715,0
338.2698,476.7751,0
328.0995,482.0256,0
342.804,435.9799,0
330.7202,459.2758,0
360.7083,468.9104,0
373.5914,435.1929,0
369.8306,418.8652,0
366.0569,399.5456,0
331.9228,471.517,0
332.0743,443.8146,0
346.0514,489.8718,0
356.3574,461.207,0
362.157,446.2357,0
410.5502,452.9558,0
366.2028,399.4949,0
379.2355,416.1945,0
330.2398,485.6116,0
340.2388,474.8892,0
379.4517,486.9976,0
330.6651,442.8823,0
354.5107,452.6863,0
359.0266,446.7471,0
375.3131,448.3255,0
344.8634,470.7687,0
331.042,480.2797,0
354.407,459.3992,0
309.9656,451.0605,0
384.3407,471.0884,0
389.2333,478.2772,0
389.7753,450.8194,0
373.5193,477.8184,0
327.0556,392.4393,0
388.6739,472.3036,0
371.409,436.9719,0
376.9525,441.0906,0
386.8512,442.6158,0
317.6229,432.1039,0
312.6324,430.7584,0
363.1133,449.4368,0
347.6833,452.9477,0
363.6461,482.6541,0
379.4389,400.737,0
408.9774,473.2728,0
381.3008,444.2113,0
382.3948,472.555,0
337.7816,425.9796,0
342.9035,421.3355,0
349.6389,440.087,0
345.0462,462.8705,0
382.6652,439.3969,0
343.6566,510.9436,0
353.5142,435.9946,0
375.1537,501.3194,0
345.259,434.1432,0
365.6484,442.1302,0
345.1972,436.0236,0
335.8334,455.532,0
372.4349,406.4236,0
374.3932,444.533,0
350.1749,439.9835,0
307.5699,453.8419,0
370.4756,487.8522,0
358.773,453.7876,0
359.7573,456.3858,0
344.2485,433.9621,0
371.3335,451.8055,0
390.0257,380.9158,0
381.667,441.4503,0
364.7125,404.5769,0
342.8372,417.9634,0
383.6375,462.233,0
384.591,449.2447,0
294.3661,512.8256,0
399.6909,423.4514,0
388.7161,410.18,0
310.4563,449.8968,0
347.0098,527.7487,0
314.8239,485.447,0
392.1438,461.3419,0
380.6236,436.1822,0
344.0931,516.9081,0
339.0251,506.9233,0
347.3936,454.5924,0
361.9759,444.1177,0
355.2148,469.7675,0
361.3199,380.6555,0
339.7196,447.1792,0
404.1612,455.3039,0
372.956,477.0431,0
386.1442,490.4144,0
375.0314,450.0423,0
362.8735,524.0625,0
353.1296,462.9883,0
345.9588,509.0331,0
388.9237,446.4154,0
355.3101,472.9285,0
374.1884,439.2229,0
392.5526,512.204,0
360.0185,403.6705,0
355.4251,483.2529,0
386.7203,416.308,0
315.4777,453.0253,0
415.3753,411.024,0
373.2147,475.7501,0
363.4869,393.5932,0
333.9383,479.1494,0
408.9454,469.1515,0
415.4974,427.2543,0
303.1494,501.5596,0
390.8507,430.3628,0
350.539,487.5262,0
353.924,415.8016,0
397.8229,447.345,0
324.7411,427.1779,0
362.1192,480.7955,0
356.4564,452.0182,0
345.6298,479.3579,0
389.3384,455.7354,0
371.5991,511.933,0
390.1948,419.4284,0
336.6932,483.8617,0
321.2922,461.8897,0
340.8911,470.388,0
376.1885,438.1689,0
338.3468,498.5984,0
392.1015,435.1337,0
404.545,461.7896,0
374.7603,457.1519,0
418.0167,423.5823,0
355.1453,451.457,0
369.7739,447.8459,0
369.0303,461.553,0
341.7683,443.9572,0
334.9038,429.1988,0
327.3813,450.1227,0
322.5498,500.0518,0
347.8734,491.4042,0
336.6474,476.7169,0
342.4278,471.5123,0
355.9896,425.3284,0
312.1135,472.9661,0
371.4233,393.9991,0
368.57,482.2752,0
333.6353,491.7045,0
305.9836,542.8221,0
356.6148,460.7292,0
369.0074,411.0511,0
321.369,473.5932,0
365.8197,462.6714,0
314.688,449.6533,0
353.5938,507.9498,0
394.7387,431.3507,0
347.3495,451.1869,0
390.3841,492.5155,0
363.4713,478.2354,0
350.5378,425.8391,0
386.2549,426.3702,0
317.2545,491.1055,0
361.0627,475.8959,0
355.2986,412.4701,0
358.356,475.7516,0
362.3889,522.3966,0
343.45,542.5016,0
352.3638,436.9227,0
311.4942,480.1897,0
349.0167,453.8026,0
404.8904,476.5651,0
344.842,446.7352,0
371.957,506.8248,0
384.2603,458.8812,0
383.7547,426.6934,0
390.4035,443.1265,0
320.6722,487.7737,0
356.3757,438.3719,0
328.3192,461.9299,0
330.1343,495.0173,0
341.4049,486.4964,0
347.0968,454.1808,0
319.5385,431.5284,0
379.6727,453.6738,0
303.8622,507.7625,0
356.8785,440.0009,0
369.365,456.688,0
364.9281,442.9271,0
318.5398,421.051,0
426.7359,442.063,0
320.3875,477.4255,0
365.4716,431.9478,0
342.0941,437.8094,0
387.2019,416.4371,0
352.2357,529.9028,0
345.1885,481.2981,0
312.3229,502.1638,0
375.6658,485.3641,0
360.5421,436.963,0
398.0162,418.3897,0
323.2968,475.6193,0
365.5356,454.0737,0
353.0616,434.1032,0
350.1829,487.3718,0
341.2953,464.4231,0
408.7267,462.3861,0
407.8107,491.8192,0
391.0846,379.1417,0
357.7751,434.6297,0
359.7119,459.2889,0
336.535,446.8603,0
380.2256,470.2334,0
365.7652,456.494,0
383.6124,445.2921,0
354.5417,450.0131,0
386.507,476.7019,0
356.1843,478.5073,0
396.4562,409.4311,0
356.0122,410.2387,0
347.2191,432.9974,0
395.1334,401.2919,0
311.421,469.5578,0
419.5627,466.9802,0
344.5983,474.7628,0
347.077,508.4586,0
408.8159,417.661,0
355.9852,451.6171,0
345.4828,420.0571,0
388.3146,508.0866,0
366.2757,430.3454,0
371.3439,526.0627,0
333.1895,461.9586,0
346.3074,457.4373,0
346.2632,429.5916,0
333.1688,478.1134,0
380.9037,433.3587,0
322.2411,455.9425,0
412.817,448.2619,0
350.2174,414.6946,0
352.4772,455.7171,0
394.2908,418.5226,0
371.4818,426.484,0
360.9088,414.6878,0
365.4155,496.2925,0
341.3951,449.4373,0
377.6796,431.2517,0
358.9011,465.8064,0
355.0706,404.1431,0
370.7455,462.9008,0
351.4604,529.991,0
384.9059,483.7313,0
369.3156,431.4274,0
403.3058,440.528,0
321.7599,386.724,0
372.4922,446.377,0
353.3257,473.191,0
359.8893,400.2131,0
323.7148,480.3388,0
349.4619,447.2881,0
290.4589,477.1287,0
322.333,477.5048,0
359.8524,452.5573,0
437.7599,542.1709,0
355.4014,481.2839,0
376.6533,418.2631,0
394.9458,502.7882,0
332.0945,482.8207,0
329.5894,485.9829,0
332.5206,450.8678,0
348.4019,395.5974,0
358.9199,429.8591,0
352.1714,476.2452,0
325.172,481.2951,0
334.034,503.3426,0
366.9835,435.0676,0
338.5802,446.9003,0
330.7495,453.3785,0
339.4068,459.3221,0
360.4599,467.9739,0
380.8108,497.6483,0
330.5535,478.3374,0
357.0742,402.416,0
367.8468,451.9697,0
358.7274,428.6906,0
383.5376,456.4246,0
353.0153,418.8988,0
368.463,437.4608,0
376.7352,413.0132,0
368.1262,441.084,0
376.2452,471.6416,0
320.259,427.8346,0
365.722,405.4538,0
403.2098,494.334,0
330.1625,506.4778,0
359.3986,478.0372,0
346.3309,512.2451,0
393.4105,476.608,0
359.8605,459.237,0
328.6586,481.7752,0
370.838,465.4968,0
374.1863,483.0057,0
358.498,471.5045,0
373.7856,437.5872,0
354.5787,452.1675,0
407.318,474.6779,0
316.5141,451.809,0
384.1327,444.341,0
358.8931,419.0904,0
402.199,447.1122,0
374.9283,500.5238,0
360.15,500.3042,0
372.9984,427.2819,0
354.1441,466.792,0
359.8193,424.584,0
356.6361,451.0273,0
321.4199,452.9671,0
380.8301,433.1335,0
401.3982,495.1503,0
346.8997,499.2945,0
403.4284,423.0679,0
333.8594,476.4471,0
384.1035,430.1208,0
348.9872,434.4912,0
391.8381,458.8134,0
370.9812,411.5075,0
319.9559,421.0271,0
322.7542,445.2811,0
385.6722,468.3246,0
389.0305,385.5164,0
432.5354,404.1835,0
340.3201,351.0046,0
330.8116,438.1189,0
345.5177,519.5431,0
373.1618,418.2806,0
320.5533,427.2131,0
361.1988,455.4465,0
352.2715,449.7092,0
329.4287,477.7408,0
360.0603,409.5258,0
327.7671,514.9369,0
377.5693,460.0696,0
337.6877,430.6984,0
356.8601,471.4452,0
318.0405,484.3756,0
327.1383,467.1158,0
330.6449,473.4092,0
378.8457,454.0624,0
359.2312,406.6169,0
350.0588,473.5548,0
371.401,432.4219,0
347.2346,449.4817,0
360.1261,456.6149,0
362.838,439.1655,0
351.9596,421.1646,0
331.1248,492.6167,0
342.7896,440.5342,0
336.2932,435.7811,0
337.8263,500.2262,0
360.1804,489.7178,0
345.723,495.7343,0
343.7379,493.7526,0
379.5872,428.9594,0
369.9145,449.007,0
371.2809,411.1785,0
355.7475,493.3691,0
344.4686,428.7403,0
384.4345,456.8476,0
363.6342,439.2759,0
325.9599,476.2023,0
365.2769,493.3114,0
369.1401,411.7137,0
377.7853,424.6918,0
354.628,418.0839,0
394.5103,447.8959,0
370.6539,472.772,0
335.2399,453.3585,0
392.7972,431.9492,0
349.2362,429.3845,0
387.6589,440.8839,0
350.5911,437.2222,0
348.5463,503.5546,0
344.7383,466.7868,0
376.619,448.6306,0
325.6661,489.585,0
337.0766,458.7229,0
354.8208,493.2046,0
374.1324,407.8488,0
376.8244,496.1118,0
355.1246,488.0247,0
381.1217,449.3903,0
390.7173,451.7294,0
320.4616,490.6131,0
359.2245,505.7208,0
321.9912,443.6395,0
340.1476,482.5598,0
338.875,487.459,0
333.1198,423.1493,0
340.1763,438.5464,0
393.2767,519.4546,0
394.7277,466.7451,0
342.9398,449.8823,0
359.7269,410.2974,0
380.6489,481.6451,0
366.9349,460.8821,0
354.4399,511.2292,0
297.801,451.6328,0
399.0654,398.7227,0
379.9041,402.4139,0
318.2318,423.6223,0
348.3295,460.454,0
337.0753,446.8731,0
325.1267,538.7058,0
358.0434,477.4672,0
369.845,474.8079,0
356.6493,455.3728,0
345.5932,440.7312,0
393.5082,459.2433,0
334.0039,486.4365,0
310.744,450.4888,0
334.8957,461.1611,0
345.1556,511.6237,0
349.4762,508.425,0
341.5713,442.7456,0
378.9672,388.7682,0
334.8882,537.6407,0
352.3137,467.7421,0
321.9974,549.731,0
319.4619,458.6577,0
324.3546,519.2443,0
388.1368,473.9023,0
345.6711,436.7009,0
367.3825,429.6078,0
385.9543,457.6635,0
321.3669,455.1313,0
375.24,472.5196,0
375.3339,490.0019,0
376.3405,454.2485,0
353.3781,438.098,0
346.2151,524.1691,0
334.8132,440.4031,0
360.9673,425.4931,0
385.696,455.4808,0
347.1631,474.6114,0
355.5042,392.2808,0
326.7685,472.8646,0
393.1223,461.0601,0
310.4382,516.3784,0
365.6676,485.8453,0
368.1509,458.9897,0
359.2763,433.4633,0
366.4532,493.9315,0
328.6317,429.5799,0
379.4903,487.4301,0
399.8251,487.9039,0
375.9415,466.4452,0
335.483,443.0084,0
370.1073,544.5444,0
391.5555,457.1859,0
327.5237,549.5477,0
349.4908,481.9968,0
386.7247,442.9316,0
356.411,426.6754,0
389.4094,491.4678,0
311.0004,475.3769,0
353.4598,447.3686,0
370.0222,460.3965,0
344.0493,449.0758,0
304.2199,459.5009,0
324.8607,449.2614,0
320.007,443.4467,0
365.8436,432.4327,0
312.5353,436.1503,0
364.4443,437.5834,0
366.7802,491.2751,0
403.4961,492.2074,0
310.9356,536.1291,0
362.1519,443.5137,0
376.3732,462.392,0
374.3352,492.4046,0
327.4936,467.8797,0
396.3676,413.0204,0
361.8912,503.6996,0
332.0497,524.4142,0
415.9573,424.8755,0
373.33,486.5694,0
285.3835,445.503,0
362.61,447.3263,0
302.4368,445.2698,0
384.6177,431.33,0
329.7761,491.7037,0
370.0135,479.7354,0
332.3828,496.4798,0
349.8582,430.8842,0
349.6094,449.111,0
362.1785,511.8646,0
334.1549,421.0381,0
345.8489,523.4735,0
354.0078,464.7191,0
348.6058,490.6891,0
402.0937,436.7661,0
347.8767,497.764,0
356.3621,427.4719,0
378.6797,458.0468,0
382.5175,503.1485,0
395.0406,403.3936,0
316.3803,478.7645,0
318.8903,465.0659,0
334.718,495.6913,0
282.316,426.9025,0
342.6485,455.3946,0
328.5781,479.6718,0
280.3529,519.4988,0
363.1517,503.4432,0
349.1727,468.5485,0
330.8132,435.818,0
335.6139,457.8557,0
395.3925,429.7725,0
359.9705,474.7647,0
369.4268,461.5394,0
362.1528,462.6347,0
356.3123,464.3594,0
363.2458,413.8458,0
362.7518,469.8348,0
347.7632,432.3779,0
289.52,459.152,0
329.0101,491.3777,0
376.6219,413.2516,0
361.6119,460.6243,0
409.4994,527.7217,0
344.6328,473.2343,0
338.825,468.6172,0
343.1716,440.2365,0
356.7321,511.9299,0
345.5506,417.9158,0
367.3001,430.593,0
302.9758,435.1353,0
370.3771,512.7831,0
369.9061,422.4784,0
367.3295,414.7953,0
376.384,433.1698,0
386.0293,487.4162,0
361.7947,468.2187,0
397.8204,434.0102,0
399.528,504.1177,0
326.5167,395.7607,0
344.8698,444.6558,0
342.5393,495.2888,0
338.6381,461.9806,0
331.7056,494.5631,0
351.1058,379.2769,0
313.5092,512.0828,0
334.067,457.6895,0
341.6434,452.4309,0
407.278,431.113,0
366.1921,433.0075,0
398.9852,470.0175,0
376.6255,405.1465,0
354.8426,458.3845,0
380.1839,456.799,0
304.9163,502.3461,0
359.7944,453.0958,0
357.1955,488.5234,0
342.5492,479.5648,0
356.5185,489.3977,0
397.7455,488.9608,0
317.9261,503.2577,0
351.9423,487.0925,0
359.3131,463.2072,0
313.1413,482.7766,0
311.8931,506.4917,0
375.9803,450.4056,0
338.7517,437.3969,0
284.8563,430.6943,0
402.6606,462.6267,0
375.9333,403.1603,0
390.4623,476.1464,0
372.1581,512.9988,0
366.8321,450.8467,0
322.394,489.9499,0
358.6338,475.098,0
341.7875,482.876,0
359.8279,483.6811,0
351.3805,465.5275,0
333.9911,461.6483,0
369.7053,509.9473,0
341.2911,471.5931,0
337.5881,467.5912,0
346.044,492.0386,0
310.4952,543.3979,0
355.3203,428.0309,0
351.7168,489.9615,0
334.6529,507.3004,0
383.6346,438.0918,0
350.4231,494.5507,0
354.5411,482.8529,0
384.4182,476.6374,0
399.4402,455.2528,0
400.0139,441.951,0
379.4341,520.2145,0
414.9658,390.6189,0
381.9405,402.6466,0
346.4443,456.6067,0
349.4671,473.7282,0
378.9741,451.1591,0
334.8223,451.5023,0
390.9776,444.9967,0
382.9328,432.0525,0
354.8639,436.7828,0
308.7578,465.4449,0
376.4261,525.5475,0
394.1421,504.833,0
350.5989,510.0421,0
368.4334,474.9647,0
322.955,459.6594,0
330.3615,470.4782,0
359.1884,442.9617,0
293.1533,459.7857,0
367.0635,461.1087,0
383.9883,470.14,0
370.546,463.1454,0
327.1408,511.0089,0
434.4385,521.0724,0
316.9855,475.1461,0
338.064,483.6804,0
315.458,423.7667,0
374.043,506.2133,0
388.9499,456.2493,0
348.2178,484.277,0
355.1142,453.3325,0
327.3178,456.2336,0
302.6999,432.9874,0
361.2898,467.3473,0
365.7399,404.6753,0
402.96,470.3747,0
374.752,446.2537,0
370.6643,404.455,0
333.988,473.8199,0
381.9646,421.2743,0
348.9871,452.5995,0
343.9337,444.959,0
396.005,439.9132,0
362.6916,483.1501,0
365.5589,462.2556,0
347.6786,471.9002,0
381.1198,452.4767,0
395.2503,457.7118,0
337.2219,432.0769,0
326.6443,419.1449,0
333.5575,450.0287,0
375.2973,439.1504,0
364.3112,454.8822,0
331.3928,485.3687,0
381.2961,479.0723,0
349.3362,427.2356,0
326.5453,396.6334,0
332.0433,466.8679,0
327.8986,473.6859,0
353.9509,412.0384,0
336.9466,435.8145,0
340.6374,454.8383,0
346.629,457.045,0
328.4411,451.1029,0
350.4872,438.1284,0
337.0425,465.2296,0
399.2373,460.2362,0
355.8777,427.2739,0
361.7877,486.4699,0
338.7131,444.9996,0
364.4286,464.6661,0
332.1264,471.9505,0
386.8069,452.012,0
369.509,486.8401,0
361.5156,534.4203,0
330.6945,476.6942,0
347.6093,404.0161,0
335.9351,442.0846,0
324.9236,437.9985,0
359.9172,501.983,0
326.1535,488.9494,0
368.3896,474.4666,0
371.62,502.1106,0
364.6267,429.353,0
349.6785,468.4368,0
290.6223,393.3279,0
294.0473,484.7092,0
421.4547,448.5335,0
333.1438,493.993,0
336.1057,509.9866,0
356.5696,379.8273,0
338.8851,384.9554,0
338.0323,436.0428,0
340.5184,440.6842,0
351.5216,502.6249,0
338.8535,514.7346,0
339.2148,410.7221,0
373.9585,480.5163,0
355.3039,510.3928,0
363.4117,420.8499,0
371.702,465.3773,0
355.0469,471.4149,0
350.5644,421.7103,0
363.0925,493.9197,0
397.1949,446.5989,0
300.0914,516.1992,0
368.8406,440.3305,0
326.1729,493.7505,0
336.4744,437.5623,0
311.3961,508.0148,0
344.5005,499.9956,0
346.6642,484.4878,0
335.1608,411.8873,0
388.2346,446.5728,0
352.439,467.4882,0
336.596,516.8329,0
380.6028,503.1966,0
361.0516,413.3281,0
338.0975,412.353,0
377.0867,481.6481,0
363.2269,462.1328,0
364.9638,464.8536,0
326.1462,447.4873,0
357.1175,491.6064,0
372.3151,470.9566,0
349.7392,472.9686,0
420.0963,423.1916,0
358.6795,485.3076,0
367.0308,525.7462,0
332.8352,453.6075,0
361.7569,423.9926,0
367.6481,434.6273,0
354.3297,434.1886,0
378.0399,456.6273,0
382.6317,439.7074,0
330.3504,411.5625,0
315.8813,424.2786,0
371.0164,486.5004,0
311.0462,407.1017,0
383.1671,434.6597,0
345.7841,438.2784,0
356.1323,401.25,0
385.8734,435.5708,0
361.4642,442.9954,0
361.0282,482.7754,0
352.987,486.5657,0
375.355,439.4505,0
373.8888,422.982,0
333.8247,472.5582,0
344.4327,536.8583,0
333.3984,460.4719,0
307.6255,499.1011,0
393.8581,442.4323,0
374.454,432.8544,0
340.0065,491.9792,0
372.3705,403.7583,0
309.2891,454.1519,0
397.443,487.6116,0
396.9658,449.8807,0
328.94,469.1159,0
311.6459,439.4753,0
319.5717,446.4598,0
388.8109,443.1911,0
355.8297,428.7479,0
361.6639,491.2589,0
285.2753,563.2543,0
367.4747,432.5424,0
392.2609,428.7651,0
358.541,546.6461,0
320.0296,507.9457,0
333.1002,503.5042,0
372.8551,473.908,0
337.577,374.898,0
303.5739,480.2009,0
395.1649,404.2818,0
298.665,471.343,0
325.2516,502.2731,0
368.5322,434.2816,0
318.0218,483.9377,0
363.3895,430.1022,0
338.4044,477.9737,0
345.9178,483.3553,0
314.0414,456.6115,0
385.9586,463.9842,0
419.6307,416.4445,0
306.0678,478.9178,0
394.6823,437.1387,0
392.8309,436.3312,0
345.1695,451.3944,0
297.9691,492.8922,0
390.3486,470.2376,0
377.5147,433.2476,0
360.6349,454.833,0
372.5793,476.1482,0
369.0506,472.7122,0
372.133,442.7985,0
331.6246,458.5416,0
330.27,486.962,0
399.2916,443.9704,0
393.7075,496.4456,0
359.3245,440.1674,0
381.7056,413.2189,0
363.8531,474.0623,0
287.8179,445.9513,0
348.0769,401.8503,0
341.5181,435.4725,0
323.6129,450.5954,0
354.8271,454.6806,0
313.0304,493.1981,0
375.2215,451.4831,0
351.7583,427.9561,0
370.6021,461.2688,0
370.9578,466.3177,0
354.8817,458.341,0
308.0246,536.5859,0
366.8542,477.4391,0
345.4466,546.8281,0
352.6763,489.6688,0
370.1896,437.866,0
373.684,538.3122,0
325.8167,514.4274,0
331.6793,486.6811,0
308.4625,490.2379,0
375.1425,463.0731,0
374.9336,484.1754,0
355.6566,453.376,0
361.4673,470.4942,0
361.0187,449.8102,0
319.7291,490.4448,0
338.1489,502.8162,0
353.8726,412.633,0
357.7891,465.3436,0
344.9289,490.4641,0
350.0237,455.4377,0
364.2321,425.9143,0
320.0161,414.8303,0
339.5306,515.0582,0
383.2466,481.3948,0
350.0398,481.2068,0
357.2377,478.3896,0
328.9212,487.7927,0
340.6722,506.0168,0
381.3377,468.6978,0
358.4345,480.2316,0
356.8386,475.3512,0
352.7576,483.8721,0
332.767,448.0049,0
348.8914,456.6261,0
379.8802,433.6108,0
376.7766,442.0385,0
344.9547,449.2637,0
332.2377,443.55,0
300.5632,477.6937,0
347.3195,412.0992,0
308.4982,462.7922,0
323.504,449.6418,0
373.0516,479.7206,0
353.9968,467.5201,0
351.8819,509.809,0
292.6027,530.2285,0
293.7802,453.6407,0
304.8403,436.4196,0
349.912,475.6795,0
361.9018,480.8111,0
359.1069,453.2714,0
363.2198,389.8439,0
374.1218,426.8283,0
368.8482,458.9265,0
401.0579,495.7021,0
326.8038,463.8964,0
323.5138,405.0342,0
339.5956,417.1812,0
334.8837,459.6266,0
374.0031,491.6467,0
323.6987,474.3405,0
322.5502,479.7487,0
387.4877,409.7513,0
380.9189,430.5423,0
348.2988,463.4961,0
400.6271,431.6802,0
351.6749,501.1332,0
348.0216,514.5377,0
316.5407,457.9341,0
352.0403,510.5246,0
349.8046,437.5069,0
347.1268,522.2987,0
317.2362,493.634,0
344.1307,465.7137,0
344.9549,471.1295,0
321.3121,527.6595,0
386.7113,371.4412,0
302.9711,436.2542,0
338.9904,489.1016,0
330.2735,487.2997,0
395.5847,463.4898,0
355.911,439.1721,0
371.627,425.7016,0
306.269,419.8569,0
365.3972,455.0414,0
326.387,401.6379,0
382.8173,432.164,0
357.3796,465.0073,0
394.8668,427.8833,0
360.22,479.8609,0
371.0625,446.8401,0
389.6008,432.5662,0
323.0784,518.8601,0
349.0231,453.2939,0
349.5033,456.0317,0
385.0211,414.4557,0
344.026,448.9151,0
352.4304,536.9659,0
339.1074,523.5353,0
322.9751,384.7785,0
353.9816,410.925,0
369.1006,473.9581,0
378.9896,443.9713,0
351.5254,496.8342,0
356.1608,475.0744,0
359.9499,457.694,0
359.5013,571.5228,0
397.8716,432.0491,0
437.0516,525.3422,0
376.7051,485.3897,0
320.8653,476.6899,0
328.4702,466.1823,0
426.4875,458.5121,0
374.6149,406.5768,0
388.5452,395.621,0
358.0164,429.5896,0
366.7552,426.1409,0
345.7599,491.0268,0
332.5299,493.4725,0
374.7598,459.2568,0
334.8273,461.54,0
353.3339,457.2901,0
336.8206,406.841,0
360.2547,435.3551,0
339.8299,488.2335,0
356.8699,408.1184,0
317.5406,436.7621,0
333.4722,439.8474,0
397.5086,499.5727,0
392.322,436.7767,0
350.7954,454.3587,0
355.4601,440.8377,0
346.571,379.8631,0
350.7603,454.7127,0
323.841,437.2999,0
366.0036,505.0834,0
407.3116,421.9083,0
379.7963,420.1145,0
345.0146,489.6107,0
364.1805,484.7336,0
390.8132,438.0599,0
318.8534,503.6434,0
368.5673,498.8204,0
356.0156,432.0181,0
356.255,461.4501,0
356.3474,431.9886,0
348.3193,469.7026,0
357.9355,496.5822,0
369.4892,449.4323,0
356.5175,489.9201,0
380.845,430.961,0
330.6918,476.5639,0
360.7444,450.9735,0
349.47,482.2366,0
370.0392,476.6024,0
371.3197,460.0124,0
359.3237,471.8457,0
363.3274,426.3177,0
324.0446,416.3272,0
342.6359,443.2955,0
354.4764,481.7778,0
367.576,421.425,0
360.2762,478.2714,0
350.5429,477.8322,0
351.2604,431.256,0
369.9753,384.2971,0
402.9431,400.2412,0
386.2021,421.7774,0
389.639,457.4158,0
356.7336,390.6911,0
359.1621,537.3748,0
343.5578,423.5129,0
439.9565,469.5118,0
380.9848,451.6582,0
344.9363,451.8733,0
386.9917,421.3457,0
381.1746,445.5018,0
362.1499,427.1072,0
416.8598,407.908,0
366.4117,438.6834,0
379.417,450.0688,0
347.4297,507.1959,0
331.535,479.9034,0
388.7485,400.1368,0
347.5366,499.8829,0
378.4619,468.6514,0
343.9946,442.8491,0
319.4415,432.0135,0
364.9578,530.0302,0
296.2087,562.1968,0
408.1776,502.1331,0
360.3287,407.635,0
353.5574,478.4974,0
318.2813,522.0437,0
378.3582,517.578,0
365.2428,441.2374,0
422.9498,462.386,0
387.5093,491.846,0
340.4222,458.9958,0
367.0377,483.1878,0
343.0644,500.8589,0
332.0109,459.1391,0
331.6932,410.9066,0
317.4576,452.2164,0
369.0302,486.7899,0
305.1542,443.09,0
337.6392,420.3674,0
346.2147,515.1967,0
366.9084,457.9031,0
358.0287,465.7713,0
352.8594,518.4529,0
369.1693,422.965,0
325.7007,574.8128,0
379.0725,427.6241,0
387.6713,434.946,0
408.1912,434.6817,0
413.5742,420.9537,0
316.0215,492.167,0
323.2874,436.1645,0
312.5745,421.4465,0
322.5583,495.532,0
379.6281,446.825,0
351.4764,441.213,0
373.4473,493.0506,0
362.2464,439.6549,0
338.584,538.2913,0
362.0369,466.4927,0
327.1103,468.804,0
301.8268,453.6692,0
333.7869,455.9984,0
342.1755,472.1451,0
358.8393,426.0858,0
341.4354,470.1016,0
380.1785,433.3413,0
347.5504,485.3173,0
360.6326,490.3215,0
371.7502,479.6248,0
411.7104,468.8854,0
354.407,515.9513,0
336.5379,462.2826,0
333.493,442.9673,0
358.1462,503.1959,0
376.1237,454.0445,0
418.6931,412.3611,0
424.4063,484.0887,0
408.1415,438.1176,0
380.4338,446.7914,0
411.8004,399.3022,0
376.4733,480.3285,0
364.1617,525.915,0
379.2646,460.0356,0
386.4153,445.5293,0
368.0464,483.8047,0
377.4398,422.8177,0
358.3851,454.6412,0
362.2132,500.623,0
334.872,455.4832,0
350.6394,413.9736,0
378.0765,471.4401,0
378.9091,457.1722,0
384.0811,481.755,0
356.2772,453.1483,0
367.0334,430.8101,0
351.1481,511.9003,0
335.7525,438.0216,0
358.6033,472.8785,0
391.6715,450.9334,0
339.7011,471.6281,0
351.5407,457.3661,0
396.9536,447.5251,0
377.483,438.6476,0
311.2374,446.4807,0
306.2023,531.0071,0
350.4329,428.4293,0
384.2876,438.3351,0
363.2363,448.9518,0
372.0679,469.9809,0
373.6165,527.0712,0
357.6893,465.0906,0
340.9634,478.6417,0
392.3683,494.0777,0
344.2246,476.887,0
411.0455,428.8522,0
394.2441,472.3514,0
352.6437,478.2634,0
359.7805,439.6374,0
410.1614,454.3001,0
350.2464,514.8078,0
330.5374,511.3707,0
296.2656,528.2,0
392.5278,473.4807,0
389.5334,454.0269,0
351.7183,423.8759,0
334.5155,423.8521,0
380.538,475.4727,0
359.338,510.1292,0
378.2879,434.2208,0
360.3735,460.7574,0
402.844,376.4773,0
351.2388,474.0241,0
351.1494,410.3456,0
368.5039,412.0957,0
354.5345,503.1561,0
344.826,458.4482,0
358.6993,434.476,0
372.4887,416.2794,0
355.1261,519.8732,0
376.0108,472.7827,0
326.1048,466.325,0
397.8232,459.2401,0
413.1737,435.3817,0
358.1135,406.6719,0
328.6508,463.6971,0
360.0127,450.4637,0
368.7859,458.7045,0
363.0113,503.9139,0
302.8282,461.7454,0
387.3192,439.0641,0
365.1174,475.4798,0
368.2574,567.8922,0
364.7453,471.5759,0
359.7833,384.8576,0
330.7661,437.8807,0
328.4724,485.7217,0
383.2074,488.2684,0
335.9981,443.4016,0
374.5214,393.2109,0
332.3153,535.6411,0
401.2648,480.7688,0
301.0349,507.6479,0
353.3076,420.3046,0
324.1637,469.5357,0
370.9466,456.3419,0
371.9102,417.9614,0
353.6025,462.5813,0
373.0431,425.6743,0
388.3615,465.9525,0
306.0638,466.3397,0
333.871,476.7697,0
382.9718,521.9759,0
422.0601,369.5641,0
329.0506,410.6595,0
342.0657,429.7031,0
323.5218,474.3185,0
323.2063,452.8016,0
370.9149,379.1742,0
333.1698,484.2601,0
348.6608,414.7137,0
334.2005,518.6468,0
343.7616,484.9934,0
376.488,437.1599,0
296.3455,442.009,0
332.0628,455.3788,0
333.3694,502.6448,0
351.4379,465.7651,0
386.3154,509.0714,0
360.9008,509.9671,0
345.8307,438.7488,0
410.757,519.5251,0
369.1213,458.007,0
333.9227,446.4249,0
383.5413,421.5529,0
371.8847,422.5468,0
343.1413,505.468,0
378.5144,452.6019,0
379.2944,504.314,0
357.796,449.6842,0
334.6169,484.2208,0
318.9413,454.7085,0
361.9654,416.1049,0
378.4334,478.7394,0
352.8593,466.3278,0
363.4589,409.3479,0
363.4804,453.7444,0
338.7903,448.0612,0
358.046,481.5173,0
366.6564,454.6966,0
364.015,473.0381,0
321.7592,390.8437,0
384.4774,423.827,0
325.9199,487.6053,0
412.6336,410.5933,0
407.2817,411.819,0
350.9473,423.9243,0
349.9578,480.2849,0
394.9968,385.8445,0
318.3942,471.302,0
353.4841,451.0912,0
312.9616,496.7473,0
359.0563,527.2856,0
380.1401,434.6849,0
360.3147,402.836,0
377.1444,447.1718,0
369.0413,449.5866,0
405.144,452.2129,0
366.4585,447.7758,0
427.9716,453.1792,0
327.0226,494.1354,0
347.5104,492.7944,0
351.9265,461.3922,0
397.4082,459.3388,0
345.3715,475.5923,0
369.3224,471.4185,0
332.165,494.8625,0
394.3124,431.6685,0
357.5477,460.8005,0
401.5327,443.2762,0
323.0412,505.4524,0
317.5306,434.5982,0
341.2222,437.5862,0
400.5518,434.0078,0
327.3797,444.4437,0
313.1415,465.5948,0
372.8044,441.1595,0
352.4983,432.3264,0
320.9927,511.437,0
331.7957,445.9612,0
362.8871,503.9266,0
352.1331,436.2572,0
353.61,429.1268,0
353.353,416.2067,0
370.859,430.7618,0
356.0894,481.773,0
339.3098,471.9916,0
318.8018,429.0353,0
321.6746,504.0019,0
342.3585,443.8683,0
370.0936,482.2925,0
303.1353,446.4125,0
349.3114,499.2916,0
391.3178,454.2772,0
343.9708,412.2412,0
350.0238,494.3826,0
363.0655,433.6488,0
412.2466,466.6932,0
336.2719,538.1483,0
333.4063,440.0825,0
376.4405,426.5718,0
324.6816,486.2499,0
390.9507,372.1886,0
346.3189,464.68,0
364.1222,475.7513,0
348.3339,408.1977,0
334.1125,462.889,0
310.1623,584.1857,0
345.4711,450.234,0
398.1872,437.0123,0
346.7496,499.9407,0
386.4357,481.8396,0
373.321,437.6528,0
340.0454,430.4344,0
377.6018,414.3567,0
343.9173,453.0431,0
354.1499,413.9825,0
377.9498,456.2049,0
352.3558,465.543,0
341.5441,522.9113,0
297.8162,449.3805,0
393.9561,465.372,0
336.6265,409.996,0
345.7094,493.8619,0
353.9518,463.1715,0
384.4893,435.0196,0
356.9482,455.3665,0
327.9588,491.9382,0
299.0157,529.0857,0
352.644,427.8577,0
366.8253,451.654,0
342.9927,456.4359,0
332.4622,523.7042,0
366.0829,466.8779,0
360.0034,416.8111,0
362.2579,458.0751,0
366.4257,496.9428,0
353.8702,454.136,0
333.4874,466.7808,0
338.3245,478.9436,0
396.3505,446.7385,0
361.0984,431.6852,0
363.6886,411.2251,0
354.5499,452.215,0
321.8695,504.6843,0
432.6523,428.6814,0
351.8167,462.2068,0
324.9252,437.1797,0
327.0005,450.0451,0
369.7029,455.6924,0
355.6644,406.2057,0
404.4117,406.9686,0
351.1932,481.801,0
382.4238,421.5265,0
387.8357,402.8521,0
368.928,421.1415,0
353.1387,461.0165,0
352.1221,499.2683,0
317.1669,469.7299,0
372.4806,372.924,0
337.163,442.5297,0
358.3692,464.237,0
274.8863,510.3311,0
334.7175,474.7023,0
380.0001,402.5359,0
346.277,479.4081,0
356.2397,470.4669,0
345.1266,477.3408,0
328.7546,417.0954,0
330.9379,425.5833,0
367.545,414.0332,0
378.6796,430.4952,0
349.0305,470.39,0
374.959,437.3141,0
353.5913,408.0925,0
361.0362,478.4897,0
379.4242,473.3347,0
337.0704,452.0309,0
327.1302,550.6876,0
343.7667,467.962,0
358.7017,454.0536,0
363.3986,409.7271,0
350.0263,490.6393,0
334.9267,461.0958,0
323.6551,476.0892,0
370.9431,429.5638,0
373.4915,424.3329,0
371.5861,460.7552,0
370.6509,481.7362,0
332.1555,496.6585,0
352.4958,488.0679,0
319.2673,458.3441,0
319.6409,449.9273,0
356.6335,465.2684,0
384.0358,408.9768,0
351.8753,472.2633,0
422.89,435.4105,0
349.1183,437.1295,0
348.8316,490.97,0
368.5866,474.0206,0
361.735,502.2381,0
365.7551,465.9041,0
405.6807,492.9946,0
386.3246,438.3922,0
356.1762,534.2633,0
357.4685,441.5735,0
330.0647,421.3203,0
401.1301,403.1705,0
338.6339,515.8029,0
317.5687,399.5873,0
308.1057,477.0773,0
374.4715,482.4646,0
363.681,472.5668,0
328.2274,477.8172,0
374.1245,443.5422,0
368.1781,479.876,0
312.6372,515.3304,0
372.3336,441.8074,0
321.814,416.317,0
377.2762,506.0419,0
313.8149,514.3048,0
312.0203,451.857,0
410.6049,433.3667,0
360.3131,446.9651,0
323.8025,451.4376,0
327.3707,482.5092,0
319.2249,491.4668,0
362.4978,403.0817,0
345.9062,402.653,0
375.0222,424.8859,0
393.1147,435.4525,0
400.0256,402.4308,0
326.9409,407.6339,0
339.2686,414.4884,0
317.9549,524.3874,0
407.5994,442.7676,0
411.6713,444.2612,0
345.0419,493.6616,0
331.4037,479.3655,0
354.9096,400.5482,0
375.0466,432.8439,0
329.1515,463.807,0
368.9735,437.2333,0
347.0422,425.1328,0
351.404,469.3495,0
341.6725,470.6248,0
361.1773,407.9193,0
432.0542,506.0496,0
349.7585,493.8123,0
357.3636,446.9182,0
331.5308,468.1731,0
318.445,528.4434,0
308.592,432.6298,0
341.9292,464.9955,0
318.2596,408.1424,0
412.824,452.1764,0
370.3068,463.4296,0
391.5706,397.4753,0
359.1049,484.4788,0
346.6316,461.6989,0
360.7886,475.9091,0
324.1828,437.3289,0
385.8125,475.1649,0
286.8709,496.85,0
349.7023,422.7056,0
344.4466,475.1058,0
348.3035,449.397,0
362.4431,512.6845,0
300.9897,548.7607,0
332.6926,518.7435,0
337.8896,433.3563,0
316.0601,476.2,0
373.0272,478.3953,0
321.0903,514.842,0
366.24,474.8348,0
375.4664,462.7523,0
360.0109,497.1519,0
355.9634,437.3905,0
370.4655,456.5907,0
369.9464,413.1124,0
328.4977,508.4724,0
355.4394,484.5308,0
338.3242,486.2918,0
353.8643,482.7386,0
363.1476,448.0677,0
334.1897,472.8894,0
330.424,454.7324,0
322.9384,460.9759,0
334.5915,401.0182,0
317.4959,455.5541,0
356.7433,484.707,0
319.2689,512.8145,0
309.2547,465.8029,0
344.6647,407.2787,0
335.6515,475.1279,0
352.3959,408.0819,0
315.1021,449.3205,0
349.5759,438.8351,0
407.9854,405.5685,0
338.0851,489.1879,0
335.4545,543.001,0
357.0565,396.0558,0
339.1693,496.7682,0
379.4818,471.9582,0
344.2471,456.9268,0
334.8125,422.4661,0
353.3349,469.4407,0
375.843,472.0034,0
406.6784,391.2963,0
402.0112,470.057,0
335.7008,436.4929,0
356.2292,429.3904,0
374.5702,470.6498,0
353.7224,420.9451,0
363.541,459.8628,0
358.6216,374.5951,0
357.5389,401.6943,0
387.6111,456.3516,0
383.2386,427.745,0
378.6756,417.9975,0
368.187,452.0241,0
412.2628,522.0731,0
354.6855,479.182,0
359.0451,403.4424,0
330.3077,463.8076,0
350.6429,472.6788,0
344.4756,460.8195,0
351.3802,395.1937,0
313.1006,475.2614,0
362.4881,463.0492,0
322.9271,475.7922,0
374.2567,423.6335,0
373.0329,435.7841,0
360.9684,416.0333,0
399.6181,405.7551,0
353.8264,446.0966,0
359.4174,468.7912,0
353.6498,475.6727,0
355.2308,463.5759,0
329.8383,413.5056,0
474.1897,603.3176,0
357.8898,470.6052,0
292.6249,447.4978,0
331.8796,492.4714,0
336.4958,500.24,0
364.1705,420.8776,0
310.2661,461.8156,0
367.2094,490.0793,0
361.4841,449.222,0
358.764,466.7021,0
357.7948,446.3492,0
370.9236,422.5289,0
397.0517,444.1014,0
394.3298,503.0087,0
380.3897,419.1525,0
368.9669,437.3588,0
382.6926,430.1962,0
366.1567,457.3501,0
380.6366,429.0417,0
340.1648,514.0497,0
340.8911,441.1605,0
357.0278,454.085,0
311.9424,429.8425,0
382.8322,444.9308,0
358.727,511.414,0
357.3842,539.5485,0
328.471,447.3901,0
349.9727,435.133,0
333.9212,431.6038,0
363.2651,476.7075,0
333.4701,456.8928,0
408.7241,474.9819,0
393.9611,455.2019,0
430.3607,460.7625,0
346.5562,453.6693,0
368.9336,451.0201,0
403.9517,409.5324,0
358.759,470.2612,0
335.9816,521.575,0
320.8148,507.1872,0
362.6144,455.9288,0
416.7419,381.4801,0
348.7119,585.392,0
369.9941,460.4713,0
322.844,395.3211,0
386.85,522.4351,0
328.9434,510.1939,0
409.8254,465.8713,0
343.7954,543.9191,0
365.9514,426.5034,0
355.5244,450.4476,0
385.4155,447.1594,0
301.051,464.9623,0
366.8033,471.1727,0
357.9847,452.4399,0
347.9555,487.7029,0
390.958,465.6655,0
342.8953,491.9567,0
342.3421,436.6586,0
374.4584,463.3463,0
356.0286,455.4782,0
362.148,460.9601,0
379.2472,453.9932,0
297.4097,440.2681,0
340.0264,515.7572,0
290.959,501.5105,0
373.5045,532.4908,0
353.9723,487.3871,0
329.2484,484.5197,0
353.9599,428.6868,0
371.6622,430.6005,0
353.476,499.4572,0
350.8579,460.5251,0
301.9134,466.5968,0
346.556,525.3114,0
367.8156,476.4013,0
358.5594,468.3544,0
329.6043,475.9208,0
323.0341,471.0833,0
346.2647,469.923,0
318.3034,512.5272,0
379.3809,384.1649,0
346.8245,470.1525,0
342.2529,514.4866,0
356.1658,491.4518,0
404.7304,434.6663,0
370.8138,432.7537,0
401.6416,451.5014,0
404.1429,413.05,0
381.7079,426.6749,0
358.5331,497.7172,0
357.0405,422.6583,0
401.0657,453.0043,0
392.515,449.1298,0
349.267,459.3265,0
374.6765,431.4266,0
370.1441,497.7358,0
342.9152,542.6029,0
352.8925,473.1591,0
374.2718,508.0206,0
303.0093,451.6729,0
331.1252,473.7712,0
343.0263,456.2087,0
366.1161,453.0447,0
413.1531,449.5917,0
348.7047,434.8477,0
353.9763,479.8499,0
344.4461,534.4138,0
310.9286,446.8768,0
358.9857,503.7047,0
371.1822,489.5941,0
361.4592,462.9884,0
333.493,459.289,0
359.0076,436.876,0
351.7398,445.6539,0
356.1876,432.1409,0
328.8967,482.9697,0
352.0685,450.1382,0
353.1104,511.2116,0
356.5351,451.2174,0
347.5414,477.0908,0
363.9854,444.3623,0
377.2817,457.257,0
346.6418,458.0339,0
342.659,532.0743,0
322.4065,473.4575,0
371.1895,500.3285,0
375.3373,491.938,0
409.9724,576.9286,0
327.9906,393.1478,0
379.3423,478.8557,0
348.3087,446.7302,0
373.1867,457.5938,0
341.1993,453.0573,0
328.9626,449.9221,0
305.1575,449.9864,0
384.3478,456.4959,0
338.192,503.2137,0
300.3232,509.7331,0
349.366,421.9069,0
325.6516,477.4727,0
275.5921,436.8043,0
315.1013,449.3341,0
365.3783,501.3601,0
384.2842,416.5935,0
326.5683,494.2917,0
344.4668,491.2367,0
386.7204,450.4899,0
373.4495,444.6215,0
346.7189,468.7526,0
348.9183,500.9651,0
360.5564,411.7286,0
350.3701,459.403,0
393.7365,416.8206,0
314.0565,513.8215,0
369.2404,441.7856,0
361.1932,441.4353,0
349.9265,447.7836,0
379.3019,501.8919,0
321.0422,439.2564,0
349.3054,466.8395,0
307.4651,421.8723,0
335.9839,455.771,0
350.8994,462.6328,0
354.1948,468.8437,0
341.7758,415.3616,0
387.0435,459.879,0
314.6397,516.6603,0
411.6407,444.9063,0
336.2693,451.7517,0
328.0184,451.7767,0
376.1063,496.0443,0
396.7816,448.4105,0
344.3727,449.1231,0
336.0383,438.3271,0
387.6505,455.5453,0
328.989,457.85,0
328.9457,459.7853,0
360.5252,449.3058,0
360.4256,475.6906,0
341.7476,498.5368,0
390.3842,426.5082,0
385.9544,461.3569,0
355.1238,460.4373,0
381.1157,476.0179,0
321.0259,479.7485,0
371.7796,403.1011,0
308.5025,487.4682,0
331.6127,468.2171,0
366.8553,407.3272,0
364.8223,485.1752,0
380.2788,492.1309,0
359.8421,445.3072,0
331.6143,458.9537,0
330.3982,423.7979,0
373.8788,478.1978,0
367.7911,441.1187,0
379.3224,463.2207,0
324.9875,430.8595,0
395.8255,414.6144,0
385.5031,461.4695,0
373.3533,472.1204,0
356.2204,445.3867,0
315.811,455.7317,0
285.5912,465.1016,0
342.5614,374.8309,0
348.7276,442.8625,0
378.1949,405.6593,0
345.3081,522.2133,0
335.3856,495.9007,0
369.4725,477.7776,0
375.3206,461.4341,0
293.7478,472.0058,0
403.328,436.0748,0
372.7105,486.6009,0
374.6414,441.2666,0
322.3471,476.3785,0
383.4948,519.4574,0
333.6857,482.6532,0
331.4815,382.6039,0
347.0764,456.4251,0
331.079,502.5038,0
365.5738,438.0722,0
362.4714,464.1544,0
343.8104,464.9493,0
358.6296,510.1855,0
325.1066,455.4326,0
379.1812,424.6364,0
339.8855,437.1561,0
434.2518,533.2383,0
330.6273,457.514,0
382.4034,445.6363,0
269.3749,483.1293,0
332.0027,422.8278,0
343.5715,471.1674,0
345.2242,446.6565,0
362.9292,477.2258,0
395.3975,435.9911,0
313.8234,461.6001,0
361.6253,536.4577,0
342.8965,453.7889,0
380.5428,470.6322,0
338.0344,514.2695,0
361.8015,436.4632,0
393.7183,446.1197,0
387.005,444.2606,0
346.8462,426.4722,0
355.8099,500.7162,0
312.3794,425.8884,0
334.9991,493.7977,0
379.2114,405.2122,0
329.8275,472.8036,0
376.0058,458.5558,0
341.4856,471.1837,0
331.3521,415.0009,0
358.7474,380.9828,0
351.2544,419.1195,0
357.2528,402.3309,0
375.2344,460.4207,0
336.7057,453.8257,0
391.1802,466.8897,0
359.2096,453.428,0
374.5347,453.6073,0
356.6621,452.0678,0
340.6116,441.8161,0
366.036,447.2454,0
337.2701,441.8085,0
351.913,409.1765,0
357.9689,370.1247,0
367.1812,433.8639,0
318.4153,421.2497,0
396.6687,472.1062,0
381.7026,391.3524,0
351.4677,508.2949,0
327.4236,411.0294,0
369.3075,433.9296,0
359.5553,514.8507,0
363.6261,485.6057,0
330.894,514.7305,0
354.6075,456.5169,0
346.2833,433.9228,0
335.7798,491.95,0
352.2283,481.2298,0
375.9852,410.6781,0
358.1393,430.5391,0
352.1798,506.3544,0
313.3817,509.166,0
321.6435,504.9859,0
318.4757,409.295,0
302.3671,471.2953,0
334.4536,441.5884,0
344.8812,497.3354,0
362.9512,430.6204,0
353.4892,466.5559,0
394.0443,455.0764,0
373.57,523.7372,0
402.5096,417.592,0
328.047,534.7874,0
377.1852,468.4027,0
363.2105,496.6253,0
360.3831,416.8157,0
334.838,491.8597,0
397.3342,487.5678,0
356.0285,472.3911,0
407.4493,471.7608,0
352.2985,472.6845,0
358.7722,428.554,0
389.1706,473.4941,0
355.1379,458.6298,0
323.7386,457.2317,0
376.8284,439.5826,0
389.9872,421.7694,0
340.3189,413.3347,0
341.1565,434.5887,0
369.8586,482.9023,0
339.8016,506.1629,0
356.1896,484.4511,0
307.4594,467.6923,0
383.2188,466.6502,0
321.6599,556.4241,0
361.7375,441.8455,0
319.9593,442.9479,0
349.4133,487.6604,0
317.2058,444.2622,0
353.9501,445.7939,0
334.9321,460.9329,0
360.3168,458.6193,0
345.2345,470.8674,0
323.1783,492.913,0
362.2577,489.198,0
338.8203,449.645,0
339.8795,498.0584,0
336.0437,481.6828,0
387.1917,434.1205,0
368.1745,456.8144,0
376.0085,424.9152,0
358.2799,486.6703,0
337.6631,477.7765,0
373.4897,383.7559,0
345.5493,524.0137,0
328.8909,472.1642,0
396.3077,456.5386,0
344.7733,479.0433,0
344.8024,478.4651,0
383.5663,519.8915,0
329.842,478.0259,0
350.8322,502.0957,0
318.4385,420.6036,0
368.315,432.6982,0
349.257,519.1461,0
344.4438,517.5455,0
333.8685,526.0121,0
353.5995,514.788,0
346.3868,491.4636,0
339.5724,469.2729,0
335.0649,451.0501,0
362.7714,440.2032,0
323.7744,432.1814,0
409.1085,490.1076,0
341.4624,486.1658,0
380.7345,433.6029,0
311.0378,482.0218,0
351.9081,435.7745,0
363.6817,456.4445,0
346.2605,485.2845,0
385.1342,450.6952,0
338.5932,479.0466,0
389.1433,390.1854,0
374.3066,463.2109,0
363.4891,493.1696,0
360.8008,431.3428,0
343.1713,492.0797,0
319.9673,520.5858,0
351.0321,453.9202,0
359.3261,434.1585,0
375.0807,514.5536,0
296.9983,447.9834,0
353.3046,399.1218,0
381.5924,450.5173,0
333.8835,466.3377,0
379.0439,410.276,0
369.3652,435.3927,0
351.0552,475.1235,0
356.3349,397.2091,0
355.2875,449.6892,0
362.2723,480.0325,0
308.0403,518.8668,0
340.5826,510.283,0
331.2289,508.3491,0
409.5419,466.9279,0
332.5753,481.8407,0
335.9036,429.0762,0
373.8978,481.6201,0
388.7357,434.918,0
345.4819,475.1683,0
353.4236,382.4644,0
330.7635,549.6777,0
335.6678,474.5463,0
346.5897,405.8837,0
393.4859,476.1236,0
365.1757,407.7956,0
337.6787,520.1959,0
357.9831,459.0608,0
405.7401,442.2519,0
420.5829,402.9236,0
317.5944,437.8701,0
391.6086,472.766,0
335.7065,484.9026,0
374.674,435.9077,0
322.6606,445.3005,0
348.3916,464.3256,0
302.1476,437.3091,0
334.0526,494.0333,0
336.4816,461.0404,0
290.7371,493.857,0
342.4082,518.2257,0
376.8253,467.0211,0
341.6276,494.8284,0
386.3606,411.018,0
376.9231,457.2499,0
352.1453,499.2488,0
341.2327,444.3074,0
402.8282,429.392,0
384.3,457.8792,0
356.0638,451.4545,0
400.5583,445.6916,0
376.0957,482.9502,0
345.4203,454.6582,0
358.0735,495.8348,0
322.3688,480.2483,0
331.0723,403.0242,0
379.0333,482.9029,0
404.2874,422.8123,0
349.1032,504.967,0
381.9231,414.9746,0
357.3671,525.131,0
356.5521,493.5086,0
396.2801,463.5262,0
361.1201,462.5795,0
358.6089,524.1182,0
430.9807,492.4063,0
329.2982,485.2555,0
369.4533,431.1605,0
361.6257,431.9803,0
373.9437,464.5047,0
328.8945,454.5025,0
390.937,473.6972,0
385.7496,451.2479,0
394.1226,469.0048,0
384.7043,393.0689,0
359.1304,476.2734,0
315.11,434.4445,0
342.9882,496.9776,0
337.205,456.8894,0
347.8864,453.099,0
359.4529,458.9655,0
372.7855,434.3974,0
361.7226,492.428,0
346.0356,465.6702,0
345.0367,411.9943,0
392.644,435.7942,0
368.9587,396.2135,0
305.0153,451.5854,0
351.2404,395.5742,0
339.608,497.6561,0
364.3613,418.6459,0
334.4874,503.2981,0
343.2909,480.0511,0
342.7443,466.4949,0
323.7853,461.1805,0
364.9373,499.9299,0
389.5294,502.2998,0
421.2498,422.2649,0
329.5334,423.6965,0
313.9744,488.8451,0
408.7158,434.1762,0
339.7775,437.5192,0
369.0009,494.9587,0
360.5742,401.6714,0
353.3713,439.6124,0
382.5081,458.3891,0
342.3007,484.1776,0
338.7282,452.5607,0
353.9653,393.5306,0
356.1633,490.4086,0
339.023,501.0299,0
378.7872,456.9424,0
397.7146,518.1672,0
368.9881,420.6957,0
351.8801,484.9768,0
349.0167,514.8229,0
366.5609,383.311,0
302.8887,544.4337,0
360.3032,463.6861,0
340.9141,447.2888,0
344.2754,458.1946,0
360.7182,461.7648,0
387.3673,403.2087,0
364.4155,424.4076,0
333.1288,424.31,0
340.5504,489.4291,0
389.7017,448.3519,0
375.6547,481.9145,0
375.4605,434.1511,0
323.5003,462.5525,0
335.5854,468.6826,0
363.284,414.8893,0
376.9268,511.0717,0
294.6127,526.5833,0
395.9343,427.6061,0
329.012,386.9643,0
353.5351,434.2032,0
364.6946,434.2652,0
378.1898,462.9546,0
358.8983,435.0229,0
307.6063,450.5076,0
370.3214,429.4075,0
360.7899,405.4637,0
324.406,416.606,0
349.7955,392.3899,0
320.4402,455.3804,0
380.4594,412.8301,0
384.1245,448.5398,0
302.0738,491.2742,0
380.8301,450.1469,0
340.8663,492.8187,0
349.0744,512.9304,0
346.5305,457.9219,0
368.9983,364.5137,0
330.0313,460.0385,0
398.6129,447.4637,0
325.9316,449.7482,0
335.68,536.6414,0
346.7173,445.9348,0
379.8615,472.3738,0
334.7513,483.6713,0
379.6111,455.352,0
375.2654,449.1775,0
343.9149,477.9231,0
354.733,464.7035,0
348.3241,446.0799,0
362.7485,500.0659,0
369.8128,436.2932,0
368.7454,395.4821,0
349.0614,477.3663,0
312.054,474.5655,0
359.3747,480.8896,0
333.399,419.5979,0
385.3792,418.4113,0
322.78,436.3867,0
350.581,494.9257,0
333.4346,459.8193,0
366.4348,469.4851,0
360.8483,433.0614,0
394.8405,407.9732,0
376.5731,429.2118,0
389.6968,444.4325,0
332.1256,396.4394,0
322.011,525.0194,0
367.3411,470.9395,0
346.6077,390.2186,0
325.7289,458.9125,0
346.9953,459.4503,0
357.7879,482.1251,0
335.2755,478.44,0
343.44,488.1153,0
394.3447,462.839,0
285.2574,497.387,0
345.3566,439.5684,0
328.9848,485.2697,0
353.9026,432.5756,0
362.3027,478.7278,0
336.6791,418.2794,0
294.8469,465.1489,0
341.8277,466.0255,0
364.7199,410.7025,0
333.4428,481.3171,0
345.7812,491.2319,0
387.421,372.1241,0
330.0923,457.8462,0
309.5569,484.281,0
337.4008,457.3264,0
359.0557,459.1434,0
354.0139,436.3517,0
360.0147,417.0736,0
333.8096,464.1798,0
357.9395,453.3969,0
321.1712,431.4586,0
328.0632,420.2196,0
369.6842,487.2359,0
350.1046,429.735,0
333.4092,480.8597,0
344.8669,431.7902,0
375.2006,476.1741,0
331.0413,468.4879,0
363.4824,437.7523,0
340.903,528.4048,0
355.2098,497.8651,0
367.7437,409.4213,0
388.9962,432.033,0
363.6542,451.0214,0
368.1898,440.6039,0
341.2956,409.4324,0
354.444,451.2733,0
357.7576,467.1722,0
335.568,468.6816,0
336.7114,508.3677,0
330.1302,545.4083,0
300.7446,492.1959,0
395.9766,460.7045,0
382.2099,434.4606,0
376.4107,434.4737,0
328.3609,477.3854,0
344.179,484.5902,0
357.6729,447.6682,0
357.1333,484.8126,0
376.1545,434.6796,0
335.4397,422.7164,0
354.3959,458.7197,0
390.6059,460.629,0
366.6595,461.4726,0
364.5329,468.0322,0
386.9066,485.295,0
329.4207,474.1445,0
362.1015,472.7514,0
338.9139,456.7583,0
375.967,469.1847,0
310.2,450.821,0
382.014,388.6074,0
382.0408,449.4187,0
340.0862,472.9051,0
353.3473,473.8443,0
341.7603,447.2276,0
368.3416,491.1743,0
333.3734,381.5983,0
352.2251,438.4203,0
350.733,486.7831,0
377.7397,411.6746,0
408.1759,414.8706,0
347.1553,467.226,0
331.6247,453.04,0
406.2775,503.2256,0
308.2117,511.63,0
373.8156,428.7017,0
379.7748,415.8146,0
399.9,432.0844,0
310.1844,435.021,0
363.077,426.7454,0
354.1119,575.6065,0
340.8318,484.9006,0
348.3677,505.8597,0
349.4125,448.619,0
377.7517,493.0039,0
324.2777,459.4939,0
424.7606,487.0263,0
352.9532,474.4115,0
374.76,446.4892,0
351.9587,534.6258,0
340.0677,503.9001,0
348.0928,459.5344,0
336.1688,502.5675,0
333.9255,451.9926,0
351.3741,417.4844,0
394.3806,463.7769,0
328.6602,521.1732,0
323.0185,484.248,0
377.2496,440.7589,0
353.5491,430.2906,0
326.7971,455.1929,0
381.8753,412.9326,0
330.5512,496.6903,0
390.1362,448.8972,0
348.3667,548.4971,0
361.1788,486.9691,0
345.6756,524.565,0
341.7956,487.5587,0
361.072,467.1259,0
377.6658,430.8344,0
328.9149,473.7592,0
394.4212,466.7423,0
333.0142,466.1836,0
357.1938,439.8787,0
369.8173,512.3875,0
368.0576,425.0808,0
336.7421,465.5123,0
422.619,434.5915,0
391.9884,511.029,0
338.551,424.241,0
329.8169,466.899,0
351.8403,501.0013,0
350.4861,493.9969,0
323.7841,437.8633,0
337.3777,475.5892,0
347.3163,502.217,0
330.7174,448.2104,0
345.3002,462.1942,0
318.9765,414.3504,0
369.286,431.5156,0
333.7701,449.5729,0
310.0303,405.6783,0
355.8297,473.3662,0
383.369,452.2026,0
357.8963,480.0436,0
418.6473,481.671,0
323.4911,487.8256,0
309.8898,528.141,0
352.642,513.7584,0
379.0887,433.8173,0
379.2956,414.6062,0
346.5049,500.8389,0
372.0206,481.5652,0
335.5484,469.3257,0
337.7721,458.2956,0
388.6536,443.9838,0
328.8537,433.8509,0
360.4448,452.0446,0
344.8298,408.4457,0
360.2452,474.1313,0
381.842,464.7468,0
326.2665,429.3761,0
377.7314,415.6049,0
391.0944,441.426,0
331.4988,460.1884,0
336.6803,483.7055,0
338.8116,385.5607,0
380.826,520.9511,0
343.7322,474.6335,0
366.7654,460.221,0
317.3169,518.8436,0
358.3355,434.0703,0
353.4182,391.4391,0
348.4643,386.2729,0
353.5295,517.4759,0
340.8845,439.3371,0
358.4131,476.997,0
340.4958,429.2249,0
322.0715,449.3462,0
415.5422,542.6387,0
352.0342,443.4439,0
321.6199,478.9456,0
368.9167,524.1852,0
348.4592,486.872,0
291.2906,494.3799,0
299.0793,430.3177,0
407.2866,449.5488,0
328.0035,461.9935,0
366.7611,443.2605,0
323.1743,466.1519,0
389.8092,422.6613,0
350.8603,536.2262,0
327.7499,527.291,0
338.3641,411.1395,0
352.337,460.3493,0
342.7891,455.3602,0
310.4296,433.5068,0
334.3658,481.3727,0
352.4114,417.7911,0
361.3412,499.301,0
357.6849,434.0704,0
338.6961,453.775,0
371.9279,474.8163,0
337.7116,451.1809,0
358.0284,379.0449,0
337.9063,474.0731,0
344.3509,439.8811,0
347.8791,487.058,0
362.6909,445.8811,0
374.6276,431.3149,0
334.112,440.1546,0
386.0109,503.7297,0
374.6863,404.4613,0
372.3594,445.8684,0
377.3563,423.4309,0
330.8561,491.7167,0
353.218,444.2957,0
379.1853,490.4974,0
349.5998,422.6489,0
357.0833,474.0468,0
343.4157,494.8907,0
318.4182,495.769,0
358.216,459.4682,0
313.8653,460.3482,0
351.0454,461.9172,0
318.2394,566.5154,0
402.6521,480.0175,0
344.9172,523.4434,0
394.3849,531.5339,0
350.6096,476.5938,0
337.3652,520.3843,0
337.3232,454.5953,0
342.0446,468.2125,0
385.588,480.607,0
324.3491,443.8676,0
303.7187,508.2844,0
340.2842,488.2238,0
354.5278,422.7221,0
396.4741,397.3255,0
347.0745,426.0724,0
358.3914,421.8114,0
350.3828,467.8938,0
355.6569,492.4968,0
408.1393,422.4155,0
336.3135,438.9381,0
378.5718,544.8317,0
323.8557,512.6206,0
371.608,512.9937,0
378.3685,488.009,0
350.4562,486.6141,0
357.2136,429.8924,0
362.8474,512.1284,0
370.5961,502.7289,0
337.8611,434.1888,0
329.5204,448.8298,0
363.4908,416.1746,0
336.9287,423.2831,0
354.1902,447.9425,0
354.2581,495.6306,0
317.4587,437.001,0
363.9828,446.4823,0
307.9364,475.417,0
323.3026,357.2915,0
348.2434,485.095,0
374.5501,448.3568,0
359.1106,589.2396,0
395.7303,453.7979,0
351.0337,473.9583,0
404.9071,422.2454,0
327.3235,478.1317,0
357.4774,435.7617,0
361.608,478.6512,0
336.9725,462.4913,0
318.3967,457.6873,0
388.8376,439.3033,0
308.1194,456.9597,0
325.216,424.8688,0
324.4603,507.2678,0
362.5536,496.8831,0
317.715,420.0106,0
343.3768,477.5168,0
305.6692,460.7605,0
434.842,393.1257,0
365.8695,487.8136,0
372.1077,491.8918,0
397.632,489.765,0
366.0264,427.2549,0
327.9951,525.9125,0
289.6658,556.1987,0
381.3066,380.5028,0
350.7401,436.2232,0
381.7179,503.0639,0
340.7759,505.4498,0
368.4319,426.8201,0
341.8449,442.7507,0
376.3309,444.512,0
377.8068,417.5732,0
408.2331,452.9102,0
354.6327,446.6221,0
347.0461,466.2201,0
413.3017,402.9597,0
380.8979,447.8225,0
376.0609,441.5767,0
352.5316,458.0526,0
359.4687,451.0768,0
392.03,501.7683,0
356.979,427.6543,0
320.431,463.7151,0
365.0996,501.3736,0
350.2004,488.6328,0
349.1455,474.2581,0
362.4032,446.7408,0
369.0636,507.5356,0
346.9179,499.3448,0
346.4441,458.5433,0
410.2281,467.7693,0
352.7089,518.1639,0
364.9473,453.0298,0
327.924,453.2216,0
329.3428,467.4485,0
324.4252,446.3369,0
348.1738,471.7156,0
332.0212,501.0417,0
329.9703,465.5579,0
360.4327,425.737,0
382.4964,466.9774,0
392.376,474.2766,0
410.7056,438.0172,0
355.16,437.9522,0
331.3533,454.2862,0
377.2666,469.411,0
397.2969,515.4749,0
343.0358,444.4832,0
310.8579,542.8722,0
342.8312,458.2993,0
378.6161,464.6005,0
343.0753,434.2023,0
323.5297,486.7945,0
371.8369,417.7816,0
343.1467,515.2839,0
411.0172,441.2114,0
362.0384,535.4384,0
403.2606,499.718,0
383.8752,419.9653,0
355.9676,454.6769,0
354.9199,368.1725,0
378.7336,454.6206,0
354.9659,492.7007,0
364.0322,451.0567,0
347.7715,486.3951,0
340.4176,419.6242,0
370.7058,460.549,0
347.9072,439.4627,0
362.0911,416.6857,0
396.2734,431.4835,0
387.6241,517.2173,0
364.7794,508.5709,0
340.4636,436.8316,0
364.5381,492.6155,0
381.3122,452.119,0
387.9691,438.9047,0
401.8898,462.5391,0
366.4583,427.3248,0
349.0172,497.7616,0
341.164,502.4484,0
338.6539,492.1392,0
374.7776,390.603,0
336.8917,476.4676,0
329.9715,466.6524,0
353.3165,493.7786,0
373.0187,471.3297,0
345.6034,494.5772,0
356.4345,452.2529,0
354.6616,440.6211,0
381.9974,420.1931,0
397.8444,494.1104,0
335.5568,517.8197,0
359.3493,481.0115,0
358.1483,481.767,0
370.0789,473.1016,0
405.4743,421.0792,0
335.3869,490.4361,0
358.2376,438.9032,0
337.8027,489.3641,0
408.7899,430.909,0
351.9579,500.4755,0
324.7434,482.2846,0
304.9978,476.4247,0
350.0345,422.2323,0
326.0882,460.7337,0
360.103,464.8048,0
363.0532,491.1914,0
371.0113,459.6963,0
332.479,413.8739,0
364.2576,478.8165,0
340.515,459.7403,0
385.3416,507.0738,0
405.7579,417.7717,0
317.7984,466.3297,0
366.8513,466.5942,0
390.177,476.0458,0
334.3544,456.9854,0
389.3499,508.398,0
361.0056,486.442,0
393.2157,442.3561,0
351.483,436.7491,0
326.8586,469.7179,0
324.7367,471.8265,0
368.764,480.2146,0
337.2399,487.6611,0
407.4196,394.9386,0
359.0537,481.3549,0
389.2401,575.316,0
385.4213,419.7768,0
344.4935,476.4709,0
397.6035,480.1401,0
327.2467,535.6432,0
365.6501,436.5244,0
312.6086,477.831,0
385.8812,477.4962,0
367.9095,508.258,0
356.3441,431.6745,0
342.8151,468.0281,0
348.0885,469.3415,0
350.6886,489.6544,0
380.6702,504.5297,0
360.7646,519.692,0
336.8741,450.2369,0
380.5343,462.5584,0
351.4485,396.3003,0
369.2979,507.5779,0
354.7783,446.175,0
420.3362,413.2123,0
338.142,488.4409,0
343.0813,520.337,0
320.402,444.592,0
384.2615,443.562,0
339.3729,453.0361,0
346.8671,468.5889,0
370.7426,468.1508,0
327.2029,472.8794,0
358.0364,454.2891,0
365.6605,459.1363,0
335.631,444.8599,0
360.7904,401.8831,0
352.8521,461.5172,0
375.1373,465.9025,0
355.4044,503.8002,0
351.2975,425.1479,0
380.3893,475.1327,0
362.1618,466.76,0
336.208,509.8217,0
368.4714,497.8469,0
367.8572,495.197,0
365.9095,402.995,0
390.2903,473.9899,0
315.5786,469.7929,0
390.3956,472.3458,0
313.9589,510.498,0
356.4977,473.0372,0
337.1534,453.9797,0
312.9145,447.6418,0
328.8981,391.7554,0
361.5653,467.3984,0
442.6515,425.2227,0
371.1121,446.8072,0
345.7448,430.6324,0
382.4935,442.234,0
327.8607,473.8943,0
336.5164,477.6111,0
350.1314,452.2552,0
355.3677,427.015,0
332.4359,472.6981,0
295.1412,473.1044,0
331.5591,485.9301,0
343.6865,464.1742,0
387.8902,461.1992,0
333.6095,417.6931,0
392.7725,407.7897,0
354.6671,488.2692,0
360.2969,428.1049,0
327.4333,520.384,0
364.0464,436.147,0
313.5957,501.1478,0
367.2514,464.5089,0
377.0106,448.5657,0
395.9166,473.1804,0
364.4364,452.7869,0
377.8551,416.3149,0
346.2917,493.669,0
344.2421,487.9991,0
400.955,465.7582,0
357.2972,431.2787,0
332.0381,421.646,0
371.7303,480.654,0
368.0323,492.7615,0
347.6313,430.815,0
355.6013,471.0894,0
368.9038,444.1793,0
360.2405,450.231,0
337.4298,416.9821,0
363.6475,455.0161,0
366.3757,516.0027,0
364.3405,441.9084,0
345.0106,431.3218,0
364.1299,482.8616,0
344.0029,509.323,0
323.2067,469.5504,0
367.0254,448.4832,0
330.9365,476.7621,0
313.8074,450.1996,0
354.6289,500.1695,0
333.78,419.296,0
377.2673,422.0361,0
339.7897,476.9943,0
385.9426,439.787,0
328.5925,504.9711,0
366.6765,504.9366,0
335.4612,432.7789,0
340.2061,409.9057,0
326.0518,456.8486,0
353.2747,436.1012,0
355.031,491.7058,0
397.1183,474.5027,0
322.8828,405.3856,0
342.5803,435.6983,0
369.5951,419.6958,0
371.2172,426.648,0
334.9879,419.5437,0
355.5272,460.0667,0
333.8004,466.3367,0
350.7943,474.5314,0
333.8556,523.5953,0
369.4618,520.4127,0
384.6928,451.308,0
377.5745,479.8926,0
339.5875,465.5506,0
421.0222,465.538,0
308.8043,491.8373,0
388.2633,505.9813,0
358.7666,501.7593,0
373.5434,467.3779,0
390.8837,428.188,0
358.0185,538.256,0
334.4209,468.7979,0
401.8421,438.4493,0
391.3065,447.3714,0
340.7411,415.7066,0
420.5897,408.0522,0
351.3644,491.4427,0
334.0844,506.8188,0
357.462,485.3688,0
342.9252,449.6728,0
384.1327,487.2392,0
387.5446,427.6385,0
364.044,453.334,0
377.1436,504.0786,0
321.2206,420.4332,0
360.493,439.3607,0
350.3094,438.1611,0
318.7152,512.4122,0
350.6559,445.4819,0
390.0028,431.6045,0
407.5893,468.03,0
378.6448,421.4506,0
326.3062,484.7668,0
338.0189,457.1963,0
361.9597,441.9468,0
347.0521,439.5034,0
366.9517,463.0971,0
380.0996,445.5076,0
405.5753,433.9655,0
345.9944,445.5037,0
358.9713,435.0211,0
305.6691,533.6554,0
327.4188,421.9908,0
358.3085,423.2144,0
360.5669,461.9543,0
396.7774,400.4687,0
382.8779,486.6174,0
384.1853,410.5503,0
327.4883,479.1206,0
372.8869,436.9461,0
360.6362,425.4234,0
357.7768,449.0709,0
344.2963,467.7111,0
320.8694,475.4211,0
375.3737,445.8514,0
364.3837,486.798,0
352.9658,459.0763,0
363.3302,460.8797,0
371.8573,413.8029,0
371.7141,493.9792,0
343.5693,513.043,0
346.6773,453.7098,0
344.5322,445.993,0
405.5667,475.5126,0
369.2679,409.5831,0
358.853,472.9066,0
398.1483,457.7881,0
422.3411,407.2755,0
346.938,468.2216,0
346.5665,415.6405,0
343.39,511.0496,0
340.8845,451.7988,0
343.9351,409.8855,0
359.8905,424.925,0
389.3115,495.6527,0
356.974,514.0207,0
351.1674,472.5839,0
356.7086,515.0627,0
352.1661,417.1375,0
318.6549,458.5746,0
398.1882,433.6075,0
346.1866,374.226,0
379.4476,397.5839,0
350.1656,457.5249,0
327.0398,486.8513,0
338.3515,489.803,0
363.8017,465.0693,0
327.983,455.4554,0
344.204,478.4083,0
379.1696,433.3311,0
370.4237,470.5821,0
378.5692,439.9865,0
314.8805,460.5404,0
385.6177,429.2298,0
351.1398,431.2348,0
357.4702,402.814,0
323.1373,454.2252,0
339.5689,456.9974,0
315.8702,454.1161,0
388.9323,491.2262,0
372.2901,468.9504,0
390.691,493.409,0
341.1594,503.8271,0
417.397,500.8794,0
404.73,363.483,0
351.5984,514.0812,0
388.1667,430.9906,0
412.8748,478.8766,0
394.509,437.742,0
356.8854,472.0183,0
407.9308,434.9015,0
337.8241,516.5281,0
378.035,443.1898,0
364.0657,383.0584,0
370.2343,473.5931,0
348.4287,476.6141,0
340.4199,408.747,0
416.8497,581.2119,0
323.0467,472.9915,0
328.0669,481.9688,0
368.3719,449.2328,0
364.9344,480.8695,0
334.8041,463.3514,0
343.9671,415.0715,0
348.6938,499.4693,0
356.0839,402.1123,0
392.4581,385.1684,0
377.5822,451.1039,0
363.5331,468.364,0
365.5018,439.2723,0
379.4691,414.2917,0
346.8018,467.3861,0
372.4077,461.2747,0
325.2142,511.9569,0
372.9917,460.2963,0
362.2458,425.666,0
348.9142,464.7833,0
288.2414,507.7643,0
322.9688,523.3242,0
347.3734,463.8896,0
305.8692,504.7326,0
310.2359,480.8558,0
357.7569,391.0191,0
342.3567,403.2342,0
363.4993,455.9511,0
346.9792,476.8947,0
350.84,463.3402,0
365.3809,446.828,0
396.7864,501.6964,0
296.2695,465.121,0
338.8657,441.2277,0
340.9232,502.5849,0
379.6917,484.1017,0
364.4122,562.477,0
389.3913,449.3393,0
311.1678,548.0966,0
358.9893,540.7846,0
313.6077,459.6247,0
393.2309,525.1133,0
373.1436,417.1173,0
390.1194,487.5897,0
340.2222,444.5571,0
398.1307,480.4257,0
323.8213,533.7312,0
363.2835,421.3958,0
323.691,463.1254,0
304.0344,534.4104,0
384.7742,470.7189,0
370.8829,406.9781,0
355.8547,431.9028,0
322.2062,523.1808,0
338.9527,442.2683,0
307.4185,463.54,0
375.3461,448.7464,0
368.9932,497.5107,0
295.3301,468.0828,0
358.9739,481.605,0
366.1838,422.8268,0
346.8482,515.6146,0
371.9307,435.5184,0
319.6051,454.7869,0
327.7843,454.7257,0
377.9478,445.2315,0
370.153,471.0867,0
299.7657,444.3998,0
360.122,444.9647,0
343.7011,424.0862,0
359.7877,505.7847,0
331.8149,421.4995,0
370.3453,408.3144,0
373.4623,458.4241,0
328.7934,473.2689,0
327.353,446.3524,0
312.7688,454.0685,0
347.1237,467.5217,0
296.9559,467.4852,0
364.7354,508.8026,0
360.8224,466.5071,0
386.4446,464.7226,0
368.3236,475.6259,0
343.4894,505.5377,0
312.3296,475.4971,0
347.7681,420.7003,0
365.5505,438.6887,0
321.256,487.313,0
340.8915,500.5141,0
352.3861,478.0671,0
345.079,502.9817,0
364.4208,466.9855,0
297.7917,459.4634,0
358.3318,470.8606,0
363.4089,441.6678,0
353.405,473.821,0
370.1272,455.1704,0
389.4319,442.3165,0
376.5101,438.4601,0
354.649,415.9246,0
363.3469,477.1083,0
413.7007,434.9047,0
318.9368,445.7419,0
368.2433,433.7963,0
350.8799,470.3063,0
397.5946,434.2653,0
364.0437,422.5425,0
399.7502,433.6246,0
348.5036,533.541,0
359.4785,480.5432,0
352.034,461.7682,0
353.48,436.1429,0
321.7506,422.8509,0
325.0097,480.5308,0
368.1796,530.6599,0
323.4377,440.9852,0
339.4611,519.9958,0
359.8025,467.8658,0
311.4855,437.7932,0
347.1045,497.8527,0
377.5232,478.4516,0
319.4083,455.0879,0
323.5187,484.8653,0
375.2709,468.5433,0
363.0551,418.3335,0
367.7061,463.8652,0
318.932,462.7556,0
354.9547,472.6909,0
389.2295,409.5319,0
332.2741,500.2912,0
309.7022,465.4079,0
349.4487,486.5439,0
384.0397,434.2234,0
366.3475,503.3623,0
377.8563,540.1957,0
347.6476,539.2967,0
297.6577,423.7707,0
355.1873,471.9311,0
345.6508,466.0741,0
382.8836,494.7142,0
382.222,450.5668,0
427.6138,501.6051,0
361.4938,456.0619,0
378.8071,467.216,0
392.3891,484.9252,0
339.4401,504.9727,0
394.775,497.3016,0
356.9401,446.4699,0
357.084,509.5491,0
372.8188,416.5086,0
335.6861,500.8734,0
367.3959,406.8553,0
341.6766,418.4211,0
423.0044,499.481,0
328.6676,493.2161,0
367.6064,468.1269,0
410.5526,383.1119,0
334.107,523.0096,0
348.6621,480.5135,0
349.4112,476.7604,0
310.4248,414.5808,0
360.8807,477.1415,0
343.3032,426.379,0
362.0983,472.2539,0
379.555,431.7209,0
381.8545,438.2346,0
348.4371,483.886,0
326.9897,458.916,0
359.6931,465.2335,0
353.1898,469.553,0
343.156,475.3594,0
419.4106,443.7898,0
346.3905,419.6624,0
332.7614,538.2819,0
304.9313,450.2416,0
364.3431,478.1121,0
279.8951,471.3596,0
338.6824,489.6972,0
332.2694,448.0814,0
315.4388,481.7564,0
314.868,436.7843,0
338.75,469.4418,0
357.5421,624.7861,0
382.424,468.957,0
344.4256,465.5867,0
372.0201,372.0866,0
332.0243,487.2844,0
343.1954,513.1685,0
353.1008,508.8497,0
337.6549,452.3781,0
383.4259,480.7092,0
389.095,485.0175,0
355.0214,439.2329,0
363.211,482.1589,0
351.226,441.199,0
361.4122,567.7679,0
378.6742,500.9033,0
348.1824,453.0831,0
323.6296,441.1814,0
326.1826,513.5292,0
347.0736,433.1781,0
393.7845,476.2677,0
362.7257,460.731,0
355.3289,510.8895,0
386.8823,467.0085,0
284.892,471.7773,0
351.0087,456.666,0
380.8192,422.0554,0
334.5684,491.2118,0
402.0737,506.2929,0
372.0448,450.914,0
381.5037,450.08,0
370.3209,430.2717,0
360.1577,444.817,0
354.5038,491.9397,0
344.0806,520.5925,0
350.0909,466.4548,0
363.2693,431.7596,0
352.3655,440.8638,0
349.6404,422.8104,0
355.9625,480.0499,0
329.2921,482.6238,0
389.2049,438.088,0
378.7145,449.1202,0
351.2091,410.1086,0
360.9717,427.2945,0
349.4858,507.4323,0
365.2686,531.1292,0
329.4037,453.3647,0
368.4866,407.6591,0
400.1637,445.2975,0
355.0059,467.4018,0
337.9801,445.9421,0
387.3672,420.9904,0
309.5349,491.3607,0
375.0247,441.1581,0
347.7921,488.9395,0
359.5494,443.9694,0
390.2565,466.7068,0
354.9441,498.0664,0
333.2149,509.3854,0
362.8224,452.7061,0
385.0466,490.1447,0
318.4891,428.9483,0
394.2289,472.8542,0
343.202,487.2366,0
343.5696,496.7996,0
386.2886,408.5092,0
364.8804,465.5962,0
362.1797,405.4617,0
327.2698,445.459,0
323.2045,503.8646,0
347.7815,510.4615,0
335.5793,541.3828,0
365.6389,478.2598,0
375.8336,540.5444,0
382.3797,517.61,0
356.0078,417.7086,0
314.0985,480.1048,0
378.5511,491.5145,0
335.4507,462.3195,0
336.8078,391.4607,0
377.7512,415.5857,0
347.4408,498.1565,0
370.5637,411.9092,0
320.3177,490.4789,0
361.3484,468.9001,0
360.4581,449.0073,0
377.1184,457.5512,0
347.9833,481.4052,0
305.5049,467.5798,0
370.3786,475.7852,0
398.2799,436.329,0
387.5709,467.1878,0
303.4745,477.1359,0
331.2349,449.1402,0
356.1028,471.6842,0
322.023,434.1747,0
390.0764,507.0704,0
389.1329,408.2661,0
415.2288,427.0278,0
324.9114,492.1254,0
332.6693,502.8224,0
330.8035,493.2661,0
327.0545,480.938,0
361.3391,464.3589,0
373.1796,515.3986,0
355.7237,480.5042,0
330.751,526.6747,0
358.7739,428.504,0
402.3448,433.9323,0
353.4426,434.6154,0
356.615,460.6245,0
362.3036,429.6705,0
357.5332,475.7025,0
345.5507,478.7105,0
386.6245,484.8114,0
358.1129,457.6126,0
371.2021,444.6478,0
382.3205,444.4264,0
360.9141,447.7314,0
305.6622,544.8182,0
310.4832,470.7711,0
342.192,491.4274,0
360.5784,452.7432,0
343.9306,483.9771,0
307.1672,504.8681,0
399.3107,506.5584,0
391.122,482.8839,0
360.2854,442.3284,0
351.5075,496.9244,0
446.6281,437.921,0
343.2521,437.3329,0
349.5555,407.666,0
329.6617,458.576,0
339.4515,520.8696,0
350.5358,465.7758,0
389.0519,433.7065,0
392.3663,482.6387,0
320.2119,438.0316,0
345.9582,480.7081,0
369.3683,513.778,0
334.1342,450.776,0
347.8932,410.8326,0
356.3186,484.0951,0
369.4287,473.3416,0
357.0905,526.5273,0
371.9026,471.6071,0
353.2732,496.8038,0
325.2511,449.8769,0
356.1079,418.4442,0
365.8583,498.7455,0
338.9541,476.4919,0
372.3719,470.8595,0
377.128,457.4037,0
351.7124,451.7411,0
327.3492,480.358,0
361.629,491.4274,0
321.3541,422.5068,0
352.7056,449.5717,0
373.6255,477.1881,0
326.1234,535.7806,0
330.1483,442.1641,0
386.1864,427.8549,0
387.3633,456.2381,0
368.903,524.546,0
416.0915,415.0968,0
396.0385,406.5858,0
320.1743,453.4942,0
355.9281,432.15,0
333.2661,473.0798,0
335.7666,474.8308,0
337.0421,475.359,0
355.6851,474.1065,0
351.2297,434.8141,0
392.3152,435.5017,0
357.0731,451.1248,0
344.7113,484.5253,0
360.9933,477.9203,0
389.3305,397.0688,0
321.6035,435.4678,0
365.6049,442.7146,0
326.8053,491.623,0
352.8048,471.7794,0
342.6649,424.3602,0
339.6693,472.9667,0
362.9541,448.2628,0
386.5128,463.4445,0
351.72,474.8704,0
326.4289,490.702,0
332.0195,524.8003,0
352.7254,474.5742,0
408.3044,469.3049,0
334.7452,444.4969,0
362.3734,476.3253,0
354.6895,461.6904,0
350.7961,501.7774,0
365.4518,459.0819,0
363.465,458.9269,0
352.985,526.6417,0
353.6341,399.1374,0
364.2323,389.5974,0
363.8547,479.7977,0
348.827,438.7785,0
395.282,479.3993,0
330.2038,509.5052,0
351.0561,492.3154,0
342.4233,512.2986,0
354.8333,456.8531,0
343.6518,440.5803,0
322.9785,458.0399,0
359.467,493.2719,0
338.6246,474.3198,0
357.7173,512.564,0
293.0012,509.6193,0
366.2803,469.6338,0
321.6937,448.0099,0
347.8434,493.5978,0
366.9363,495.1339,0
299.6512,449.5015,0
384.3823,455.6579,0
361.5567,475.5663,0
357.2935,519.5912,0
313.4581,457.9703,0
338.3759,561.2058,0
368.4762,501.6205,0
310.5114,483.4612,0
358.5117,411.1382,0
311.8623,521.3078,0
372.6013,453.1448,0
369.1717,492.2977,0
340.7933,462.4368,0
347.2912,427.1616,0
317.1769,476.2296,0
365.0617,435.0911,0
331.9088,496.9831,0
347.1387,440.9374,0
352.9224,486.0796,0
370.223,448.0918,0
351.326,439.7136,0
378.5429,469.0984,0
353.7585,540.0804,0
319.5659,475.9333,0
309.3989,466.3247,0
337.618,451.6232,0
363.1822,437.5328,0
386.8196,491.7353,0
391.1768,492.0894,0
389.8168,441.0289,0
348.6875,422.7613,0
384.7848,471.3317,0
398.4426,445.5874,0
355.2581,506.1723,0
419.6738,450.9175,0
373.075,454.2709,0
344.7493,461.8528,0
317.5699,504.475,0
362.152,472.0274,0
326.1896,490.4803,0
360.6938,406.5679,0
377.9142,403.9714,0
324.1636,471.3148,0
377.4747,494.2547,0
344.7055,509.9044,0
340.856,448.6335,0
328.9208,445.1879,0
362.51,466.8908,0
389.5718,416.8459,0
349.6483,466.6683,0
382.6711,488.1098,0
321.7207,469.4931,0
373.191,466.0359,0
330.9492,456.0973,0
327.6198,527.8946,0
322.198,434.0023,0
335.9177,503.5612,0
367.0898,469.8629,0
372.8606,413.1879,0
383.6672,459.0514,0
348.5241,418.1847,0
349.2458,442.7216,0
388.6976,412.5132,0
294.6595,513.851,0
361.5571,450.7823,0
370.5099,437.0823,0
361.2256,453.4368,0
343.4639,479.7273,0
415.907,462.291,0
356.4128,434.0768,0
372.3093,414.1467,0
325.6372,434.7017,0
338.131,484.1944,0
336.9233,507.493,0
334.7917,429.4791,0
342.0687,475.9507,0
356.1226,464.1643,0
362.4111,456.9741,0
342.134,498.9385,0
338.2511,452.5027,0
337.2989,463.0762,0
327.8118,481.3654,0
348.6026,416.7253,0
370.5847,448.3315,0
335.6388,490.7949,0
323.3489,434.2078,0
368.993,477.2297,0
391.0206,472.0852,0
342.0726,558.0096,0
344.3051,506.79,0
349.757,493.2302,0
373.2349,475.0065,0
363.0757,520.1406,0
359.9373,420.9395,0
358.6703,481.894,0
305.8471,426.4202,0
373.3889,534.1848,0
332.3518,449.4231,0
376.327,480.9536,0
350.5875,495.4034,0
362.9844,494.8027,0
347.442,474.7021,0
326.2411,450.9926,0
345.6036,492.439,0
366.6141,497.6547,0
396.7075,466.7765,0
371.695,487.3215,0
370.6136,404.2731,0
425.7177,498.0626,0
324.89,474.5557,0
382.4163,484.3354,0
337.4473,536.5628,0
365.2196,477.1392,0
343.0831,407.4677,0
339.5248,474.1454,0
384.8522,467.8369,0
409.5531,489.3804,0
330.4246,486.0451,0
346.4062,433.6777,0
364.9871,458.8033,0
336.4573,453.4319,0
318.3831,502.5482,0
358.6296,510.1404,0
342.3963,496.6194,0
389.7364,427.1227,0
394.8356,432.6397,0
331.5183,539.2289,0
321.4547,449.8138,0
351.1252,478.6236,0
392.4982,432.3295,0
358.8289,445.8126,0
331.9551,481.4709,0
325.78,429.798,0
338.397,481.7208,0
376.0591,464.1881,0
382.2542,485.9487,0
327.9338,454.4484,0
341.3699,476.6044,0
343.842,462.0479,0
355.9811,516.0725,0
366.6971,440.0598,0
403.962,406.1735,0
346.3157,480.7953,0
410.9457,531.2223,0
361.5574,413.1469,0
337.8228,451.1589,0
327.1971,436.5828,0
362.7964,472.5639,0
306.4949,434.9843,0
367.6296,510.5518,0
365.9466,412.9297,0
336.9545,475.5178,0
327.8086,443.3292,0
353.4462,445.9245,0
292.5529,413.127,0
374.1395,440.7968,0
340.1014,439.8849,0
344.1353,421.2438,0
363.6187,475.4375,0
327.6469,478.359,0
303.0321,503.9182,0
342.3797,477.931,0
332.3584,455.4245,0
319.0262,403.4752,0
360.4558,480.4979,0
309.9588,490.108,0
354.5604,449.0703,0
381.1463,404.7882,0
365.306,444.977,0
389.6534,425.3831,0
330.6551,499.9777,0
319.7862,492.7195,0
326.4575,432.7548,0
340.2896,505.012,0
378.0312,439.017,0
342.7356,494.0398,0
310.3099,414.3095,0
273.7611,476.6542,0
412.3082,458.2285,0
355.735,394.4222,0
331.6852,453.5883,0
387.465,437.7692,0
313.3035,499.0772,0
311.473,429.3474,0
326.2754,486.881,0
323.6368,563.8537,0
333.2913,451.8713,0
335.3419,476.3214,0
437.4584,431.4767,0
388.7523,533.5298,0
396.5109,484.0131,0
376.9752,453.4044,0
349.1188,481.8989,0
368.9894,413.0389,0
389.0182,520.8694,0
361.5967,431.4954,0
346.6445,495.5752,0
355.9649,455.8942,0
356.0197,442.5997,0
332.7877,451.0229,0
368.893,419.4568,0
321.7188,430.5009,0
316.9629,450.0891,0
315.1194,441.0992,0
428.7971,458.5711,0
358.1981,429.6733,0
374.7275,430.8549,0
319.1085,464.4363,0
355.2555,436.7875,0
410.9199,466.3802,0
402.2382,434.5391,0
382.6351,410.3773,0
352.5604,517.329,0
339.7837,499.7571,0
360.7359,447.8854,0
343.2373,483.3264,0
322.45,449.6984,0
358.5491,449.4513,0
377.7021,517.9006,0
366.6548,473.691,0
330.5291,435.4358,0
342.2053,490.9893,0
354.7253,494.8074,0
343.0339,481.7562,0
341.493,453.9695,0
383.2668,443.0106,0
322.5131,449.3265,0
359.1006,402.6469,0
359.2082,439.5111,0
347.63,485.0461,0
328.9871,427.4323,0
374.1186,460.6211,0
359.721,408.2929,0
319.6021,405.8087,0
342.9551,485.4075,0
348.3402,470.8452,0
347.7686,500.8271,0
344.3392,481.8451,0
382.4385,456.153,0
360.5689,517.8582,0
390.3526,413.7782,0
371.4665,441.6701,0
389.8189,473.4702,0
361.3475,437.2141,0
342.2744,405.9273,0
339.4165,445.2834,0
349.3137,405.7307,0
339.1013,473.9907,0
369.0718,445.8695,0
363.588,424.6756,0
375.9142,476.7579,0
368.3588,510.8896,0
299.4945,466.9935,0
335.8989,448.8076,0
386.2657,449.9724,0
362.6219,465.2759,0
365.3329,496.7615,0
372.2358,505.5005,0
428.4111,464.0064,0
377.7115,475.8907,0
324.5572,444.0916,0
393.5564,438.2694,0
307.6324,472.0753,0
378.6664,472.7242,0
355.0579,489.3847,0
393.2513,487.0472,0
329.4305,467.1912,0
386.2798,444.859,0
314.6203,517.8502,0
361.5965,481.6813,0
386.7118,491.1727,0
353.9969,467.8747,0
350.6237,501.1126,0
361.0734,442.7877,0
358.8707,423.9471,0
355.9571,470.3559,0
334.1318,467.2621,0
346.3356,424.7757,0
345.9067,478.0411,0
303.6205,504.5527,0
353.5648,507.0499,0
402.9542,402.8654,0
422.1629,433.9042,0
379.3052,476.5293,0
391.3125,464.4146,0
376.4825,475.1408,0
401.1308,466.4813,0
326.5688,444.3934,0
378.4938,475.6842,0
369.0637,493.996,0
405.9785,410.3649,0
393.4672,429.5267,0
334.3064,498.1427,0
370.9895,436.3416,0
381.1995,418.8472,0
339.9789,501.4384,0
353.6764,502.038,0
319.0603,479.9399,0
325.2886,483.2363,0
358.0744,448.0747,0
385.1038,481.0711,0
346.6626,408.3416,0
400.7547,453.8323,0
335.2029,518.4465,0
382.9551,424.4325,0
410.0597,476.7573,0
338.3749,429.0152,0
363.3415,523.5953,0
358.8528,458.4723,0
368.6161,453.0913,0
330.108,472.9733,0
375.1226,435.7214,0
330.548,528.7451,0
366.4059,464.9368,0
327.6872,515.646,0
361.1775,457.917,0
286.4926,505.2661,0
396.8499,480.3751,0
335.7474,472.4545,0
341.0479,414.8297,0
357.7574,500.7938,0
379.6752,459.3527,0
331.7524,406.4265,0
356.6897,475.3692,0
317.8947,510.146,0
355.0016,439.1853,0
434.352,519.9231,0
328.4852,546.5043,0
369.7354,489.2401,0
380.3599,442.5617,0
350.9208,416.7498,0
337.7041,444.7361,0
337.6498,428.1318,0
333.6313,469.6065,0
364.3004,451.3821,0
387.1347,481.6242,0
371.7205,479.2778,0
322.9323,455.0709,0
379.4128,447.7759,0
342.1667,491.9904,0
336.7984,423.5379,0
381.5805,447.1369,0
375.9091,430.1049,0
355.1296,455.8488,0
349.1468,488.7289,0
342.4957,447.3332,0
336.9503,481.5074,0
361.2122,509.6645,0
315.0199,500.7058,0
395.5971,431.1431,0
332.3609,474.2349,0
343.3079,453.4266,0
352.7601,479.838,0
342.9693,434.2052,0
379.8349,435.6221,0
376.5293,438.2111,0
377.4709,530.9011,0
359.374,515.5217,0
348.5394,430.8695,0
350.2211,507.1534,0
314.4814,436.7998,0
353.0813,453.4007,0
361.9216,465.5153,0
353.5784,408.9464,0
369.3553,488.0029,0
389.1354,447.8959,0
365.5265,502.2599,0
333.6467,511.209,0
374.691,439.2194,0
408.2741,406.137,0
343.3688,455.3778,0
342.8451,395.9537,0
411.9022,589.5028,0
328.7334,486.763,0
349.1146,464.2652,0
369.9933,445.4435,0
360.7269,433.5808,0
327.3699,506.4863,0
353.4557,484.2836,0
363.5895,482.5848,0
331.9145,465.8174,0
366.0138,469.5437,0
354.5274,467.0249,0
332.3777,473.4386,0
340.6642,511.7379,0
331.3809,456.8052,0
335.3687,463.5043,0
306.3056,539.6694,0
311.2963,490.8039,0
324.7335,592.9152,0
325.1897,460.7519,0
366.581,445.2795,0
380.3437,560.2417,0
314.5536,426.921,0
354.915,453.1114,0
411.3162,360.2907,0
312.0745,518.7758,0
342.1636,465.6536,0
410.8722,410.6005,0
359.1074,463.8459,0
352.8741,468.8483,0
375.3769,414.639,0
408.4444,493.0305,0
360.0579,459.1714,0
347.1014,437.4418,0
366.5198,463.7911,0
394.7228,434.8574,0
362.6346,463.409,0
327.8669,440.8882,0
339.8466,437.3049,0
410.1754,452.1222,0
352.2598,421.9737,0
384.4135,413.4557,0
360.9612,490.2675,0
377.1392,488.0518,0
304.6135,454.6642,0
340.2203,435.6288,0
316.5915,459.3794,0
415.5198,439.4566,0
312.7029,534.2834,0
389.8084,474.5895,0
326.8289,484.9024,0
384.726,457.5261,0
349.7805,479.9959,0
421.3265,494.05,0
372.7287,528.7216,0
373.8464,455.8566,0
353.7435,448.6464,0
360.3831,468.1119,0
354.4721,451.829,0
328.8511,450.8544,0
336.5844,468.6921,0
354.6415,454.7258,0
341.6762,508.8975,0
300.804,470.2845,0
350.3503,473.8463,0
378.8746,465.5639,0
363.8439,482.1973,0
316.5689,513.9937,0
327.8162,448.5457,0
388.0993,444.4535,0
364.6955,526.0432,0
412.0831,490.7574,0
337.9846,424.223,0
372.6913,500.2995,0
338.7659,500.461,0
358.1378,475.7236,0
388.0034,468.8219,0
345.4353,434.0499,0
358.1352,442.0189,0
343.0653,465.3345,0
366.4048,442.7165,0
360.6689,491.9842,0
347.5831,393.764,0
309.6565,514.5715,0
315.5194,467.5537,0
355.2443,493.5401,0
347.1825,450.6616,0
369.9236,473.4481,0
383.1829,544.9247,0
355.1817,493.1589,0
354.9968,428.2627,0
386.4856,475.2166,0
322.1837,513.7189,0
348.8231,448.5488,0
298.0489,482.4156,0
370.4948,475.994,0
367.7364,414.4043,0
348.2174,495.4163,0
384.4135,456.3104,0
316.9501,415.458,0
340.823,452.0145,0
377.4925,418.4441,0
339.9039,501.2981,0
349.2413,483.1969,0
341.2699,463.39,0
387.2574,399.0545,0
344.8788,427.794,0
386.3412,416.4483,0
316.6287,511.8165,0
398.7451,574.9382,0
382.9239,512.0359,0
361.2891,420.3395,0
329.024,451.9731,0
362.8598,463.033,0
375.1537,479.3401,0
371.1895,463.3898,0
393.9605,464.5067,0
359.7755,475.5222,0
366.1138,466.2329,0
365.5486,436.3869,0
334.7755,504.4061,0
390.8958,436.3983,0
365.9549,486.248,0
360.5148,487.4863,0
307.5511,474.8735,0
341.2301,482.9809,0
396.5939,492.9947,0
351.1534,508.5835,0
353.6655,430.9485,0
360.9431,469.1287,0
360.542,466.5993,0
357.8641,422.7545,0
363.0535,446.9253,0
348.5016,446.4381,0
332.6335,447.9897,0
368.1317,443.9233,0
393.5488,456.2796,0
356.2028,408.8648,0
342.5042,471.7726,0
347.5825,489.472,0
361.5017,447.6931,0
344.2314,458.1926,0
344.1946,477.2703,0
372.7017,475.4018,0
342.0248,482.0488,0
328.9113,487.2377,0
355.1489,456.185,0
380.7037,467.9586,0
335.78,451.6191,0
346.4833,464.3802,0
371.5331,441.4263,0
344.4583,481.5025,0
346.7016,499.9137,0
356.4688,446.8397,0
349.0404,516.6661,0
341.5895,462.4425,0
350.2522,533.4854,0
383.1503,441.1911,0
385.5535,518.2712,0
359.6555,434.0226,0
398.4017,505.9359,0
375.1617,435.6286,0
348.8926,503.3539,0
369.3071,443.6697,0
369.2555,470.9124,0
325.7916,421.5263,0
350.3293,431.1057,0
372.8141,424.7181,0
299.6267,476.1343,0
348.7673,486.4685,0
352.1703,528.9238,0
367.0093,477.2734,0
379.0171,427.9557,0
334.5899,463.1252,0
409.5929,463.5406,0
414.5632,446.4307,0
341.52,487.6932,0
349.9823,447.0065,0
366.764,395.5002,0
404.0425,407.3348,0
353.7485,501.4904,0
337.3917,444.6528,0
372.4728,450.2104,0
369.57,461.6079,0
347.5045,513.9551,0
387.8812,466.3696,0
403.0514,420.5039,0
369.9913,462.0841,0
344.298,480.6651,0
372.2181,397.658,0
375.4003,519.2056,0
374.1328,457.9798,0
374.1554,459.3215,0
368.5552,459.8947,0
367.7736,447.8543,0
342.8661,456.6393,0
375.0573,392.4667,0
369.084,486.7272,0
378.226,469.0599,0
361.2185,422.1481,0
413.9665,440.2181,0
372.1073,480.4651,0
398.6774,415.2831,0
351.0834,479.9473,0
331.5906,493.2848,0
413.9148,428.581,0
392.3243,463.9481,0
320.2813,423.8596,0
338.4755,453.9946,0
316.0686,437.8959,0
327.2171,447.4998,0
364.8345,425.149,0
332.4028,520.0677,0
370.0821,509.5111,0
315.8504,491.5272,0
310.6661,492.8995,0
368.7976,534.2993,0
376.3262,420.4987,0
385.7525,391.9305,0
373.4153,491.1201,0
351.468,479.2176,0
341.7156,432.413,0
391.0561,419.82,0
367.7247,443.463,0
321.6819,460.2166,0
358.7718,517.9368,0
387.1656,492.5114,0
374.1835,474.9924,0
334.0999,433.5693,0
307.3514,519.7026,0
376.9583,423.0085,0
385.4929,467.3324,0
365.0878,503.9683,0
348.8522,415.4428,0
376.3865,474.9661,0
387.1946,499.0245,0
364.302,437.9879,0
315.4394,494.2824,0
393.873,511.4591,0
336.5662,489.4207,0
324.3824,498.5645,0
370.3407,481.123,0
313.6062,495.4955,0
312.3331,470.5953,0
326.7703,496.5776,0
335.1141,483.8315,0
322.9351,465.7121,0
390.8372,468.8398,0
385.0729,407.9367,0
342.1607,478.4445,0
335.5742,422.1693,0
388.2057,451.2688,0
367.131,525.774,0
366.764,427.2025,0
364.5542,452.2697,0
358.3236,418.4206,0
356.5563,443.7302,0
395.1362,439.5524,0
348.7249,445.9822,0
369.4672,453.0289,0
352.1759,526.4189,0
330.1635,513.3686,0
343.6455,466.8912,0
311.5532,526.6638,0
349.2593,396.7896,0
358.9314,464.4303,0
387.6284,432.9064,0
361.8545,499.7361,0
345.5363,430.781,0
338.2934,454.2725,0
324.1215,521.7772,0
394.2774,443.3724,0
325.6481,460.955,0
313.0672,427.6757,0
358.1328,444.2836,0
356.2251,524.3541,0
325.434,461.2158,0
362.6547,461.3413,0
349.6781,469.7071,0
333.5628,491.0451,0
357.6953,551.8585,0
341.3049,478.7908,0
331.2741,478.2462,0
348.715,455.3809,0
361.8348,431.3312,0
341.1347,488.6211,0
398.4043,448.8361,0
375.1887,457.9005,0
281.3479,557.5238,0
392.8695,429.9568,0
370.4231,418.9811,0
357.0262,483.0412,0
343.9549,476.5826,0
355.3375,485.2534,0
398.8669,453.1222,0
393.3342,525.7362,0
373.9543,435.4233,0
371.9517,546.7555,0
335.9724,432.1573,0
333.987,453.1924,0
397.9597,453.3749,0
353.2051,456.2574,0
374.3956,525.4762,0
378.1079,422.1487,0
335.8427,440.2601,0
368.0265,487.3831,0
314.1962,485.314,0
352.9779,490.731,0
374.1658,415.0294,0
348.3358,512.1563,0
342.4733,456.5281,0
340.3989,412.2044,0
349.5101,494.075,0
366.7535,494.3615,0
348.6544,459.2178,0
390.5066,466.0464,0
340.5042,461.4891,0
344.7122,454.7321,0
375.8107,450.6526,0
383.6115,447.1478,0
340.4278,481.0598,0
398.4451,513.949,0
352.8085,411.11,0
336.5463,496.1018,0
342.666,481.2935,0
320.3964,539.9956,0
377.8712,434.7202,0
388.743,443.0692,0
355.7842,503.9726,0
369.8337,476.8958,0
323.5546,445.5232,0
363.3757,469.7792,0
379.2184,450.4772,0
327.9409,468.7392,0
372.2538,448.9285,0
371.4826,412.1175,0
335.0384,479.1155,0
410.947,441.5351,0
364.4524,483.9807,0
356.4591,471.1559,0
375.5936,488.4633,0
368.7605,449.2792,0
393.3322,439.1829,0
342.1714,463.9263,0
342.0888,472.9145,0
335.8553,467.3302,0
356.7616,505.101,0
342.1402,449.2548,0
357.1746,537.6288,0
353.8739,409.4084,0
375.0416,514.2883,0
357.0638,432.0751,0
338.5615,472.6909,0
350.7736,471.3541,0
365.0549,515.1931,0
396.9023,508.7374,0
395.894,448.4588,0
360.2191,456.2773,0
365.5804,432.2921,0
366.6546,454.4626,0
375.4564,521.4689,0
315.9822,506.8172,0
369.3774,460.778,0
337.9816,484.8395,0
359.6429,458.3452,0
364.323,443.3152,0
316.067,412.2855,0
391.3437,469.8113,0
365.5626,431.807,0
341.7945,496.9742,0
333.7351,487.1813,0
324.4111,435.6891,0
336.4996,502.2202,0
376.5363,474.5058,0
357.7811,494.3239,0
344.549,465.7414,0
383.1071,473.3999,0
363.2069,440.152,0
356.2139,423.4724,0
369.2704,510.2563,0
382.4478,477.5094,0
336.9227,523.905,0
400.3097,459.9634,0
355.0817,520.4716,0
336.6966,468.0833,0
335.2198,461.9143,0
322.6044,455.6729,0
372.1305,454.2512,0
389.3913,454.1642,0
368.4517,494.6269,0
335.6371,481.073,0
369.3903,461.4109,0
354.5361,452.3018,0
481.413,456.6933,0
298.2133,437.9196,0
351.6045,413.692,0
361.4889,461.97,0
369.6187,482.6561,0
365.9542,420.676,0
365.9725,457.631,0
372.3523,450.4932,0
395.5298,455.3044,0
308.5736,480.7386,0
374.1552,483.0922,0
356.0773,430.72,0
329.9949,467.2,0
361.3439,432.3834,0
325.5244,436.5414,0
331.5551,514.4147,0
364.5673,480.1501,0
350.5143,577.0607,0
362.1843,509.7606,0
316.3934,457.9157,0
363.0471,537.0624,0
356.8395,433.2728,0
325.2484,473.2141,0
390.1801,455.7171,0
394.2142,416.4158,0
327.1347,464.0827,0
359.9557,544.3399,0
347.5748,448.8666,0
337.2418,411.5395,0
360.468,473.7361,0
331.8549,387.9105,0
376.2505,454.2764,0
395.6092,445.4008,0
366.9529,486.1202,0
362.6292,506.9618,0
391.4867,510.0674,0
365.7298,513.5651,0
347.6072,395.9546,0
398.6539,469.2823,0
351.2378,478.7485,0
361.3314,462.6592,0
419.7374,468.7584,0
387.7727,455.4787,0
350.895,453.1595,0
366.371,516.131,0
319.9777,445.8642,0
356.0861,481.919,0
373.7966,507.1486,0
375.746,427.2688,0
398.0897,515.5684,0
361.7777,479.3298,0
364.8147,445.6125,0
335.3984,450.973,0
408.839,507.3095,0
315.0016,491.42,0
371.3516,443.8036,0
343.0938,497.163,0
346.2175,434.6753,0
379.7531,448.812,0
338.1987,419.2549,0
348.8675,482.3273,0
377.4745,479.5625,0
344.171,447.4351,0
321.5024,452.4861,0
387.561,466.3417,0
349.4799,468.7823,0
345.405,474.4964,0
349.3275,495.5295,0
320.0808,449.552,0
360.8204,481.7707,0
335.6478,491.5153,0
381.381,441.8903,0
326.4923,438.5975,0
337.5563,486.4914,0
372.8918,424.2654,0
364.4709,459.1192,0
348.7845,438.9516,0
347.1525,511.5882,0
320.6162,507.5744,0
314.976,430.8016,0
352.3437,434.1114,0
354.23,450.6681,0
340.0596,515.8116,0
373.7244,481.8138,0
368.0504,478.6059,0
341.1573,469.8195,0
341.7526,431.9209,0
371.513,413.3653,0
363.7829,492.5951,0
327.5243,394.5726,0
417.9585,487.3263,0
349.0804,471.8187,0
323.3472,538.4379,0
373.3439,443.4893,0
348.3851,416.4874,0
339.1497,480.4019,0
362.7766,503.1074,0
313.1308,498.1322,0
371.4616,467.9484,0
347.2027,424.2787,0
294.5101,528.7935,0
358.7161,481.6741,0
367.5364,450.4388,0
343.1842,480.6021,0
353.8686,458.1112,0
395.7364,424.5409,0
353.7167,481.8352,0
348.5163,456.0727,0
328.4095,465.6318,0
350.8786,463.5965,0
317.0831,436.3867,0
315.4104,513.5911,0
319.2695,446.6763,0
338.5177,479.1272,0
379.8857,438.4877,0
330.1659,446.1234,0
370.835,454.904,0
314.8074,480.4464,0
376.1237,462.2769,0
363.4612,566.8145,0
384.9219,446.8472,0
334.1839,455.9385,0
396.1558,430.0555,0
395.0461,429.8862,0
352.4458,410.8553,0
314.239,444.9396,0
350.1501,520.9277,0
348.9352,448.2408,0
329.3716,456.8109,0
349.3125,427.3847,0
325.4441,511.4956,0
357.8913,410.7982,0
344.3953,494.9824,0
338.8344,450.4639,0
370.6087,485.618,0
340.0837,428.2406,0
313.2801,408.9713,0
333.3018,416.754,0
342.9371,411.8019,0
346.1653,545.8015,0
352.3935,481.3979,0
337.8602,455.6102,0
343.6839,448.8734,0
382.5805,459.4499,0
338.9943,445.4222,0
337.4204,452.3874,0
375.9252,466.0619,0
341.3182,406.929,0
382.9222,463.4549,0
336.653,507.468,0
422.5953,433.746,0
340.9648,417.0523,0
347.3907,446.1821,0
346.3589,398.2041,0
374.4104,407.4332,0
382.0124,370.8987,0
366.2433,360.618,0
330.7421,453.304,0
357.1516,470.4366,0
396.6523,458.2196,0
377.2904,437.0954,0
331.4386,459.1362,0
337.9343,513.237,0
367.8039,416.8362,0
361.5866,441.2706,0
368.6868,436.1964,0
316.3326,453.2559,0
331.757,486.0833,0
356.7709,433.7681,0
396.1635,448.3607,0
380.6235,473.0955,0
420.1006,486.5823,0
330.9929,454.7364,0
360.7979,450.2315,0
320.1534,443.4643,0
336.3005,553.7618,0
374.0903,496.0455,0
349.3473,447.7181,0
314.6564,515.3056,0
387.299,462.6129,0
367.1655,481.8235,0
395.3365,385.3484,0
399.8428,466.2811,0
365.3633,444.375,0
415.6184,437.6707,0
313.6621,449.1751,0
342.8298,492.8242,0
371.6141,485.2388,0
382.7084,430.0609,0
374.458,498.4291,0
322.3774,467.5345,0
363.0424,462.8675,0
347.2903,554.548,0
366.9823,472.6456,0
367.7225,545.6412,0
351.5119,435.5488,0
334.8704,496.8792,0
389.1922,434.4974,0
358.6359,442.2834,0
365.9088,436.5466,0
304.022,521.0881,0
433.9353,462.8475,0
360.9178,516.3883,0
367.2269,449.5657,0
343.6475,465.2914,0
314.2424,535.2518,0
340.3062,460.7365,0
358.3894,452.5582,0
328.3533,455.8832,0
384.6583,465.6091,0
357.7692,392.9885,0
363.7858,510.2597,0
393.8109,448.092,0
347.0367,446.5374,0
389.152,468.2027,0
371.886,471.3333,0
319.7073,465.4011,0
338.9363,465.9944,0
336.7834,472.9323,0
350.3102,492.7716,0
349.8657,469.9328,0
374.5359,447.0713,0
372.8644,453.3329,0
346.2702,466.6215,0
316.2616,469.7902,0
345.3788,473.1591,0
386.8658,462.8813,0
389.6811,462.5121,0
385.2118,421.811,0
359.3129,447.4045,0
396.3174,486.8641,0
328.3055,434.9611,0
327.1808,522.9337,0
358.7843,447.3418,0
362.2987,407.811,0
359.5056,464.9376,0
325.1725,468.6167,0
317.8826,506.3203,0
315.9306,501.6094,0
358.9389,436.4489,0
332.9612,465.2487,0
402.6617,440.8678,0
389.6506,420.1163,0
364.5983,428.6434,0
352.2292,458.1186,0
346.4651,411.6575,0
337.8589,444.1519,0
372.6425,470.5084,0
387.8228,472.4342,0
350.2135,407.2237,0
389.558,461.2367,0
408.4656,526.2529,0
373.5529,480.9039,0
332.528,448.6768,0
390.8386,478.9717,0
344.5454,497.452,0
355.117,505.3042,0
374.9132,445.2665,0
361.3337,497.1949,0
297.1929,479.5213,0
379.2675,485.1284,0
339.1583,410.4583,0
389.2406,425.0339,0
325.5069,499.4397,0
368.4845,464.7173,0
363.4235,423.8401,0
365.9524,453.0842,0
352.8763,410.2334,0
348.8787,419.3383,0
328.7524,509.6902,0
348.217,492.4031,0
347.1836,505.3432,0
306.1832,479.3034,0
369.5912,477.0528,0
356.2409,472.1534,0
376.6,406.534,0
382.2002,466.1072,0
339.1195,455.3473,0
365.754,458.7803,0
385.4897,492.8439,0
357.6502,491.2768,0
332.7507,502.3151,0
337.8618,466.359,0
348.6064,430.677,0
334.5203,466.2604,0
364.8575,418.95,0
350.3621,516.0741,0
313.135,481.168,0
393.5626,445.8112,0
378.405,470.1223,0
385.1168,476.1714,0
356.4753,457.9444,0
369.6443,477.5094,0
326.7786,521.1033,0
329.765,436.7491,0
367.3091,458.9041,0
324.5598,492.1728,0
368.0545,459.1597,0
350.6637,429.3257,0
359.7243,462.429,0
341.4875,452.8066,0
347.5758,486.42,0
349.8779,462.562,0
367.6955,487.7629,0
381.7707,412.2189,0
340.8152,453.8526,0
392.5866,458.4887,0
382.3224,508.7614,0
399.45,475.8565,0
330.5328,441.6942,0
343.8552,524.8775,0
371.344,436.6059,0
330.6896,495.5709,0
308.9936,470.442,0
324.2371,491.3513,0
385.5663,432.4123,0
352.8498,524.9094,0
310.5526,526.0813,0
332.352,395.6128,0
361.1589,485.0208,0
337.6866,448.2518,0
348.9357,447.6454,0
390.8234,422.6102,0
376.8633,431.1913,0
385.2333,519.3842,0
353.7798,426.9969,0
337.894,456.3622,0
382.5123,412.3626,0
357.2215,457.2355,0
355.9615,462.0289,0
371.1297,429.0526,0
390.3293,432.0359,0
359.6858,550.8335,0
369.9031,484.8121,0
391.017,404.5739,0
367.0128,437.9803,0
389.5713,476.522,0
371.0377,425.1348,0
385.602,472.8181,0
319.27,505.1742,0
367.5981,417.771,0
350.8866,474.6473,0
328.5081,543.0877,0
393.132,481.0695,0
372.4078,471.8905,0
353.9787,452.6487,0
394.3521,421.5474,0
362.0148,426.9163,0
338.4093,504.7338,0
368.4881,461.2408,0
418.994,458.7583,0
406.3019,457.015,0
369.8467,434.3407,0
377.3689,501.5589,0
370.1786,538.1003,0
404.6429,426.6372,0
325.2975,539.4875,0
350.1324,496.1746,0
349.0047,459.601,0
340.1011,492.4325,0
356.7535,430.2329,0
336.1654,445.8325,0
355.6483,487.4977,0
381.5497,465.822,0
343.2861,492.5356,0
333.3021,469.5254,0
364.7741,441.9659,0
377.0211,411.6903,0
349.1011,508.7769,0
340.4255,516.4267,0
359.6824,414.2852,0
370.8939,409.4384,0
358.0905,465.097,0
365.2748,440.5731,0
378.2958,431.4313,0
355.9427,489.3959,0
284.6769,447.2576,0
301.4502,479.0382,0
322.4874,449.0198,0
331.4393,444.3062,0
362.5754,468.3243,0
336.3259,432.8666,0
313.3253,530.0377,0
322.499,507.6354,0
355.2124,426.7419,0
350.6086,494.8881,0
354.028,485.7909,0
340.6506,436.2402,0
395.781,486.5238,0
389.168,416.966,0
366.7036,470.4325,0
401.9408,480.9121,0
370.6492,478.9197,0
331.7956,393.1763,0
369.3753,488.8012,0
386.0784,440.804,0
398.2664,407.7398,0
364.9645,492.1959,0
347.8942,507.251,0
305.7675,456.9041,0
381.0473,416.3071,0
367.9847,509.0338,0
359.6884,456.7566,0
342.1833,425.8034,0
317.4469,479.2817,0
377.4616,406.5761,0
339.5777,477.319,0
354.8304,463.8386,0
343.8442,516.3362,0
342.8506,509.9683,0
373.5523,456.9936,0
372.1509,493.1095,0
397.2738,453.4287,0
381.4593,499.2667,0
375.1024,452.5044,0
315.3091,466.0298,0
361.0579,460.1874,0
346.5248,471.6955,0
313.1243,468.4361,0
369.291,433.3625,0
398.7831,460.0934,0
364.9115,460.5412,0
359.4759,454.2159,0
299.6533,476.0197,0
361.8834,420.5809,0
322.2731,510.8944,0
391.7762,430.8836,0
417.7845,504.8239,0
371.2878,501.9506,0
349.8149,481.7175,0
364.0611,454.1477,0
386.3959,469.0022,0
318.3647,491.1045,0
357.9804,547.6895,0
360.3187,420.9185,0
334.2981,469.0746,0
343.1415,495.5269,0
354.0377,510.9598,0
323.5576,496.7855,0
347.9106,448.2072,0
378.6848,433.2561,0
348.9046,432.3398,0
342.4639,498.1701,0
316.6103,464.1013,0
346.9032,466.2642,0
406.4763,444.2162,0
349.8643,486.4879,0
384.1869,461.2853,0
398.0133,436.6746,0
350.9818,503.1157,0
329.3505,520.4989,0
405.7635,497.3948,0
341.7794,454.7286,0
348.2528,457.8981,0
319.5931,457.3442,0
291.7024,462.8576,0
354.2057,501.7545,0
365.0717,454.3775,0
312.1999,473.6217,0
359.7183,485.3026,0
365.4071,457.9722,0
382.1049,480.8239,0
304.3894,509.3478,0
355.5077,543.4548,0
310.877,511.9461,0
381.6271,450.3621,0
328.1047,461.5104,0
370.9885,501.6854,0
362.8554,462.7688,0
325.4915,567.2726,0
346.2889,472.3505,0
358.9986,545.2011,0
366.6395,466.7579,0
374.3411,482.635,0
357.5189,439.7743,0
330.7384,509.2291,0
394.6243,578.6417,0
383.1822,511.2341,0
389.3948,522.791,0
360.0654,487.8737,0
395.2048,444.6537,0
313.7479,418.5136,0
337.0261,433.5805,0
342.5861,525.2629,0
377.0725,464.0592,0
351.2037,447.9901,0
387.2126,404.6783,0
318.0353,509.5726,0
373.463,432.0574,0
331.5881,418.9673,0
363.4288,486.3956,0
296.1694,440.3126,0
323.0809,472.1503,0
350.9716,442.5641,0
349.3589,458.3363,0
327.9471,504.2966,0
330.9554,493.5818,0
298.9927,520.8118,0
418.0732,438.5112,0
369.2216,431.7963,0
365.966,447.7014,0
348.8108,475.8365,0
365.105,500.1066,0
324.5582,465.6492,0
350.8188,484.219,0
380.7706,482.9644,0
377.3297,448.6117,0
360.4203,449.9063,0
355.5223,478.7642,0
399.1288,525.0931,0
368.3716,463.0117,0
371.0706,403.9034,0
359.4917,432.5485,0
367.0069,465.8993,0
399.0676,479.9386,0
331.053,482.1671,0
371.4497,474.7071,0
381.1592,498.0247,0
387.676,471.7037,0
353.8038,435.4669,0
353.0198,479.7043,0
409.6129,415.002,0
327.2245,418.3596,0
377.2625,464.3344,0
343.6096,464.4818,0
374.0254,500.6048,0
325.1179,527.4513,0
365.9614,474.1197,0
378.8885,463.7365,0
348.2807,442.7801,0
343.6616,454.327,0
368.6546,440.7821,0
344.7288,486.1944,0
341.9086,432.2754,0
359.634,472.9664,0
310.1685,505.2763,0
313.0764,418.6299,0
374.5067,500.206,0
371.7739,395.3218,0
357.4905,486.5153,0
367.2983,491.7064,0
368.6364,421.7379,0
390.8548,460.963,0
353.785,462.2073,0
316.857,454.3277,0
343.8544,503.7094,0
347.3517,488.8006,0
370.9286,447.9403,0
339.9491,463.5533,0
339.9588,477.9001,0
389.5687,471.9641,0
355.0991,476.7219,0
409.9503,437.6654,0
367.0079,467.5861,0
370.2792,381.8576,0
350.6224,406.1088,0
375.6353,519.5083,0
410.6476,504.062,0
336.0205,426.0656,0
346.1816,503.7277,0
355.4905,549.9832,0
385.0562,461.8646,0
352.3187,477.8827,0
349.5644,443.0419,0
321.1693,451.4212,0
356.0618,438.1484,0
322.1909,450.3296,0
328.7962,514.6117,0
324.5372,504.2871,0
349.489,2886.0,
372.848,494.6006,0
394.1717,477.9149,0
297.4783,459.0479,0
358.0497,473.8043,0
334.6006,405.0885,0
361.6439,462.3118,0
355.6804,435.552,0
314.6234,424.463,0
353.4666,482.9706,0
356.0628,534.2515,0
338.3444,439.585,0
361.6422,501.3043,0
368.4785,435.1738,0
343.3052,444.1376,0
332.7184,456.6824,0
379.8064,466.2435,0
378.6822,443.1681,0
354.7499,487.3338,0
368.3517,441.0061,0
311.6648,520.2471,0
351.1004,423.0238,0
379.5793,472.049,0
411.1371,483.8836,0
323.7662,457.4764,0
420.2444,481.0549,0
348.7396,451.1115,0
367.4044,503.5402,0
338.8779,425.2454,0
384.6507,412.5578,0
359.0761,462.8117,0
379.1776,457.4575,0
331.4635,456.1821,0
351.3001,464.5212,0
328.6848,459.6379,0
340.2288,392.0264,0
392.5251,418.096,0
380.9189,426.377,0
437.3564,378.5136,0
335.2172,514.8663,0
344.4004,479.4456,0
378.1296,455.4307,0
348.2304,463.1557,0
335.4686,474.4214,0
345.5517,414.6568,0
388.6123,472.0357,0
373.4887,435.2863,0
348.0278,476.2488,0
403.6069,384.0312,0
374.7727,464.3187,0
407.2966,452.0065,0
392.985,421.5093,0
353.5602,454.7534,0
310.7189,462.2477,0
356.7725,517.4598,0
332.2065,464.4139,0
364.848,438.1488,0
383.5961,435.9291,0
380.8642,463.0935,0
365.6721,498.4862,0
334.6704,433.7778,0
383.5908,470.3218,0
351.6221,448.8434,0
361.8675,482.0518,0
339.4798,504.0632,0
360.7476,444.7257,0
343.1614,381.6869,0
407.1007,418.3299,0
331.6538,453.2091,0
379.5755,492.6205,0
369.0522,430.2855,0
315.4573,493.811,0
334.2022,402.9746,0
335.9087,424.347,0
384.3486,506.5642,0
335.8598,457.3937,0
355.4731,469.3701,0
342.9077,481.115,0
351.332,454.6047,0
349.7119,456.4999,0
332.098,459.0164,0
391.3788,453.6006,0
377.9592,436.6838,0
338.7231,511.5981,0
385.8187,491.0422,0
348.7811,424.9658,0
346.2734,440.6194,0
355.9121,448.6642,0
372.5573,535.5714,0
347.9011,462.9692,0
337.6985,415.2242,0
351.844,491.5831,0
339.5091,518.7635,0
337.8932,501.225,0
404.0345,437.4219,0
395.9792,433.1508,0
318.3822,442.7809,0
390.2437,411.7864,0
337.7162,468.804,0
390.2588,455.687,0
377.0792,480.0347,0
370.6723,445.4337,0
386.9382,477.1539,0
315.274,499.9451,0
393.5675,449.1498,0
352.4072,476.8238,0
357.4232,480.2455,0
363.2705,385.4879,0
405.1282,478.3955,0
352.7712,459.7598,0
377.97,446.1845,0
352.7315,458.974,0
357.3779,461.0783,0
358.9356,480.8883,0
368.139,427.7333,0
315.1506,457.5213,0
338.2249,555.2804,0
378.6844,476.0884,0
342.3229,496.305,0
398.6492,414.2244,0
398.7044,487.9309,0
394.8082,461.0363,0
348.2137,491.9849,0
349.711,452.8661,0
329.6052,532.0543,0
374.5975,448.6061,0
397.3973,459.2365,0
327.472,472.2991,0
357.7502,509.4005,0
305.0667,467.9196,0
364.4482,484.0789,0
348.0832,441.8487,0
304.1421,448.1055,0
370.8329,471.7543,0
370.2029,497.5005,0
317.1104,455.8161,0
397.7922,459.938,0
382.405,421.0013,0
364.0597,420.8302,0
384.7318,454.6331,0
393.226,498.3726,0
371.205,470.5932,0
347.0226,477.1761,0
319.3202,447.8543,0
387.5254,452.7553,0
401.0648,402.5684,0
381.0079,460.5647,0
339.7284,478.9233,0
324.2672,572.853,0
325.6904,420.4779,0
363.6363,457.4383,0
396.4779,391.8029,0
309.223,462.4996,0
387.518,444.2644,0
336.2753,524.7567,0
316.9387,437.0898,0
298.5914,489.1057,0
368.8152,458.8177,0
348.5563,428.6058,0
406.4803,451.8457,0
362.0547,470.4089,0
402.0751,503.0262,0
404.2598,499.7898,0
394.6885,454.3457,0
380.519,511.6578,0
347.0717,455.3173,0
315.3829,511.9952,0
340.0266,466.8773,0
380.0677,394.0198,0
361.3127,494.4657,0
335.8625,429.587,0
337.7638,430.947,0
371.7316,499.0955,0
396.2712,432.1644,0
357.5181,413.137,0
350.8929,476.3494,0
357.4933,433.5988,0
398.6505,437.392,0
342.1835,472.5219,0
388.7084,415.5781,0
360.2639,477.7542,0
359.4819,486.9686,0
387.5166,432.3936,0
358.2844,499.0253,0
399.9761,436.1704,0
328.5645,493.6238,0
377.6631,473.1052,0
329.1972,406.5474,0
329.1773,491.8099,0
383.9324,473.6382,0
349.3698,415.998,0
363.3793,475.1388,0
401.4451,462.8448,0
344.5818,481.2802,0
314.2103,408.98,0
374.1661,459.073,0
341.4265,425.7737,0
366.9533,369.5762,0
385.8474,497.2617,0
358.4702,481.7653,0
336.2954,481.2371,0
400.038,481.0716,0
370.8787,438.8757,0
299.6639,437.8699,0
351.6972,475.0085,0
317.7393,485.6153,0
369.4281,509.2005,0
384.8838,443.8103,0
376.5614,459.4278,0
388.3283,485.5059,0
308.6428,448.9357,0
332.5156,487.8396,0
352.4642,515.5407,0
326.0942,515.784,0
327.0558,450.3845,0
366.1158,513.4545,0
350.1094,401.4198,0
373.1505,548.0388,0
336.2086,470.01,0
409.2058,391.9957,0
330.2099,416.345,0
365.6334,431.8925,0
345.0302,478.7287,0
351.4112,490.4823,0
383.5825,480.9046,0
361.329,503.3733,0
362.8458,419.1923,0
345.311,429.2056,0
354.8778,445.2525,0
365.6293,439.3556,0
344.7815,552.2073,0
373.3875,454.4512,0
347.1653,546.1387,0
353.9748,472.9171,0
346.3951,523.7147,0
347.1633,484.0344,0
344.9654,476.9139,0
365.187,449.9255,0
306.3869,452.4347,0
334.304,489.1766,0
354.9814,501.4639,0
342.4783,453.9285,0
374.8079,438.3578,0
354.6382,453.1906,0
366.0802,458.5156,0
350.5382,478.7533,0
328.9192,498.7576,0
352.9281,513.835,0
379.4218,462.9935,0
363.5161,422.4703,0
389.4871,423.3723,0
368.6359,400.045,0
345.739,479.4403,0
395.4769,418.6207,0
348.0082,548.0835,0
339.9622,386.1279,0
341.65,443.8311,0
337.1827,430.9489,0
347.1815,526.7578,0
349.6387,481.7745,0
375.6341,527.3149,0
332.4189,482.4326,0
362.5197,418.4322,0
401.1274,418.9843,0
371.7702,475.6218,0
321.5377,442.9098,0
332.6387,513.389,0
338.224,463.107,0
367.5965,489.7709,0
344.8235,446.9897,0
359.0481,450.4501,0
381.4271,463.9531,0
397.3763,449.1539,0
357.4604,427.409,0
335.3186,390.6453,0
383.2871,482.4612,0
372.3578,486.3907,0
344.486,391.5177,0
351.4374,372.1225,0
357.4146,463.0531,0
319.4474,468.1591,0
350.6438,426.1854,0
359.8711,529.5034,0
302.1133,460.3411,0
357.7696,519.3475,0
388.1588,425.5214,0
322.4905,495.553,0
385.799,416.4821,0
321.2012,468.6077,0
357.0806,410.4923,0
352.6407,431.159,0
353.3923,439.3347,0
359.3194,431.3919,0
384.4443,454.5703,0
329.5699,457.8678,0
389.8945,426.9926,0
407.2116,501.9219,0
362.6316,527.0461,0
351.3083,533.3812,0
379.537,448.0547,0
360.2948,455.6267,0
379.5173,425.7917,0
298.2075,471.382,0
312.0844,455.9725,0
322.3489,505.7739,0
364.0933,508.3669,0
346.5902,475.4955,0
338.5579,371.8124,0
365.4576,476.3768,0
334.8389,454.762,0
336.3999,424.0177,0
303.2951,537.0972,0
399.5163,476.463,0
326.8999,492.5368,0
346.1981,398.7475,0
341.7014,434.0328,0
342.9641,465.6784,0
346.4034,484.6923,0
330.6819,522.5215,0
357.344,422.1754,0
337.5576,435.0074,0
363.8589,485.9913,0
416.7149,457.7007,0
335.5052,444.9263,0
345.4477,500.012,0
323.0552,482.2199,0
355.9045,421.7936,0
365.7507,495.0905,0
365.6508,469.1,0
395.2545,460.8548,0
363.0927,472.5359,0
379.1793,438.9289,0
354.4829,487.4005,0
354.2311,464.5448,0
358.0403,423.2182,0
371.0029,488.21,0
409.4256,456.6223,0
328.6536,437.7115,0
343.4883,493.788,0
405.572,408.4271,0
389.1493,475.4208,0
370.3629,457.2665,0
340.6362,512.8862,0
354.4067,441.9385,0
338.2685,484.4268,0
391.0777,434.5728,0
353.7637,481.2098,0
334.2712,434.203,0
312.1033,470.2106,0
356.5733,548.4476,0
321.7077,376.0307,0
344.2922,495.5694,0
358.6443,382.7111,0
335.5733,459.4422,0
410.1359,437.9225,0
338.0011,472.582,0
323.1167,463.2899,0
385.4091,484.4525,0
312.744,475.1945,0
357.0883,402.3722,0
374.5998,480.7612,0
391.282,429.405,0
370.7663,405.487,0
343.4474,440.6863,0
336.8289,407.5725,0
377.5505,469.8071,0
358.2338,448.4833,0
368.0278,451.1847,0
334.7595,540.3351,0
320.3205,526.5034,0
359.4172,448.3004,0
327.3334,466.9731,0
346.4408,487.1483,0
336.3276,499.3389,0
347.538,491.3178,0
356.2788,537.5814,0
401.9919,446.5447,0
354.8006,538.9492,0
340.498,515.5699,0
346.3586,460.0303,0
343.6836,507.488,0
348.5744,487.4048,0
310.4753,429.9393,0
380.4171,439.3249,0
394.0335,519.2269,0
315.0961,493.015,0
331.6754,448.3077,0
347.2509,482.1593,0
395.6116,514.0118,0
351.9569,479.6751,0
340.5952,418.8868,0
343.8871,414.1801,0
331.4724,457.8088,0
365.4578,442.8579,0
386.2514,462.4837,0
375.2182,443.3252,0
388.4463,532.7288,0
341.5375,439.7842,0
383.002,463.7018,0
352.0057,450.2548,0
382.9083,474.0103,0
337.2659,447.0604,0
354.8613,446.0177,0
371.1837,481.0718,0
301.6655,493.294,0
354.5058,470.029,0
396.9012,419.5403,0
313.02,538.7708,0
353.004,412.6997,0
298.1526,538.2843,0
363.947,411.729,0
306.4507,519.2758,0
323.0606,523.1759,0
313.3972,566.116,0
380.0889,486.285,0
390.5241,466.4548,0
387.9684,415.3756,0
341.0914,440.4942,0
349.7051,434.5509,0
324.7512,433.7318,0
349.2191,456.6396,0
364.556,443.0932,0
353.4121,446.1161,0
388.505,465.7271,0
329.5349,470.671,0
320.6591,505.8995,0
358.6664,477.5922,0
366.9744,414.4384,0
376.6835,456.3158,0
404.5768,473.9507,0
350.6259,354.6981,0
328.4623,472.1805,0
370.525,492.9198,0
356.6974,439.8571,0
376.3943,447.5232,0
350.2725,460.2371,0
356.7481,481.2335,0
379.0016,467.1601,0
356.8536,507.4957,0
322.8358,461.5592,0
342.6801,448.2229,0
347.7175,461.4098,0
336.4044,444.5349,0
356.5515,430.7865,0
375.6519,448.92,0
333.317,515.1047,0
366.8927,501.7089,0
356.034,510.8325,0
378.6066,414.3317,0
335.7714,522.8472,0
358.6281,514.3239,0
388.2167,462.4911,0
378.9103,458.5945,0
326.28,445.5185,0
360.9347,497.2352,0
354.3584,516.1467,0
352.0765,463.0238,0
325.019,455.429,0
410.5497,480.8967,0
352.4207,456.8094,0
354.1684,490.521,0
341.1766,407.1454,0
398.7312,417.8406,0
338.5261,418.0835,0
377.7152,444.3032,0
397.8575,530.0911,0
345.3679,424.5316,0
356.1898,578.7568,0
384.1127,515.0897,0
353.4342,464.2708,0
348.4074,498.1811,0
358.3889,515.7001,0
347.1646,427.3931,0
318.6355,467.6041,0
300.8796,446.4907,0
371.3215,415.2927,0
334.0572,420.0187,0
362.0186,456.7305,0
366.9274,442.3683,0
337.9914,448.3541,0
356.5657,482.2222,0
349.694,491.5555,0
363.7047,506.3058,0
343.066,470.9122,0
353.9078,466.1949,0
351.7639,431.2099,0
340.127,485.3619,0
352.9384,481.796,0
320.5269,418.0427,0
380.939,435.5343,0
350.1926,422.5599,0
340.6099,556.7614,0
382.859,411.0821,0
366.4393,456.9644,0
325.5946,462.2451,0
345.5385,496.9434,0
313.4858,447.3193,0
317.4753,407.0546,0
328.0132,502.1432,0
313.3499,508.5027,0
343.7041,482.1032,0
365.3917,550.0376,0
399.6764,458.0758,0
356.5186,449.553,0
354.1323,529.8798,0
351.9208,428.8588,0
363.0195,475.3972,0
345.4945,492.5872,0
364.3982,391.8951,0
373.6473,529.2734,0
343.4514,462.4348,0
330.0665,424.5961,0
393.7155,431.4365,0
361.1104,459.652,0
376.1381,427.4002,0
363.5222,458.9553,0
359.3829,479.8913,0
332.1501,401.2216,0
298.5601,504.5428,0
361.8415,478.7934,0
334.4869,483.1913,0
413.1941,509.2594,0
293.2261,538.4226,0
378.0901,405.3128,0
386.0287,427.832,0
350.4935,509.4877,0
313.22,521.6857,0
332.5031,486.0563,0
397.8878,487.6723,0
312.6102,447.349,0
341.3398,446.1436,0
388.8615,498.472,0
374.6935,422.0641,0
351.5291,392.6201,0
392.2524,424.4028,0
344.5004,449.826,0
355.5258,500.2324,0
354.494,456.5215,0
370.3889,455.992,0
348.6517,446.162,0
371.808,464.4563,0
316.4164,497.9286,0
408.2198,471.7966,0
365.1189,443.3794,0
365.8344,467.2725,0
353.5906,514.6862,0
383.4559,472.1947,0
366.4497,439.1479,0
353.0296,498.7975,0
382.5767,434.5905,0
307.0477,483.3929,0
374.3156,465.4107,0
381.6323,462.8064,0
348.4181,501.9175,0
352.5672,407.6769,0
341.4514,455.8121,0
365.5811,418.4233,0
313.1887,436.3826,0
323.9817,471.5412,0
384.9304,497.2867,0
340.5961,470.1135,0
354.0838,460.9308,0
333.3644,451.8165,0
366.9288,444.3037,0
319.8963,513.3919,0
322.5072,505.107,0
313.5308,446.9377,0
355.7133,461.4897,0
323.5208,494.7685,0
337.963,504.8816,0
353.2834,492.2602,0
309.1606,489.1673,0
287.5411,465.7172,0
339.0336,448.1383,0
369.9541,421.9377,0
359.104,508.48,0
373.6986,436.8754,0
366.3705,386.0256,0
351.204,467.1552,0
342.9232,429.7336,0
330.239,494.8785,0
327.2036,516.2341,0
363.6419,507.5345,0
352.6178,518.5122,0
351.3395,472.3224,0
339.6501,477.8759,0
379.611,447.5488,0
363.347,515.8499,0
339.8423,387.7753,0
339.8989,486.9968,0
376.0213,463.6156,0
372.3348,459.7155,0
368.8606,440.4494,0
328.8185,444.4609,0
374.2226,426.5986,0
370.0576,461.7798,0
353.9574,529.4332,0
362.752,433.6201,0
366.2636,493.5865,0
312.5378,514.5975,0
354.5124,452.7475,0
310.1963,467.9941,0
414.2553,454.032,0
320.1404,516.8272,0
328.7285,434.9735,0
373.8683,454.7383,0
349.6188,498.8044,0
400.1707,461.5625,0
362.508,458.5717,0
361.4498,440.9872,0
315.0084,433.2553,0
352.6116,517.4615,0
351.089,425.2982,0
387.0327,425.0051,0
319.0271,473.2469,0
364.0219,468.5512,0
368.4874,454.2737,0
302.3698,471.7849,0
337.855,490.2274,0
379.6447,471.2607,0
361.3324,430.8145,0
334.2106,457.7853,0
345.0648,481.6078,0
375.1771,524.949,0
374.5175,451.3068,0
360.3481,450.7853,0
325.2059,515.6999,0
362.1573,474.5201,0
290.4554,515.8632,0
391.4331,495.0865,0
359.6154,520.1802,0
341.7714,540.8141,0
356.4673,480.6117,0
344.5033,391.4198,0
387.2973,462.0886,0
370.5971,455.3192,0
348.8964,452.5469,0
369.1338,458.6987,0
364.0195,459.2119,0
412.8403,453.66,0
335.4412,519.9179,0
359.8326,450.7223,0
362.4332,406.9862,0
372.9444,491.0447,0
373.7788,435.9689,0
340.1393,474.0643,0
352.7619,508.0425,0
331.3829,579.1046,0
344.8267,479.4181,0
354.8299,536.1886,0
407.3125,428.3521,0
366.7493,456.6096,0
418.245,423.0031,0
357.8769,445.4485,0
306.5332,515.2943,0
367.8046,444.5734,0
397.3024,422.9521,0
358.9586,525.5089,0
369.7009,444.2433,0
391.1325,466.1094,0
346.6237,474.8871,0
340.6584,419.2335,0
356.9142,423.8054,0
387.4689,423.0502,0
401.1411,489.2735,0
306.6989,425.0662,0
388.8438,439.425,0
340.1209,550.4462,0
351.478,486.2355,0
331.7397,415.8844,0
373.3549,415.3844,0
324.9125,483.1156,0
340.1483,472.3065,0
335.3945,440.5417,0
377.5444,434.7201,0
321.4899,463.009,0
349.0468,484.2457,0
362.1507,459.7659,0
354.4096,430.4134,0
329.2763,481.3524,0
385.5523,442.4166,0
350.2654,475.5745,0
337.1495,515.4094,0
364.0276,427.4683,0
366.4566,432.6289,0
361.3821,459.3179,0
359.1759,477.9761,0
401.8249,458.862,0
384.033,476.5802,0
336.0807,455.975,0
324.0968,491.3937,0
347.9028,473.3287,0
438.845,417.1112,0
348.5419,546.1688,0
348.6385,513.7856,0
339.7012,472.1734,0
351.4623,476.351,0
386.5455,464.3424,0
363.3766,497.037,0
341.6113,497.7596,0
341.3036,493.7421,0
345.0519,454.7956,0
322.3094,451.1011,0
358.4434,418.79,0
322.9185,446.1472,0
314.7626,480.6183,0
349.297,486.2336,0
343.3802,473.5035,0
371.3908,392.577,0
356.9339,436.6511,0
338.3829,500.5807,0
321.0178,406.2113,0
367.0312,478.5327,0
377.7488,519.1212,0
408.11,407.106,0
381.5831,482.6777,0
382.6263,466.3302,0
379.8293,460.5841,0
349.7336,473.4501,0
341.5961,454.7579,0
298.9641,456.3709,0
342.1025,532.5488,0
386.2941,484.0322,0
351.275,417.3252,0
327.3593,436.5338,0
361.9419,412.5048,0
343.5378,415.9727,0
317.121,452.2542,0
351.9755,528.9579,0
384.5684,439.0157,0
356.5482,446.4237,0
342.4638,411.8448,0
359.7051,509.7536,0
360.3671,433.2142,0
410.9054,442.7023,0
354.7918,496.5663,0
377.7059,421.1,0
376.1997,459.3279,0
354.3347,453.076,0
358.2876,445.6212,0
391.1505,475.6928,0
360.4995,521.0298,0
318.3788,469.392,0
357.0592,465.9666,0
360.2807,420.0401,0
311.5234,476.4474,0
355.5171,504.4853,0
359.2598,483.2321,0
367.5666,480.8647,0
344.2949,493.8916,0
399.3162,435.6433,0
349.2778,467.6086,0
339.8609,436.7324,0
324.4059,473.249,0
336.041,424.1544,0
385.2404,402.629,0
371.2092,449.584,0
315.6908,494.9078,0
349.4673,438.6383,0
358.2729,439.9704,0
369.5043,455.4617,0
342.8032,477.4688,0
321.4949,464.9609,0
355.7066,488.6519,0
383.8895,472.1041,0
333.7092,488.9372,0
371.0761,437.3898,0
351.4484,433.8392,0
353.7765,487.1851,0
344.9549,516.4714,0
356.0543,452.0953,0
357.4492,408.8124,0
323.3317,501.0814,0
365.2371,493.0653,0
350.1886,491.5631,0
382.0644,440.2639,0
386.4115,396.2057,0
375.9131,457.2005,0
312.1556,506.4602,0
311.9865,432.3207,0
363.4975,453.9553,0
384.746,435.6366,0
434.5686,417.9131,0
380.5428,483.4538,0
379.3386,421.9792,0
357.8815,526.799,0
367.4206,466.1581,0
328.4833,497.3505,0
333.0589,475.0032,0
365.8477,492.1878,0
394.5214,446.1617,0
329.0254,444.8846,0
393.9858,467.706,0
386.1416,520.5698,0
390.7331,475.3589,0
398.2126,493.4537,0
417.634,460.9975,0
367.9747,407.9377,0
359.4031,472.9391,0
326.8643,444.0192,0
365.1664,468.9762,0
350.5442,446.5074,0
371.1811,452.4845,0
371.4409,463.0995,0
360.1214,486.4655,0
363.8839,472.0039,0
385.8017,467.2981,0
409.849,453.197,0
326.3997,463.7311,0
405.1966,426.0614,0
444.7106,453.7743,0
403.3232,438.3229,0
374.1371,487.5558,0
388.2709,448.1769,0
325.1013,498.3485,0
367.5763,490.1092,0
409.9202,405.3261,0
354.7773,459.1506,0
337.7494,453.4672,0
350.7633,430.2923,0
328.4262,445.2651,0
381.9907,449.095,0
360.0027,507.9416,0
401.2743,411.0157,0
350.8137,532.6024,0
366.5871,461.6332,0
340.2133,483.4525,0
426.4333,509.6813,0
314.0026,480.4135,0
386.0214,437.2703,0
351.6361,449.1199,0
369.4641,478.3889,0
357.6708,450.3281,0
322.8796,473.5576,0
378.2366,450.3716,0
326.6505,452.1987,0
348.1111,429.4842,0
396.7468,474.1938,0
297.0226,472.3626,0
355.6772,463.6428,0
348.2472,476.1035,0
373.7511,439.6589,0
372.7548,483.3898,0
330.3214,424.0163,0
322.8174,460.8826,0
336.9024,506.5393,0
363.7659,512.4551,0
300.3794,440.7078,0
366.0804,438.9259,0
384.5806,478.0842,0
369.027,490.9011,0
350.8265,435.865,0
379.1214,421.0418,0
386.5314,461.7542,0
322.8992,529.8365,0
346.7325,481.6839,0
405.7363,468.5841,0
343.5542,481.0921,0
383.5192,501.1235,0
346.5128,455.2324,0
342.963,527.3295,0
359.1452,450.9376,0
349.7102,491.2806,0
344.4778,473.039,0
362.5823,439.7067,0
373.3482,482.8807,0
312.2529,491.5165,0
387.2323,458.0189,0
385.4015,473.4253,0
345.33,425.3239,0
346.2101,497.3293,0
356.6463,471.8715,0
309.0403,462.0641,0
368.9772,464.5339,0
351.486,477.9152,0
399.3813,450.6085,0
336.0773,459.148,0
364.9581,505.7055,0
384.8117,486.7615,0
337.3894,478.4055,0
348.9977,443.8653,0
363.2088,449.9358,0
391.8743,433.5605,0
341.4997,517.7903,0
321.7434,521.9894,0
367.9861,457.4467,0
356.4178,496.3174,0
350.3721,475.3079,0
340.3191,516.5605,0
322.4424,499.8383,0
365.3871,464.692,0
342.9916,471.9555,0
374.7514,415.1024,0
359.1691,431.3489,0
342.3121,436.6699,0
307.2506,472.4617,0
360.8895,442.1374,0
336.5616,436.8112,0
369.2536,430.5417,0
356.4708,463.4808,0
392.6781,484.8364,0
354.5841,466.9156,0
331.6559,368.8257,0
370.8094,472.7645,0
360.431,500.7711,0
356.2481,471.9005,0
352.5585,505.6209,0
376.8223,434.3766,0
365.587,551.8486,0
333.0608,485.4443,0
323.8069,436.9522,0
344.5655,460.7587,0
388.6235,504.1853,0
390.5977,533.1676,0
371.2346,448.1354,0
392.8003,483.2772,0
336.3716,397.2431,0
352.2333,449.3966,0
334.7437,458.5179,0
318.1295,523.5234,0
369.9292,474.8367,0
327.2165,490.5061,0
345.0269,410.6201,0
315.3961,500.5385,0
351.4645,484.9599,0
379.8994,409.6627,0
331.3724,486.3003,0
378.0847,448.6574,0
343.9369,441.4949,0
387.9724,433.1946,0
319.5917,467.1788,0
343.9585,465.0051,0
318.4952,496.3922,0
364.1194,406.7287,0
344.922,488.7993,0
330.7997,516.5038,0
357.5356,506.3625,0
337.2938,439.8135,0
328.9814,472.4771,0
338.1583,434.7607,0
367.7538,424.9828,0
344.6019,492.8009,0
344.5624,458.0361,0
378.0989,414.2716,0
349.3975,441.7543,0
330.1007,467.8664,0
378.2819,428.9845,0
344.5612,458.4584,0
337.1837,453.469,0
378.6562,551.9323,0
398.8934,427.0708,0
366.8058,471.5451,0
367.6017,472.4552,0
356.3076,481.8269,0
373.2662,507.3533,0
347.2251,432.7263,0
383.2894,481.959,0
316.0399,491.96,0
317.5751,507.511,0
331.892,403.9847,0
370.4736,429.4208,0
407.283,464.3752,0
388.7618,478.6915,0
311.3631,486.9016,0
368.7037,489.4233,0
361.5401,516.2241,0
340.321,448.6212,0
408.5226,402.7427,0
374.3575,411.8303,0
342.4996,509.7658,0
385.8357,411.5685,0
342.1232,487.3701,0
390.2698,419.7782,0
316.3794,440.9925,0
339.1097,503.9328,0
324.5229,451.9202,0
383.5267,440.3954,0
388.8156,497.2117,0
380.5302,456.8339,0
378.2716,462.7466,0
377.3108,466.5215,0
360.2956,411.3474,0
278.7789,456.9437,0
366.7822,440.5452,0
339.5633,457.0224,0
368.4844,500.432,0
399.4334,431.9362,0
350.4751,464.9934,0
335.022,474.6531,0
368.1277,463.097,0
327.1214,487.7915,0
325.9436,389.7517,0
370.7123,424.4536,0
400.511,500.1757,0
325.0259,437.5846,0
389.562,436.0381,0
350.0318,464.8408,0
399.6932,417.8983,0
317.3014,522.6882,0
342.412,449.6484,0
383.8208,432.7726,0
382.07,443.8689,0
364.0007,447.0566,0
283.8127,489.6843,0
342.8839,457.4598,0
347.4115,437.4928,0
345.6154,474.6333,0
379.5669,478.9889,0
412.6316,508.9968,0
370.4534,484.2786,0
397.9274,465.844,0
299.5086,485.9234,0
367.6136,447.4105,0
371.6039,511.1857,0
365.8465,384.6954,0
384.337,404.4142,0
357.3721,471.6296,0
345.1196,427.6863,0
335.5604,453.8917,0
383.7904,418.631,0
329.4583,495.9631,0
337.3275,497.5339,0
398.2665,429.1367,0
358.3123,417.7423,0
351.6203,542.3861,0
380.316,430.0661,0
329.6638,440.9718,0
389.4387,436.3794,0
375.3671,530.1103,0
362.6732,425.5921,0
331.6147,425.7668,0
311.2018,441.8747,0
334.2379,437.8663,0
352.0779,462.0035,0
349.8885,510.0505,0
364.6379,414.3323,0
391.5905,486.1111,0
348.9895,529.5398,0
361.3487,455.058,0
321.0175,446.5478,0
341.3365,406.1498,0
310.4268,456.2512,0
350.0565,499.1288,0
320.0035,430.1169,0
352.0573,522.2939,0
361.7217,445.4992,0
364.46,437.6828,0
324.6016,486.6927,0
342.7888,394.1759,0
359.4421,420.3091,0
335.4116,460.7708,0
329.3043,450.8202,0
337.3156,449.9697,0
365.5404,400.6113,0
363.8663,481.3106,0
410.5215,478.7783,0
341.7361,474.1488,0
377.2466,447.8435,0
355.1046,516.4632,0
357.1295,491.7283,0
334.1978,456.4191,0
342.6104,365.5284,0
337.764,473.7599,0
331.1179,453.1383,0
399.0831,432.0376,0
354.5022,513.5527,0
363.5085,518.1698,0
369.1432,503.163,0
427.3966,412.4454,0
297.3207,472.5988,0
363.1694,373.8586,0
346.0231,503.5443,0
365.2017,406.2494,0
345.528,442.4911,0
339.4233,454.3013,0
315.3961,483.9999,0
363.6498,441.7871,0
378.4908,450.5118,0
332.927,457.3505,0
348.2699,511.0457,0
372.3835,431.7071,0
354.1061,487.6987,0
334.1436,395.2608,0
390.8668,436.1335,0
373.1619,467.2829,0
351.0971,473.9767,0
339.2275,437.4265,0
345.0289,449.4261,0
357.2015,472.4521,0
355.2997,461.215,0
354.9803,441.8602,0
360.574,466.9637,0
332.9008,502.9537,0
366.1864,472.1282,0
372.3899,507.1977,0
333.8557,454.927,0
394.7831,450.2064,0
375.5217,442.9238,0
346.0695,445.1255,0
361.5866,431.8575,0
351.9328,494.2488,0
395.481,424.3581,0
395.5733,447.7722,0
389.2867,450.9016,0
329.7121,505.38,0
353.4623,477.4313,0
324.9722,480.1789,0
343.7598,463.223,0
330.2106,497.637,0
362.5253,504.5453,0
326.3374,488.5142,0
373.2177,449.0149,0
391.8503,522.7175,0
377.0293,407.0629,0
383.683,445.3618,0
375.7184,458.6951,0
333.6232,462.8231,0
370.1355,468.0284,0
346.6266,528.5168,0
344.4442,486.2519,0
360.97,488.7497,0
321.6716,538.5011,0
394.7444,503.5772,0
329.3125,449.4297,0
339.9073,489.4634,0
362.4354,459.6466,0
377.2884,427.4272,0
351.6511,498.119,0
316.9185,470.9331,0
339.9424,489.1697,0
352.9744,416.9846,0
329.9108,452.8181,0
393.9472,479.7152,0
362.0936,446.3618,0
346.333,473.9997,0
319.928,438.1678,0
401.3019,426.4057,0
345.9451,447.1049,0
314.9116,477.9537,0
319.6214,431.9064,0
391.7208,406.8997,0
369.2485,430.8128,0
367.5175,427.5586,0
302.7307,481.6934,0
388.8699,476.8563,0
380.9246,421.5862,0
377.4861,458.2122,0
370.3553,444.2222,0
309.4768,500.4852,0
322.3448,491.564,0
342.4061,555.8664,0
327.0681,516.4151,0
375.6264,440.0844,0
281.3719,431.875,0
375.8172,430.8162,0
375.5771,476.6901,0
375.7756,532.2275,0
342.2352,487.986,0
374.5294,479.3035,0
373.9693,415.56,0
338.3943,506.8724,0
355.7273,435.5137,0
378.5114,486.3659,0
349.5016,491.5356,0
361.2546,481.2698,0
342.1241,532.3619,0
389.5148,464.2567,0
363.1865,484.3092,0
377.4777,427.331,0
381.6292,467.2213,0
349.3754,433.1766,0
358.0433,433.3551,0
439.2219,416.8652,0
351.7495,438.8841,0
360.3596,488.7095,0
344.6787,432.624,0
364.9372,449.2446,0
367.7697,452.6163,0
362.9509,434.2163,0
351.9048,394.5434,0
331.0031,444.6186,0
328.0012,523.0787,0
332.9413,483.0018,0
325.2684,437.7003,0
298.9018,477.7169,0
369.4315,449.7987,0
332.0098,449.1179,0
334.9565,472.3099,0
365.858,458.3392,0
388.7432,429.7717,0
382.1446,460.7602,0
372.5127,458.6623,0
316.1035,422.959,0
351.4231,465.9234,0
372.1353,458.8591,0
354.6515,432.239,0
397.2421,452.9002,0
327.4974,488.6271,0
329.5587,454.2284,0
325.266,453.9287,0
347.3538,452.6012,0
384.4219,555.9648,0
408.6797,454.4077,0
365.3184,471.7598,0
356.4054,477.7332,0
338.6932,455.7412,0
380.0367,473.909,0
375.2624,449.3349,0
373.5851,429.0264,0
353.1373,432.4335,0
384.0898,468.9029,0
355.8087,488.4298,0
358.3868,415.8124,0
344.9022,450.9283,0
348.1868,504.7769,0
348.7303,477.7485,0
343.9222,463.3643,0
398.5085,414.3452,0
372.2188,538.3364,0
388.3466,493.8585,0
351.7737,447.642,0
352.443,445.3665,0
340.0782,494.3965,0
335.9841,471.7036,0
357.0757,520.0658,0
347.3901,469.93,0
365.5207,479.9482,0
367.7673,436.4492,0
378.7671,421.193,0
361.0936,370.7783,0
378.6064,501.1149,0
396.576,434.447,0
310.6676,493.3036,0
398.6357,452.7359,0
342.4559,483.8627,0
331.6569,480.5298,0
380.5421,415.9012,0
411.0829,411.7523,0
416.1136,444.403,0
335.2068,397.6096,0
370.3165,423.541,0
388.1254,453.4832,0
393.7242,465.5274,0
387.6735,521.1886,0
337.7092,445.374,0
369.9393,458.4014,0
369.1649,494.4184,0
360.7823,521.1513,0
383.303,464.4141,0
326.4012,463.6577,0
321.7884,489.0121,0
388.9246,444.4285,0
311.5875,462.1489,0
340.1464,469.8784,0
322.9783,485.5194,0
353.4412,517.4823,0
331.8748,528.6348,0
352.1797,472.5894,0
335.8296,470.8121,0
340.7284,492.8661,0
376.225,486.3002,0
353.9233,429.6077,0
346.1652,472.8088,0
339.8033,491.5095,0
341.6188,497.2745,0
355.1816,472.154,0
325.835,449.4553,0
345.9376,479.3461,0
336.7574,502.2201,0
335.4204,513.889,0
317.2094,419.5638,0
326.2587,404.4952,0
382.5774,493.0676,0
358.1312,531.9988,0
332.4363,476.9498,0
329.5822,480.6158,0
316.8303,541.8395,0
342.9801,455.7733,0
343.7224,454.8196,0
350.4031,454.8646,0
360.8098,489.7035,0
361.1531,422.2703,0
418.9208,409.7716,0
358.3382,486.6993,0
360.0939,485.8891,0
366.697,462.1204,0
379.8182,451.4738,0
348.7649,434.8566,0
370.0483,461.0941,0
340.8923,427.6587,0
319.9255,466.6779,0
321.2851,496.9915,0
337.4477,484.5353,0
336.3293,523.0827,0
362.9835,479.9571,0
350.8918,489.7929,0
346.6513,465.8666,0
331.1384,471.7665,0
329.6281,455.444,0
367.1471,474.0715,0
380.8716,453.7518,0
313.9657,474.272,0
384.2021,449.0316,0
389.5239,498.3059,0
362.0863,439.2012,0
372.3057,460.9304,0
362.1826,432.2566,0
361.5139,504.4614,0
398.3013,422.4641,0
395.077,430.4695,0
340.0816,451.754,0
329.9478,475.7015,0
309.2781,458.6533,0
347.7528,485.3658,0
366.4826,428.5308,0
389.2009,471.1593,0
337.7224,422.2596,0
308.8537,481.9392,0
339.2278,431.1602,0
322.118,547.2408,0
402.5157,513.6864,0
346.7302,420.9553,0
321.3484,463.1088,0
365.2462,435.4782,0
399.5367,486.6443,0
357.3481,471.584,0
326.8045,456.2234,0
335.8755,466.6405,0
362.8701,512.9084,0
384.5187,440.7527,0
354.2413,468.5184,0
372.9093,463.6708,0
350.2513,420.7695,0
396.462,469.141,0
333.6693,505.9187,0
333.008,466.8959,0
351.2465,474.7677,0
364.3011,560.9739,0
376.2166,497.3184,0
344.1727,475.6917,0
369.2006,485.184,0
355.4462,486.2501,0
347.5781,439.1429,0
353.3608,526.8948,0
358.4164,459.6795,0
408.7617,481.4851,0
365.9101,475.7567,0
406.9259,431.158,0
332.0571,449.2629,0
332.843,507.0235,0
399.886,374.7789,0
359.7608,476.0999,0
340.7038,454.9692,0
343.7726,439.5837,0
385.715,440.5613,0
376.5847,431.1677,0
325.5268,456.5297,0
356.4566,443.5444,0
383.5959,442.4883,0
333.5402,457.3245,0
384.6154,471.8962,0
328.6955,489.4216,0
337.9066,470.0633,0
326.1057,397.7507,0
346.9416,476.9359,0
354.4817,449.1506,0
339.0404,452.8307,0
338.6522,452.2868,0
382.7412,385.6938,0
376.5084,453.5924,0
415.8597,436.095,0
346.8561,419.7056,0
334.6836,578.5154,0
338.6567,480.7811,0
407.4598,494.9819,0
374.4918,421.5616,0
371.326,490.0259,0
410.4117,455.1646,0
384.8972,463.8463,0
348.4389,452.7838,0
346.9504,450.7183,0
348.2906,408.7907,0
331.3256,440.0122,0
362.832,443.9312,0
389.3589,519.7668,0
384.4903,480.5549,0
333.8262,481.017,0
341.5708,433.2937,0
351.4121,422.8563,0
300.9788,505.8901,0
322.2734,431.3427,0
352.2435,432.8419,0
355.1703,434.5366,0
351.923,470.3115,0
343.8726,439.3829,0
333.5754,456.4627,0
394.4275,452.3779,0
380.0433,439.7681,0
313.6045,527.7803,0
333.0936,432.4737,0
363.7754,469.313,0
332.3808,459.0799,0
390.9231,429.1378,0
387.501,466.2557,0
340.2734,485.4928,0
342.2897,471.8859,0
357.2521,457.0052,0
312.7446,508.3204,0
346.4158,494.043,0
337.3688,487.3163,0
346.0735,492.691,0
373.682,472.2841,0
386.2973,490.6659,0
347.3787,465.1215,0
363.3378,447.4442,0
359.9626,429.5368,0
310.6775,467.1096,0
390.5691,494.0211,0
324.0048,478.0973,0
401.0215,475.2838,0
344.1504,535.3773,0
413.6624,456.8484,0
338.8134,515.3439,0
333.5083,509.7155,0
384.3846,379.0733,0
332.6059,418.8378,0
349.6469,453.379,0
388.8153,500.8278,0
390.6587,492.6955,0
347.5531,482.4459,0
341.933,472.3742,0
341.6257,468.865,0
323.5291,461.9088,0
362.9464,461.165,0
348.4139,516.7062,0
393.1548,514.4255,0
367.9227,442.4416,0
310.9576,510.0857,0
323.0555,465.8564,0
377.0887,401.4329,0
313.0126,438.3679,0
337.7311,402.4666,0
359.9664,469.9886,0
367.9265,426.7493,0
357.2386,512.1476,0
358.1475,441.8594,0
398.6426,443.9565,0
335.6,467.4423,0
386.6831,455.5584,0
421.927,435.6191,0
371.5865,434.4897,0
360.6389,474.9101,0
348.8513,519.8238,0
336.3821,506.5305,0
327.4986,447.198,0
364.2002,387.4357,0
325.3049,513.7119,0
340.196,423.4019,0
356.8724,493.6116,0
331.0707,460.2139,0
379.6517,447.2947,0
337.0916,447.582,0
354.2699,460.3211,0
331.5841,434.9163,0
355.8116,418.6277,0
349.9508,463.8426,0
311.6737,436.1223,0
356.2049,446.2756,0
376.7948,498.2366,0
377.3551,433.5032,0
344.838,452.0455,0
366.3952,427.3858,0
354.2168,466.5447,0
345.4663,474.7707,0
383.5845,403.581,0
359.4618,395.0435,0
357.5246,437.289,0
310.2941,481.1536,0
326.0223,508.967,0
378.7491,460.7277,0
352.5587,479.6279,0
359.58,456.9205,0
321.1855,456.9884,0
372.2872,479.244,0
368.3173,462.6661,0
391.594,471.8021,0
360.0737,461.8921,0
321.4159,461.244,0
319.3323,455.4104,0
336.1575,470.7673,0
337.7005,577.5193,0
340.5352,459.8302,0
356.4664,433.3951,0
320.6837,492.8694,0
355.3615,509.7023,0
357.3797,438.9523,0
394.5318,481.4598,0
334.0079,431.5125,0
336.4494,486.2237,0
368.8477,448.5804,0
340.6286,407.6717,0
340.4342,512.8708,0
328.2455,531.331,0
369.1599,420.687,0
376.9189,475.5754,0
367.6647,475.1915,0
364.7357,485.5789,0
357.7524,495.5466,0
360.7391,445.7253,0
401.3328,457.6795,0
345.905,453.2439,0
341.0734,445.9675,0
340.5784,456.0338,0
294.4632,528.1315,0
375.4247,475.6475,0
351.3685,486.6222,0
357.0416,408.386,0
337.2551,414.3741,0
399.6939,466.1273,0
353.2598,440.8647,0
367.5611,528.2477,0
353.8642,504.9055,0
347.3398,456.2935,0
344.7651,466.8848,0
349.7426,415.1255,0
363.8731,466.3906,0
398.1791,510.2242,0
336.3654,464.338,0
343.1472,472.3997,0
335.5364,401.3548,0
356.9039,413.5523,0
409.5386,526.4623,0
344.2882,456.2105,0
343.0394,418.749,0
422.0988,503.1885,0
336.1362,472.2122,0
334.9188,498.8552,0
375.4198,443.3408,0
390.7546,553.289,0
387.8734,397.9673,0
341.7537,455.4171,0
357.0891,478.6207,0
360.0351,488.8216,0
354.0909,508.9502,0
360.1541,433.6547,0
349.7,512.3921,0
327.7302,495.0262,0
311.7883,434.8731,0
351.5462,524.0831,0
338.34,531.7625,0
379.586,428.454,0
349.8411,466.0564,0
339.5526,523.3258,0
321.9078,455.9272,0
385.7551,381.8229,0
362.7374,418.4695,0
324.4844,471.399,0
398.2098,456.5893,0
398.2784,451.0494,0
328.5874,482.7249,0
377.9144,456.0233,0
356.5585,404.3109,0
376.2915,451.4657,0
331.3593,508.6672,0
382.7681,405.5365,0
367.773,436.4944,0
384.928,478.56,0
343.4575,493.0743,0
369.3423,475.0091,0
368.3492,429.3977,0
390.5413,411.8535,0
333.2748,466.68,0
328.2681,463.2847,0
354.8495,407.8097,0
338.0255,424.6349,0
329.4899,422.6954,0
347.9484,452.1438,0
377.0739,518.9204,0
367.4928,439.5905,0
364.8236,421.6282,0
334.5136,464.3909,0
346.6695,489.5157,0
344.5083,438.5062,0
375.9953,394.0905,0
380.1391,419.6293,0
365.0414,468.1599,0
345.6526,445.1483,0
382.502,467.7277,0
386.0939,346.5663,0
386.9228,495.2569,0
385.347,403.777,0
407.8184,425.5114,0
359.8836,445.1283,0
341.881,531.0121,0
372.5744,390.8269,0
364.3913,468.3311,0
351.9461,423.2968,0
362.5797,471.4119,0
339.7513,469.4757,0
383.691,390.0999,0
348.9781,517.7018,0
379.4614,513.4718,0
341.5495,448.3555,0
371.8062,441.7856,0
353.9098,412.775,0
300.938,481.235,0
302.3103,454.5204,0
347.4734,440.6463,0
337.647,468.551,0
353.8014,501.4556,0
359.8167,468.2222,0
347.1931,420.8125,0
345.2445,468.3586,0
383.376,449.2964,0
360.5403,454.9523,0
357.9464,503.9867,0
341.0079,481.0006,0
334.4802,534.1473,0
361.332,474.1996,0
332.7569,453.9039,0
335.0822,491.1973,0
385.5034,485.0031,0
351.1104,515.7782,0
259.7348,490.2486,0
381.4036,458.0378,0
344.5778,521.7172,0
353.5049,411.8745,0
348.2937,492.8428,0
347.1896,467.2224,0
349.3666,493.2235,0
408.7076,447.3085,0
363.2975,484.3545,0
377.9443,464.6696,0
350.0811,496.436,0
359.6038,449.6671,0
384.766,460.2208,0
342.3663,522.4432,0
375.0187,524.5483,0
334.3832,449.6079,0
367.1786,460.794,0
338.0001,508.0656,0
371.5488,436.7466,0
320.1889,432.3767,0
363.7345,434.6461,0
337.5864,494.4896,0
338.8275,514.3134,0
350.0985,553.0419,0
335.9102,521.735,0
343.9081,426.0427,0
364.7937,434.1745,0
319.0213,481.9387,0
330.8599,454.1749,0
307.9681,475.253,0
371.9329,434.1295,0
377.8549,429.6207,0
363.1382,488.3076,0
359.7988,477.847,0
361.183,485.2173,0
395.2318,476.665,0
364.434,448.5119,0
391.712,479.658,0
339.2173,429.7575,0
391.5114,451.3687,0
418.5593,392.0004,0
381.3116,430.1168,0
343.5756,430.4481,0
414.6115,490.3017,0
336.8939,445.8987,0
323.8413,492.2241,0
316.6444,436.8208,0
358.9366,515.0826,0
382.4376,489.9148,0
319.7934,504.258,0
360.7029,485.3994,0
376.329,398.295,0
373.3162,512.0989,0
370.3575,475.0031,0
345.7937,487.8701,0
336.8532,409.9637,0
341.5911,483.1638,0
388.2322,513.7386,0
369.8147,496.3257,0
358.0665,478.4664,0
326.5193,469.4212,0
362.08,451.4058,0
317.333,500.7068,0
332.3358,500.428,0
377.8598,491.5916,0
325.9203,449.0911,0
350.8748,482.0637,0
379.2641,443.9364,0
291.2072,493.1483,0
341.6951,536.3363,0
382.3668,520.633,0
377.0751,502.9655,0
326.7056,509.7188,0
361.2839,468.9041,0
379.524,455.6602,0
319.3889,511.8339,0
378.1023,481.8685,0
376.0612,460.5768,0
339.4303,509.8076,0
363.0094,445.1277,0
365.0511,462.4302,0
379.5235,483.0385,0
364.6371,496.0782,0
355.896,407.0745,0
362.7512,397.487,0
370.7789,479.9712,0
359.9686,478.0787,0
401.9402,472.5326,0
366.2301,449.9691,0
351.3043,484.7523,0
302.9832,477.5986,0
376.7504,472.1526,0
373.8526,543.8334,0
315.0746,481.3187,0
380.6467,455.295,0
356.0811,427.2135,0
319.4003,487.3292,0
335.3033,471.934,0
347.0803,428.5484,0
372.6004,481.4254,0
330.788,480.2828,0
357.7036,484.5025,0
363.7757,439.4785,0
334.4214,504.1216,0
306.1897,460.0461,0
388.8143,400.9934,0
331.4712,478.8453,0
354.8601,457.9455,0
341.1481,459.2456,0
342.0181,500.8266,0
351.2689,428.2925,0
380.0767,515.9934,0
337.9136,453.7907,0
357.6611,462.8734,0
396.8689,428.2997,0
363.5642,452.1367,0
384.0732,405.7384,0
375.8082,479.5756,0
351.0257,435.5255,0
378.2557,458.652,0
362.4732,395.633,0
314.338,408.7947,0
352.5348,461.9117,0
378.41,468.089,0
364.5617,454.3192,0
409.5887,630.089,0
392.504,483.5846,0
299.011,465.9833,0
339.5978,463.8067,0
348.6912,467.4156,0
320.6317,458.7242,0
359.0605,455.4991,0
349.9082,473.7563,0
313.2504,452.8865,0
367.2311,491.2573,0
338.3695,504.7591,0
382.1725,438.5771,0
362.9846,447.8185,0
340.4039,492.8821,0
360.4117,499.6635,0
330.4728,473.493,0
326.8098,443.7735,0
414.4023,443.2567,0
392.2315,423.3506,0
339.9384,433.991,0
368.989,553.3043,0
397.7166,472.7823,0
354.9969,513.9523,0
384.0763,454.4139,0
365.766,513.1323,0
319.4063,446.11,0
375.5643,495.9001,0
317.0964,474.0233,0
350.4922,452.77,0
365.1639,418.4901,0
365.6277,458.412,0
344.9846,459.6295,0
338.2535,431.2624,0
464.9173,448.4458,0
312.3801,514.4686,0
366.5436,433.0442,0
365.8046,386.4997,0
363.2706,491.2602,0
345.3228,398.3228,0
369.1629,490.8119,0
343.8875,404.3268,0
364.5515,511.8639,0
416.7816,449.6623,0
314.797,408.7415,0
362.2495,420.3161,0
333.0655,448.6537,0
374.35,441.9436,0
358.9658,409.4192,0
335.7524,435.5823,0
355.9679,502.9005,0
339.2907,489.3031,0
355.4756,520.0951,0
364.0781,501.5198,0
361.985,466.9012,0
360.7579,488.6456,0
345.3052,524.5495,0
361.4587,492.5267,0
347.2255,443.187,0
394.0459,419.4533,0
369.4633,394.7928,0
329.3506,429.7253,0
412.2079,372.0532,0
362.0313,401.2679,0
376.5345,441.0427,0
391.4725,456.0767,0
339.1989,434.3937,0
392.9154,438.9553,0
357.5111,440.4537,0
298.7212,445.6073,0
379.1512,458.5913,0
338.9474,497.6393,0
355.8278,483.758,0
331.629,433.4115,0
325.6663,469.9757,0
366.1169,417.8581,0
340.2258,504.02,0
360.2342,417.7782,0
395.0096,465.228,0
323.2017,456.5023,0
330.7469,453.8462,0
330.9424,484.1917,0
345.6515,456.463,0
331.5948,512.5452,0
365.5934,459.8941,0
301.3295,517.8436,0
323.8122,428.0842,0
317.7406,470.055,0
386.4326,427.5423,0
352.0595,445.7551,0
374.348,488.9075,0
324.6693,472.6601,0
338.4065,444.8677,0
355.8339,528.1584,0
362.2087,496.2217,0
310.972,491.3006,0
344.9315,462.325,0
295.7032,422.7784,0
359.4671,494.4813,0
351.4198,471.6492,0
327.1907,448.39,0
379.119,373.2983,0
351.6664,516.9165,0
348.6062,491.4193,0
320.282,463.5441,0
351.2771,441.0278,0
327.1707,463.5486,0
359.7792,466.2285,0
372.9803,394.3979,0
327.0096,489.6053,0
368.4529,477.1045,0
340.1551,448.6888,0
332.5522,478.8276,0
320.6517,441.1864,0
352.8416,516.0732,0
339.9101,389.9589,0
375.2563,517.8304,0
349.6,500.0422,0
361.0546,454.3075,0
378.7108,458.7503,0
363.2421,463.9969,0
335.883,418.6978,0
311.7156,474.8472,0
348.1494,509.374,0
319.8066,496.6287,0
328.043,489.1455,0
325.1524,462.6432,0
374.5123,433.8969,0
372.9672,472.994,0
382.2765,448.7182,0
302.8651,469.6079,0
338.9367,476.0556,0
360.3368,492.1047,0
343.413,408.3038,0
362.6721,454.7937,0
344.9496,455.2295,0
353.0066,485.3145,0
386.1908,430.0259,0
335.5792,472.1807,0
342.3937,448.5681,0
398.0434,413.5499,0
367.586,417.1787,0
337.286,496.6904,0
333.0581,513.8563,0
325.3581,464.1892,0
397.6613,482.5291,0
323.0606,483.7989,0
371.9561,491.5754,0
361.2089,462.3239,0
350.2603,433.0046,0
350.4051,448.8844,0
336.1047,510.755,0
362.1258,458.1256,0
341.8908,463.562,0
382.2546,432.5114,0
389.8746,568.8865,0
329.3944,465.9399,0
360.8396,416.2137,0
407.1915,553.6259,0
318.0664,506.8994,0
389.1618,417.5129,0
341.0703,497.7903,0
353.6514,489.84,0
400.8356,426.3248,0
361.2262,480.6019,0
343.6465,530.3235,0
364.5989,456.1943,0
335.5675,478.2143,0
342.5328,456.7942,0
369.038,421.0456,0
337.0449,497.1942,0
395.8693,407.8132,0
343.3385,493.6287,0
361.7904,514.5966,0
319.9773,460.8058,0
364.6847,507.9282,0
362.5665,505.6788,0
335.9564,493.725,0
385.6891,470.6044,0
364.4893,423.5681,0
350.1788,514.8082,0
333.6718,448.6681,0
323.5921,450.8412,0
330.1307,480.6403,0
334.6053,470.9346,0
363.312,485.1578,0
392.0415,476.2385,0
377.5564,438.0571,0
332.1048,487.4823,0
359.4776,435.465,0
372.017,466.5119,0
342.6263,478.2416,0
330.9967,489.3683,0
349.9179,436.8669,0
336.1405,520.4198,0
315.2638,497.1695,0
334.5594,423.3046,0
330.122,485.8239,0
325.8226,409.4113,0
294.6097,484.4921,0
361.3235,424.3937,0
351.3753,489.7306,0
330.6783,471.4773,0
311.0296,483.5415,0
324.868,501.7619,0
373.5978,505.7028,0
339.7487,482.3727,0
356.3391,505.4901,0
345.0801,444.6482,0
334.3698,445.6922,0
356.4077,444.8654,0
378.6538,477.2568,0
329.6049,481.6407,0
343.2245,447.5233,0
370.0698,425.3716,0
322.8193,477.6488,0
360.2333,467.4267,0
352.5999,529.6754,0
355.6978,459.3878,0
329.8199,435.3492,0
321.5249,489.4763,0
353.0491,432.6979,0
374.3478,429.2573,0
384.4622,461.3703,0
322.6764,513.8373,0
363.4513,489.2589,0
314.1088,423.0027,0
344.5713,462.4845,0
366.324,419.6185,0
312.6711,529.8364,0
421.1526,471.5296,0
309.7408,420.6186,0
373.0763,459.4129,0
351.1761,426.9363,0
356.2052,476.1145,0
345.0474,488.1806,0
395.8822,415.1715,0
352.0687,448.3378,0
349.5978,429.0581,0
320.8175,415.254,0
346.5915,447.5334,0
320.5834,491.1866,0
363.0198,482.4851,0
328.0274,494.9877,0
391.7516,493.6414,0
348.5634,406.1666,0
367.0012,488.4821,0
350.8455,467.6475,0
334.8544,440.1634,0
400.6734,423.8667,0
376.9388,472.6867,0
362.02,452.2041,0
373.4654,493.2944,0
394.452,497.5196,0
417.9304,435.2056,0
326.151,492.0798,0
368.8911,425.6898,0
353.135,433.3467,0
332.564,435.978,0
376.2888,471.1585,0
292.1818,537.7942,0
332.3468,406.1752,0
343.3127,449.4686,0
348.4219,473.9973,0
389.2381,469.6058,0
363.0889,449.2177,0
312.3335,471.0513,0
360.5563,446.8098,0
348.4406,442.8411,0
356.4557,444.9033,0
426.9547,465.6776,0
363.7191,447.8897,0
347.4607,435.8306,0
319.1861,440.4493,0
364.0533,463.7188,0
388.8309,525.3203,0
402.4442,495.0438,0
321.2169,490.5403,0
367.0103,501.2465,0
361.3206,460.1083,0
357.2548,474.9283,0
362.7753,440.2213,0
378.312,477.2365,0
328.5857,538.8163,0
376.6807,513.2566,0
359.7385,450.8215,0
357.5848,446.9934,0
334.6613,490.6378,0
354.6842,449.1321,0
349.5352,483.3468,0
329.1734,486.1815,0
405.112,405.8567,0
387.9159,396.4107,0
344.4835,501.2242,0
353.0897,460.5522,0
342.2357,519.8383,0
391.2471,478.5266,0
399.0003,507.6316,0
379.6794,418.5411,0
336.8388,437.5223,0
392.5551,426.0536,0
358.0721,479.2027,0
360.7835,408.9525,0
324.2859,475.0288,0
356.9927,493.0709,0
311.889,493.8334,0
358.5507,439.9698,0
326.1498,467.193,0
339.4775,436.6163,0
351.2615,433.3873,0
376.9631,439.2932,0
349.9065,516.1381,0
369.2104,463.1949,0
368.8921,438.4683,0
390.405,427.198,0
346.7073,475.5146,0
315.181,467.1093,0
363.1296,425.9733,0
333.0364,441.7471,0
372.0987,414.6064,0
362.993,463.5609,0
392.062,533.9702,0
355.7029,434.5088,0
365.5146,476.2596,0
317.7874,519.7308,0
364.4261,461.368,0
347.5955,484.7586,0
360.589,420.1082,0
341.6884,541.5227,0
344.4201,488.9999,0
401.5701,491.1193,0
368.6725,498.4594,0
351.038,430.2407,0
345.6615,497.1044,0
347.738,425.6484,0
363.9072,469.2809,0
314.67,496.7354,0
336.865,495.1342,0
394.5222,460.6149,0
371.2285,489.5169,0
367.7117,453.5598,0
349.0163,529.8943,0
343.2493,480.6207,0
383.2208,425.3834,0
347.3909,443.522,0
387.8264,462.7647,0
365.4444,438.8515,0
393.5303,468.1888,0
317.9672,463.3392,0
410.9107,484.3416,0
344.4877,437.6125,0
347.8206,504.9966,0
362.3826,464.5114,0
398.1294,417.9367,0
340.1883,365.1449,0
368.8959,399.7735,0
347.5117,452.8043,0
393.8568,414.1923,0
344.9603,529.6711,0
381.6378,449.4772,0
342.5442,463.6467,0
304.4854,429.7292,0
400.759,437.1381,0
340.1379,465.9176,0
380.9936,522.1405,0
388.6392,437.2621,0
363.8894,458.3226,0
371.406,411.1501,0
359.3345,443.825,0
326.0718,430.3661,0
365.6622,462.7621,0
335.9376,496.2933,0
401.9293,454.0297,0
398.2864,446.0371,0
368.4645,470.8613,0
333.322,493.4915,0
356.2356,494.842,0
372.6,448.0685,0
374.9361,422.6309,0
322.356,480.2558,0
334.0089,416.0595,0
342.8775,433.5586,0
337.1795,485.9728,0
361.0481,447.9278,0
365.2714,465.9021,0
344.3609,440.3475,0
406.0676,465.3472,0
385.6829,450.2335,0
329.0788,413.8906,0
348.7679,436.6833,0
369.1449,465.8777,0
354.2986,448.1567,0
324.9222,458.8892,0
359.0063,434.6221,0
381.5726,475.2018,0
395.6744,436.7462,0
311.4996,501.4001,0
349.7029,438.1517,0
358.9826,486.8676,0
363.6534,476.8936,0
356.2545,453.2983,0
369.2459,469.8283,0
357.9641,473.7615,0
341.3483,426.6429,0
368.8304,412.9875,0
340.8958,407.1497,0
333.0597,446.8091,0
344.57,485.3361,0
359.8215,480.6139,0
356.1399,404.1225,0
308.0278,440.7361,0
364.0601,536.8284,0
357.4169,499.1603,0
320.907,510.4852,0
342.6083,479.7163,0
368.1111,536.9058,0
323.3679,460.8595,0
323.7859,517.403,0
337.5696,467.8867,0
319.8306,525.8779,0
341.8827,443.34,0
379.7633,442.4738,0
348.052,415.4493,0
339.8661,395.3497,0
320.0287,490.8501,0
367.976,500.3253,0
332.4619,420.8821,0
339.6454,490.2405,0
356.4854,411.1815,0
347.641,462.0927,0
326.9276,446.9913,0
330.7305,473.0756,0
391.0726,471.6324,0
348.2787,522.2888,0
363.1559,448.287,0
345.213,464.7253,0
368.2033,478.3327,0
329.4572,462.8199,0
372.971,462.5579,0
359.6688,531.8223,0
357.1208,442.0055,0
361.658,444.8485,0
350.6501,398.6209,0
318.2958,434.1691,0
366.6545,486.5079,0
380.2114,448.6531,0
395.1368,421.7739,0
361.4642,473.3621,0
353.6282,520.1314,0
332.7236,410.5944,0
372.2236,471.8,0
327.3729,558.5035,0
352.7454,475.7407,0
395.2746,413.0049,0
372.1376,522.25,0
373.4854,450.4133,0
358.6122,467.3882,0
377.0071,467.3178,0
326.4103,460.4449,0
360.9493,471.9167,0
312.2148,453.0833,0
378.4803,443.5402,0
314.1318,525.3182,0
359.4556,434.6479,0
371.7739,463.5488,0
343.7382,489.8889,0
390.4709,425.6712,0
347.0056,480.8564,0
344.1749,421.1313,0
365.4913,418.8819,0
384.1519,461.313,0
306.7499,476.3168,0
433.4582,539.7952,0
419.8076,420.2206,0
371.9104,437.8967,0
336.0256,390.2965,0
313.2484,456.3645,0
327.5929,485.7674,0
321.0597,467.5858,0
365.6127,455.738,0
346.5394,472.5611,0
376.8171,469.6504,0
371.2559,514.0504,0
375.4931,468.5302,0
372.6754,448.5636,0
365.6228,479.1028,0
381.926,441.2728,0
408.9673,400.6657,0
345.7576,495.6587,0
318.9684,478.4698,0
340.3371,488.5829,0
342.2504,451.4744,0
380.8513,476.962,0
425.2418,527.8175,0
323.7747,513.6445,0
292.2361,483.6524,0
354.5569,425.3306,0
334.3625,507.5182,0
371.843,507.5032,0
358.114,453.3309,0
358.1776,498.6304,0
360.4741,430.85,0
374.0244,431.2316,0
366.6995,470.0153,0
344.4582,441.7581,0
373.788,505.8253,0
373.009,519.4314,0
371.7076,489.7866,0
366.4891,501.3478,0
384.6819,464.7542,0
385.6581,456.5663,0
311.3686,423.8092,0
360.7422,438.1062,0
343.5867,475.8141,0
352.3032,459.0829,0
345.2954,438.2016,0
395.1658,483.772,0
389.0464,433.4988,0
338.0744,442.1616,0
391.024,461.1999,0
388.5712,454.4498,0
352.6807,478.159,0
352.6489,473.8309,0
336.1474,502.919,0
370.5477,430.2204,0
373.869,452.3613,0
362.7317,476.7103,0
344.6818,429.8393,0
334.7503,452.8914,0
382.4651,463.3725,0
337.3229,467.0128,0
335.5346,485.8928,0
361.0723,462.8927,0
378.9681,461.5784,0
372.1182,520.1535,0
349.2609,460.1967,0
376.7097,469.4572,0
343.4961,434.8365,0
354.9431,465.0316,0
341.1457,484.9454,0
353.4353,477.4172,0
345.4369,465.059,0
323.7349,435.219,0
326.2416,423.6606,0
320.5444,429.1471,0
360.7817,450.1551,0
306.6519,473.3681,0
359.1297,455.3606,0
298.1212,469.14,0
346.9,447.3567,0
373.7878,516.5164,0
350.0809,442.5058,0
309.0065,481.0186,0
391.4136,489.1047,0
397.2334,386.0515,0
359.811,496.1613,0
357.4578,471.4998,0
385.1589,500.3509,0
376.4112,459.1679,0
365.8385,485.5443,0
356.4084,485.7528,0
330.3118,477.6692,0
346.6639,425.5662,0
286.0647,503.6222,0
345.2595,480.7072,0
327.4456,527.2639,0
335.7062,403.9518,0
304.753,486.5781,0
384.1641,402.9263,0
330.9344,491.9375,0
320.4577,457.3545,0
331.4141,450.5336,0
413.5715,454.186,0
334.4111,455.8356,0
345.6415,435.3533,0
331.775,463.4811,0
370.9339,472.9339,0
375.5172,478.2977,0
345.4245,523.4553,0
372.8158,520.8463,0
316.324,469.9206,0
359.6304,501.8827,0
331.9747,457.751,0
329.6913,470.5358,0
336.3224,447.0089,0
355.1675,420.3085,0
397.1724,508.8391,0
318.2499,573.1245,0
423.5651,414.9594,0
340.7869,493.7172,0
402.801,485.3475,0
321.9732,468.2905,0
371.718,469.6299,0
331.5128,531.7428,0
358.6414,480.5084,0
315.7529,490.3237,0
342.0549,443.1058,0
388.5905,460.0669,0
321.2557,546.3491,0
357.3964,494.7162,0
387.565,463.4669,0
381.8284,445.4024,0
358.577,438.2619,0
347.5004,479.7386,0
315.05,447.4136,0
369.0081,455.3395,0
387.1011,441.1777,0
324.1381,539.8077,0
377.6037,428.2697,0
353.9931,464.4778,0
341.5115,461.7614,0
374.1395,454.0789,0
357.331,454.7987,0
357.6093,472.9697,0
375.1647,434.1978,0
354.1336,426.3335,0
377.5374,450.9993,0
389.1474,473.6745,0
311.8763,469.6732,0
314.8937,521.2902,0
375.3955,493.6407,0
337.4718,473.6224,0
394.5673,435.047,0
351.9306,463.9245,0
340.8287,497.1586,0
350.9471,462.8703,0
329.3315,496.2548,0
373.5529,439.2361,0
363.6216,518.3652,0
369.5108,452.8469,0
367.9391,481.7291,0
409.1245,456.3723,0
351.313,457.8405,0
368.0338,476.4532,0
375.1143,422.0288,0
327.9522,450.0939,0
343.0125,492.2507,0
380.6317,467.0356,0
356.936,447.3356,0
381.4584,406.8258,0
357.8692,502.0418,0
376.6419,429.0339,0
360.0328,409.009,0
360.8774,534.2022,0
355.0802,432.9524,0
334.8111,442.579,0
374.3029,552.0526,0
323.4813,555.7665,0
371.3105,453.1584,0
369.3435,479.6047,0
311.0822,505.9938,0
331.932,485.2208,0
341.9568,475.2088,0
380.3089,448.0209,0
400.3521,393.9771,0
356.8311,490.655,0
372.0751,492.4431,0
372.3512,452.1635,0
380.3498,436.7458,0
377.6209,483.3202,0
296.8014,374.5089,0
371.644,478.7499,0
344.5819,446.2079,0
348.5818,443.4641,0
350.2117,486.7327,0
373.2006,457.3474,0
368.1195,425.9037,0
332.9748,487.6862,0
354.7949,484.6181,0
322.7305,483.8932,0
341.9694,477.7422,0
345.9752,426.7487,0
382.5021,501.1973,0
359.4884,482.8662,0
356.716,400.7552,0
375.1061,530.5615,0
330.5263,443.5116,0
350.7097,423.9846,0
365.6181,456.2289,0
382.8482,500.3063,0
359.8682,432.2464,0
329.0613,531.5255,0
357.0618,466.0815,0
380.3601,425.7888,0
344.2253,477.3937,0
355.6268,469.0882,0
386.6202,467.9188,0
383.7678,457.6591,0
388.7911,413.2574,0
336.5678,445.8107,0
338.6729,448.9073,0
353.8337,506.8552,0
349.3206,447.907,0
341.4774,486.4263,0
341.4913,500.5942,0
298.7131,488.3911,0
330.9539,478.5291,0
347.8367,494.2726,0
366.4297,407.9355,0
377.1385,472.0234,0
403.4761,399.6025,0
361.3236,448.7822,0
346.4415,505.4725,0
367.5118,456.3641,0
373.4718,477.023,0
341.303,419.9431,0
329.1279,525.1605,0
348.1558,460.2191,0
375.3213,505.961,0
353.8526,511.0256,0
351.0941,499.2515,0
372.1868,456.3951,0
361.5452,432.1627,0
374.2823,443.9129,0
338.6523,484.4592,0
362.0563,473.1583,0
338.9344,457.4655,0
327.302,492.9731,0
332.6752,447.4537,0
350.2963,515.9496,0
356.7953,471.4335,0
317.087,447.4445,0
363.5586,541.0422,0
346.8127,512.5507,0
353.4598,425.8258,0
388.7201,454.7561,0
345.2255,436.891,0
367.4884,446.9024,0
327.6431,436.644,0
353.9071,498.6801,0
337.3701,512.0615,0
312.3939,404.1102,0
365.9621,491.5415,0
400.7118,474.9665,0
383.5897,465.6007,0
410.9915,424.7936,0
349.9206,456.7707,0
367.4662,425.764,0
352.5437,502.4307,0
355.6786,514.8115,0
378.3648,448.4611,0
327.8528,486.6445,0
385.2359,389.6595,0
358.5616,495.178,0
352.9408,486.8503,0
388.635,461.4762,0
372.5799,421.0009,0
328.2316,529.157,0
340.5886,430.7825,0
399.5677,418.3829,0
336.606,454.9445,0
353.4321,472.0106,0
344.0682,486.4629,0
373.7988,435.1421,0
367.6324,437.3072,0
334.5677,486.5923,0
382.0787,480.4714,0
364.584,457.5996,0
347.2673,431.6003,0
351.2216,484.8057,0
349.0747,479.5286,0
404.6207,412.6909,0
310.9451,484.2515,0
368.5692,502.3238,0
350.0425,540.7882,0
299.2371,407.7219,0
368.7231,414.3093,0
343.3278,402.6765,0
333.4014,473.0105,0
372.5912,481.5575,0
312.1328,405.6155,0
363.6739,437.8912,0
412.6659,526.7454,0
363.6033,561.1217,0
380.246,473.4211,0
354.0187,412.8307,0
348.6154,498.3602,0
336.9965,477.1796,0
352.2692,498.6644,0
404.1221,490.4831,0
292.6661,511.2361,0
315.8541,464.5594,0
364.0772,479.3956,0
380.0331,417.4076,0
330.9107,489.702,0
367.7321,467.3105,0
346.0747,495.9156,0
385.4462,420.5109,0
358.5928,459.7075,0
331.8634,430.0012,0
342.5594,431.7791,0
345.3818,441.2922,0
384.7533,412.0226,0
350.5791,468.9288,0
373.0887,403.2219,0
343.502,464.6487,0
371.2577,430.3035,0
350.0793,515.303,0
352.4046,483.8756,0
371.1974,459.8959,0
356.476,500.1057,0
390.2023,441.3868,0
397.573,398.7039,0
352.2978,469.5808,0
395.2459,418.5119,0
397.0329,429.6338,0
370.2008,531.4886,0
333.7298,469.7557,0
333.3707,508.9515,0
334.5164,449.683,0
370.1218,510.9199,0
378.7101,441.1628,0
351.0889,415.9496,0
337.1932,449.8919,0
372.0858,486.8631,0
354.6561,421.4173,0
376.4656,556.2023,0
340.5988,376.7134,0
318.8887,528.9918,0
309.9453,491.5557,0
350.4727,464.7134,0
353.8862,509.1874,0
361.5982,496.0449,0
316.6674,537.2365,0
377.9116,420.6054,0
345.2529,399.2758,0
353.1266,400.7923,0
350.1852,487.2991,0
371.0219,488.1364,0
334.1738,467.8948,0
316.666,504.7494,0
306.1131,462.9739,0
335.6615,414.407,0
363.6149,457.1235,0
328.294,439.2241,0
315.2986,473.59,0
328.0694,511.577,0
348.485,481.4864,0
382.6107,462.7784,0
382.5319,456.0348,0
369.1723,509.6392,0
369.9733,497.1904,0
382.782,465.826,0
369.6292,435.292,0
339.2122,470.5212,0
344.026,439.1532,0
384.6648,424.0494,0
327.982,446.9058,0
366.9874,395.3044,0
363.6276,509.3503,0
354.4041,439.0146,0
366.2808,429.8122,0
337.9661,494.2794,0
346.1684,491.056,0
320.5813,427.1798,0
353.3115,497.6482,0
373.8109,422.3672,0
310.5002,480.0853,0
390.4318,474.9378,0
389.9895,481.1976,0
392.3069,454.7736,0
379.5418,465.0615,0
368.213,420.4998,0
366.5928,473.8113,0
328.7723,413.1522,0
346.1005,449.2446,0
358.9823,456.7708,0
336.0795,404.609,0
337.8792,500.1212,0
389.5211,438.9958,0
334.8727,475.3085,0
369.9056,467.8188,0
358.4459,438.4411,0
377.3152,482.9963,0
337.2171,510.7379,0
426.5789,437.133,0
323.2434,481.1152,0
334.2797,454.7042,0
377.0468,461.0562,0
401.7188,411.4656,0
318.2829,431.7666,0
353.3439,429.9807,0
418.3448,487.3777,0
348.5802,421.7964,0
314.0145,482.5653,0
335.7998,469.8268,0
371.066,459.6212,0
372.8934,442.2858,0
372.9762,463.0941,0
365.0825,480.1993,0
340.7864,498.4829,0
342.0799,437.5353,0
337.6481,477.2328,0
379.1438,470.4387,0
331.0682,549.5502,0
382.2809,447.5844,0
390.5623,451.4404,0
355.6366,470.7444,0
329.8403,474.8051,0
323.582,519.3771,0
347.6845,497.7015,0
316.9269,503.4284,0
362.8632,438.409,0
363.2651,529.8165,0
375.485,463.1206,0
315.7431,441.2655,0
364.3045,420.4543,0
371.7112,460.8449,0
354.5241,375.6462,0
334.6157,432.5753,0
340.9025,452.1292,0
402.8083,489.891,0
358.2625,403.8588,0
344.8138,522.8522,0
351.8392,452.3719,0
355.3842,521.4282,0
353.4008,463.6577,0
351.2749,533.872,0
357.0572,428.9838,0
311.0038,489.0507,0
331.4883,481.2866,0
356.4996,467.8988,0
378.6707,505.8708,0
357.5154,454.379,0
383.6343,460.7823,0
398.1246,459.9759,0
353.7892,514.9984,0
350.981,432.9206,0
358.3469,465.4018,0
385.1847,451.6001,0
344.8843,479.0413,0
380.3149,461.9922,0
378.9065,399.2664,0
354.238,536.2678,0
313.4766,460.5287,0
385.6499,419.3034,0
341.943,543.3748,0
350.3357,483.4681,0
406.7594,427.6443,0
392.6841,426.8448,0
359.4101,461.3188,0
378.0328,442.6547,0
420.1931,459.1404,0
362.9968,450.0194,0
329.6666,486.9503,0
383.6122,419.2863,0
330.8873,456.1746,0
376.7145,446.872,0
335.8137,443.1007,0
356.7832,435.8454,0
377.6102,469.6762,0
299.2243,465.4037,0
378.4036,468.4993,0
331.3831,506.0748,0
348.0729,448.1661,0
379.0313,451.8126,0
353.1677,430.2181,0
367.5281,515.7434,0
343.4263,424.2104,0
345.6476,479.5884,0
346.1377,529.0565,0
345.8614,429.8024,0
355.7367,488.8634,0
358.4306,455.4689,0
333.1798,413.2885,0
356.0249,385.0976,0
391.6598,425.8553,0
315.3328,456.1511,0
351.2531,485.0473,0
384.2272,482.0431,0
358.4475,406.9996,0
389.1988,400.5546,0
359.1188,441.8252,0
349.8198,496.734,0
406.6011,447.7926,0
341.4816,517.9753,0
383.9482,462.7806,0
373.1416,496.304,0
385.3173,435.7173,0
394.0718,417.1759,0
363.0828,438.9921,0
369.192,422.697,0
351.5337,521.2679,0
314.1677,492.5938,0
335.1426,453.4774,0
350.4331,483.911,0
326.4226,418.0629,0
387.5083,467.3304,0
369.439,439.4548,0
389.3517,432.4248,0
355.7165,435.4419,0
387.0783,397.5743,0
352.121,479.5796,0
353.4319,428.295,0
336.9299,487.1415,0
403.4001,452.9448,0
379.085,426.9952,0
385.4456,430.3372,0
351.0975,459.7439,0
339.4156,451.86,0
363.5865,474.1698,0
351.4899,491.46,0
358.7984,468.6017,0
370.4353,403.3987,0
358.0077,484.0902,0
332.123,469.487,0
405.295,427.8735,0
357.7038,410.8317,0
317.1521,465.7395,0
361.9329,496.4548,0
326.5746,449.3148,0
407.2425,472.3922,0
378.8081,467.7586,0
320.6976,530.5504,0
373.0373,481.7099,0
377.9588,466.8093,0
346.9937,490.6373,0
315.0389,447.4114,0
335.4343,456.6511,0
315.6409,451.1484,0
327.9891,459.014,0
338.2147,448.2965,0
368.276,469.6144,0
380.0274,482.8645,0
348.8309,403.7106,0
342.3212,510.6313,0
356.9101,493.346,0
332.6711,468.5353,0
352.9642,570.7686,0
365.195,438.7353,0
341.4689,496.7839,0
316.5474,463.647,0
381.1845,404.6608,0
341.8452,462.0161,0
366.0138,508.9238,0
344.544,474.0962,0
402.0491,492.225,0
343.2179,442.6573,0
343.2231,525.0925,0
377.6184,470.4995,0
382.5294,493.8062,0
313.6401,503.5872,0
334.3849,467.3195,0
377.3398,430.5936,0
330.8597,395.0206,0
353.0226,471.1946,0
403.3441,450.9522,0
396.6827,465.51,0
364.5152,474.905,0
333.3539,439.214,0
370.5076,470.5239,0
414.2625,546.6666,0
352.1317,498.0364,0
367.7657,434.2446,0
379.7895,443.7131,0
393.1966,491.6508,0
369.8467,419.1249,0
344.4868,445.178,0
353.629,458.2753,0
309.3121,494.8446,0
358.9476,432.7742,0
344.5071,486.8535,0
384.0269,527.165,0
360.989,471.6283,0
365.7531,460.4507,0
376.9168,460.1304,0
331.7988,488.0417,0
364.9551,561.7759,0
376.3744,407.3734,0
386.4298,452.0962,0
363.0526,524.4202,0
332.5429,418.2674,0
329.6136,465.8214,0
373.9071,470.0351,0
402.5772,439.2747,0
405.2701,489.2604,0
344.6341,429.7748,0
377.8096,456.8109,0
319.379,464.2191,0
342.6591,460.7494,0
368.7861,478.9195,0
329.6887,430.8265,0
376.7409,498.1173,0
340.3134,477.9594,0
323.5737,475.053,0
365.1848,494.2612,0
312.0059,509.3813,0
307.2029,481.0016,0
388.1531,456.6002,0
344.2442,507.2264,0
354.7248,454.1554,0
320.3198,475.8485,0
341.3529,543.5684,0
382.6992,455.9196,0
323.6382,444.5751,0
371.3135,468.5628,0
341.4457,471.087,0
400.0264,455.8777,0
337.6811,539.5342,0
330.9172,474.7413,0
336.5648,451.4414,0
377.6508,508.029,0
367.1194,455.2757,0
372.2778,479.6886,0
358.8206,464.7963,0
355.0551,436.4905,0
350.6111,437.3503,0
344.522,426.4456,0
386.3062,462.5561,0
351.5277,466.0975,0
321.6375,509.0721,0
330.0645,457.8133,0
372.3454,567.0927,0
371.4229,460.4645,0
323.4883,462.4282,0
321.3607,509.8471,0
331.3974,441.1441,0
376.2512,461.2798,0
373.0427,466.178,0
319.0442,462.952,0
339.2183,455.7369,0
349.226,482.6825,0
311.7203,507.8083,0
327.4628,507.3008,0
401.6776,448.2031,0
349.9206,455.4536,0
361.5453,480.9939,0
337.0317,455.7365,0
344.0845,433.781,0
334.7569,411.3343,0
339.6936,460.4008,0
341.718,374.07,0
358.4887,468.6911,0
360.8232,461.5704,0
383.2365,463.8394,0
348.3515,464.6658,0
355.0829,435.6871,0
343.0055,459.1113,0
424.9873,449.9949,0
376.2228,453.9293,0
329.5954,463.4072,0
334.0506,440.6969,0
396.4361,425.7015,0
311.523,526.97,0
356.7397,443.6619,0
332.0619,447.1375,0
345.3474,462.1241,0
376.5318,424.7346,0
396.59,460.2389,0
346.227,436.1777,0
330.5527,444.6217,0
365.3923,491.4242,0
337.5656,506.1213,0
351.2483,387.0999,0
352.0748,449.2772,0
337.2759,448.0936,0
355.723,566.104,0
328.3776,469.8447,0
360.5403,513.2043,0
367.7141,477.6222,0
325.2703,523.3309,0
369.8059,427.2303,0
288.6997,509.709,0
372.4969,495.2911,0
362.2731,387.8306,0
358.7852,474.415,0
369.9167,487.7724,0
344.0371,459.4348,0
380.7132,509.938,0
267.4453,473.3211,0
315.1127,473.0182,0
387.2651,442.8698,0
366.3639,437.1091,0
383.8372,457.7561,0
338.1742,482.9139,0
358.5491,461.7032,0
331.8151,506.2871,0
361.8833,403.5029,0
361.3273,508.9102,0
359.6306,399.2785,0
366.4206,458.8538,0
335.0271,474.2097,0
377.264,451.6232,0
340.0391,492.4586,0
379.2884,472.0667,0
302.5287,457.5951,0
426.7017,429.275,0
343.0864,478.7032,0
371.076,401.9838,0
322.588,524.1207,0
357.5144,468.1352,0
387.4412,468.5336,0
349.4826,441.7357,0
321.3564,489.444,0
399.8911,439.2174,0
379.6312,436.5706,0
356.5611,447.9499,0
330.7081,452.6974,0
350.0935,440.613,0
389.754,481.1689,0
353.3701,454.8826,0
394.013,450.0637,0
327.6196,455.8477,0
406.1444,440.2172,0
365.3329,474.0373,0
331.5062,465.1151,0
372.4052,482.7129,0
372.1163,492.9279,0
386.7594,440.9024,0
390.6712,452.6017,0
362.931,409.5667,0
324.8192,449.639,0
348.7696,539.1172,0
337.7181,493.9885,0
359.7539,501.089,0
362.5955,463.6087,0
350.2071,452.306,0
319.4922,457.1999,0
398.6136,521.0752,0
323.7563,441.7909,0
306.3248,464.7341,0
354.0842,421.4604,0
350.2397,471.4301,0
343.7939,438.4844,0
367.78,406.0197,0
366.8836,511.9592,0
375.1208,413.6884,0
342.7278,509.218,0
366.683,504.7213,0
312.7076,485.0408,0
373.437,465.6309,0
368.4433,487.7642,0
323.2466,486.6613,0
364.9245,486.8974,0
397.3672,451.636,0
333.9739,469.9041,0
329.5991,457.1729,0
347.0996,440.7744,0
367.9446,503.1574,0
354.264,435.1342,0
376.7335,471.5804,0
380.6227,412.9376,0
330.159,428.4326,0
336.3414,448.5881,0
385.228,441.7086,0
326.8049,448.8104,0
359.6685,421.7406,0
315.1823,495.0225,0
367.755,533.4791,0
338.7324,490.6745,0
344.6143,516.0894,0
383.4755,465.9594,0
372.6089,486.2951,0
369.8779,484.1166,0
317.8979,459.5061,0
376.7565,464.7543,0
379.8049,444.2998,0
343.3156,370.2578,0
341.1111,438.2197,0
338.2793,420.08,0
346.6411,507.8981,0
342.2326,430.346,0
305.2896,494.8239,0
340.4593,444.4888,0
339.7477,463.0984,0
338.8143,463.5485,0
334.4743,454.6815,0
342.4029,468.8712,0
313.397,473.8659,0
322.8528,513.4272,0
349.8842,414.2307,0
368.0085,429.7266,0
358.5889,486.5043,0
353.6289,466.9365,0
333.0656,448.7759,0
374.4089,506.7829,0
412.5997,436.9847,0
322.1777,427.3842,0
358.613,433.5963,0
367.621,472.6097,0
314.4557,465.8775,0
356.7212,415.6262,0
374.3589,427.9348,0
353.983,447.3008,0
337.3022,438.2555,0
362.2308,469.2183,0
335.4999,502.7047,0
395.9457,478.139,0
402.7473,415.9935,0
324.0964,486.1517,0
347.3073,427.7308,0
331.2021,439.9317,0
362.4809,409.7746,0
334.8867,456.7386,0
337.3927,488.2252,0
292.2639,460.9229,0
323.6937,461.259,0
334.5981,415.1211,0
368.0912,420.2171,0
340.8831,474.6677,0
376.9725,478.3439,0
343.9999,524.4976,0
382.3578,512.119,0
381.7827,403.7236,0
333.9738,450.2634,0
339.1399,465.5261,0
328.9959,448.2982,0
352.1684,447.2567,0
350.8782,477.268,0
333.0415,450.3718,0
382.4346,432.814,0
367.1393,510.6478,0
387.989,448.6861,0
346.2695,485.3184,0
332.278,429.589,0
367.3963,439.2275,0
347.2425,485.0613,0
304.8059,475.9737,0
321.4819,435.6081,0
343.5593,504.5051,0
333.2336,480.3218,0
359.562,499.5743,0
357.3136,503.8592,0
361.5875,468.3457,0
357.5286,494.7458,0
359.2949,438.2493,0
334.9072,450.4561,0
326.1396,424.8245,0
394.0914,447.2525,0
369.4062,476.6631,0
363.0266,459.2168,0
368.2416,458.5401,0
260.2068,456.7385,0
402.2599,445.6593,0
366.8913,481.4322,0
348.6676,409.6948,0
402.1538,412.2267,0
379.342,495.1205,0
363.1309,494.5344,0
353.0307,465.4661,0
340.3401,498.9774,0
344.3884,478.6508,0
360.5179,481.6368,0
367.665,554.942,0
378.4659,512.5095,0
345.0999,380.6556,0
406.1783,496.9681,0
349.6553,545.6054,0
349.5736,494.0204,0
384.514,473.0347,0
353.5402,424.1045,0
348.7365,421.5603,0
375.2662,477.8949,0
362.0942,447.0567,0
327.2244,502.8857,0
363.946,480.2296,0
340.7432,482.7904,0
331.7897,424.179,0
357.1774,467.9174,0
339.3619,435.8218,0
330.4032,509.0702,0
369.4453,550.7274,0
334.9323,509.0538,0
307.0183,516.0076,0
374.0667,514.533,0
378.0332,452.6932,0
368.4693,500.8289,0
348.6177,483.0222,0
341.1536,462.4963,0
375.4098,448.6017,0
335.6403,422.4175,0
373.2928,466.5903,0
353.5011,445.5101,0
330.2779,453.7833,0
394.222,428.8426,0
347.7876,471.9432,0
352.144,476.3119,0
343.8586,445.8777,0
367.8571,427.6663,0
364.2671,487.2416,0
362.1118,480.8419,0
369.9995,460.0651,0
372.6789,459.1004,0
339.7762,524.5325,0
344.0793,509.2381,0
338.2628,457.5738,0
326.6237,433.6079,0
354.6963,448.1489,0
358.5747,474.8289,0
336.9986,475.0924,0
376.3691,462.8315,0
377.3531,417.0873,0
301.7025,464.7928,0
324.5813,543.0916,0
336.7188,431.9847,0
339.8444,502.2041,0
428.7745,484.7154,0
366.4731,442.4092,0
371.9315,519.5637,0
335.5143,461.6245,0
347.3622,425.9145,0
342.1971,481.65,0
357.92,451.8972,0
368.1911,480.4823,0
376.0018,514.0671,0
310.7679,417.4866,0
331.1899,503.1763,0
356.9783,468.8384,0
317.041,455.1852,0
347.8525,477.1537,0
373.4015,496.1141,0
306.4414,466.0161,0
330.5657,476.3012,0
351.1702,436.2097,0
385.3736,477.1677,0
386.1719,380.9106,0
363.4985,478.3218,0
343.9956,420.3792,0
370.2978,404.5065,0
402.3073,503.7534,0
350.7883,500.6108,0
335.6046,455.1921,0
372.2229,477.4449,0
351.9084,482.5703,0
439.8686,410.9327,0
340.7556,434.4908,0
344.8044,492.9503,0
375.8231,449.418,0
370.2819,432.86,0
338.565,497.2382,0
346.5432,443.2982,0
328.4897,402.7181,0
372.9679,423.2673,0
331.8965,477.0228,0
356.9421,551.8748,0
367.5104,483.4521,0
352.8878,497.4644,0
333.6619,485.2952,0
435.2243,421.8207,0
355.9417,508.2599,0
372.9042,526.5943,0
336.4183,435.1579,0
322.6578,508.5984,0
348.7053,420.3152,0
335.5091,497.1216,0
356.7953,498.6173,0
335.0742,438.7556,0
335.4958,395.2354,0
309.284,491.0571,0
409.2455,439.4859,0
365.196,450.979,0
354.0383,518.7278,0
386.1127,439.3781,0
308.1107,503.024,0
333.1299,474.2912,0
343.6776,498.0959,0
373.5583,476.639,0
335.0229,472.0579,0
319.9475,477.5089,0
367.1658,429.4358,0
308.8456,499.1639,0
384.5411,471.0921,0
356.0349,444.1765,0
367.3403,456.032,0
407.0992,463.6538,0
360.8669,466.5508,0
381.8195,431.7627,0
384.5545,492.9734,0
320.2446,531.0701,0
321.1559,501.7433,0
345.0496,438.0192,0
343.9791,511.2279,0
332.5362,495.074,0
291.556,521.9513,0
339.6118,485.7879,0
373.9984,493.8904,0
352.7471,440.9862,0
356.7988,458.5322,0
319.9708,468.953,0
354.6387,434.2743,0
325.6843,431.5692,0
339.9916,415.6274,0
364.1381,492.4311,0
320.3463,412.2874,0
382.2865,489.9775,0
298.213,421.071,0
394.1821,401.7074,0
333.0084,450.6932,0
381.42,503.0241,0
384.8677,465.7757,0
407.1001,478.3995,0
334.9485,468.2532,0
350.0403,475.1925,0
335.2486,469.0811,0
358.6108,492.7728,0
382.38,481.3835,0
329.3717,487.0371,0
380.0675,464.6729,0
377.5996,490.944,0
352.8011,483.0861,0
296.8267,467.6331,0
304.5871,555.607,0
355.3348,442.3948,0
391.6925,495.3733,0
328.9878,478.7439,0
352.6326,489.8342,0
390.2897,483.2698,0
336.1973,494.0758,0
294.4381,461.5345,0
363.2632,472.3287,0
350.0904,486.4538,0
377.9044,430.9838,0
377.123,528.5355,0
352.3083,454.0026,0
355.9722,448.2831,0
363.2828,444.4366,0
335.5643,527.3375,0
372.2404,495.8905,0
386.6611,463.2104,0
347.1234,504.9025,0
360.3795,437.7328,0
383.1203,428.0313,0
329.2452,448.938,0
342.6579,471.402,0
324.7311,458.1993,0
339.1287,448.3692,0
340.3372,493.0746,0
354.4814,464.8416,0
315.7495,455.0773,0
353.8745,441.5042,0
378.9998,441.6317,0
341.8149,500.148,0
328.9694,509.2538,0
368.0007,426.0613,0
322.3013,459.8603,0
358.6888,485.5983,0
384.7141,423.9994,0
342.4978,482.6038,0
351.2667,482.399,0
370.3215,483.4238,0
284.5448,558.2715,0
320.9666,410.7356,0
372.9933,470.1548,0
335.8723,489.6794,0
355.073,434.5315,0
381.2565,462.9471,0
366.3097,487.8586,0
345.3293,475.6944,0
347.9575,501.0565,0
328.5488,520.5001,0
357.7537,483.0192,0
349.1461,500.3991,0
361.3695,401.4317,0
389.397,420.7614,0
388.6979,478.9852,0
356.498,509.4597,0
345.9031,440.2897,0
370.3129,411.4689,0
363.6458,456.2463,0
337.8843,430.937,0
326.2283,477.1278,0
363.1628,367.6321,0
381.5508,481.1542,0
337.951,447.6094,0
369.6844,413.1154,0
385.2933,512.5917,0
377.9138,430.456,0
358.2126,550.0047,0
372.1818,429.4193,0
339.5564,457.1628,0
369.2599,470.8759,0
342.5347,479.2953,0
429.8846,452.0268,0
300.1693,447.6601,0
361.9227,500.4799,0
370.5079,478.4494,0
364.5257,465.2169,0
373.3488,452.6095,0
323.992,460.026,0
364.818,433.8565,0
331.4432,414.2141,0
355.6427,427.85,0
384.2456,375.4052,0
377.2922,501.9264,0
368.2164,434.079,0
385.862,440.3334,0
347.2232,479.0804,0
340.3923,482.9751,0
353.3772,441.9249,0
326.0156,455.8725,0
356.5414,447.5789,0
304.2021,460.4463,0
346.2881,462.5197,0
372.324,484.4672,0
364.9182,461.5317,0
345.1124,444.0689,0
349.7476,520.5703,0
388.7223,433.5271,0
331.717,457.9655,0
350.4753,451.2966,0
373.7012,464.1154,0
398.9677,487.9724,0
366.7016,475.2233,0
351.455,448.4698,0
374.4698,451.3769,0
330.1384,550.7589,0
348.5082,468.7564,0
377.7936,485.9497,0
374.9916,422.1057,0
339.5594,509.886,0
373.6989,462.4055,0
330.3307,463.205,0
359.7047,444.9352,0
353.7611,424.7697,0
374.8429,443.8512,0
337.4952,441.2443,0
309.3658,493.9317,0
363.5858,458.3519,0
353.3092,456.0177,0
362.7078,407.7141,0
392.9588,428.9262,0
396.6129,463.0014,0
306.9181,433.9549,0
382.9536,437.0336,0
330.8353,449.7027,0
387.8812,486.1018,0
362.4373,463.8279,0
430.2608,454.1533,0
350.5982,429.5515,0
338.0684,465.0426,0
362.3946,455.2865,0
404.1584,448.9461,0
374.2511,476.6371,0
364.5627,382.1801,0
338.4306,446.4396,0
357.5267,464.7766,0
375.3288,391.188,0
343.4259,394.7547,0
380.76,453.337,0
326.9591,546.428,0
362.66,457.5143,0
348.7474,516.1013,0
376.4594,435.4251,0
357.1643,531.1305,0
334.6357,422.9561,0
366.2545,432.684,0
329.3018,436.816,0
307.6052,511.6275,0
323.0913,457.1974,0
343.3007,428.3022,0
349.1981,481.7662,0
326.2382,495.5743,0
352.7674,460.6003,0
346.2738,450.4514,0
319.9719,427.6452,0
319.3051,483.6041,0
356.3945,486.531,0
315.5752,457.293,0
370.6981,395.4612,0
394.765,437.9758,0
362.2378,468.2416,0
322.8039,441.0983,0
351.9681,536.9787,0
332.3478,505.4437,0
349.7432,516.8763,0
372.1002,459.0347,0
350.6514,436.8568,0
348.2375,502.6823,0
398.4514,474.5482,0
414.9588,392.7486,0
337.1786,485.5975,0
330.6403,512.7943,0
366.5436,408.8434,0
316.7991,524.9215,0
374.1859,443.7678,0
382.5264,493.2234,0
364.4276,427.6451,0
345.1378,436.9437,0
328.5398,480.0262,0
434.9477,511.2901,0
320.1385,486.7727,0
387.2783,478.3917,0
364.3026,436.6,0
303.8979,474.2503,0
347.3289,478.6604,0
355.2057,477.1786,0
342.4066,508.0997,0
372.5347,479.6855,0
317.5898,468.859,0
363.0546,427.7951,0
370.8867,422.2243,0
314.9883,425.743,0
358.1957,513.6016,0
349.503,476.7327,0
365.5121,523.2845,0
363.946,537.6218,0
375.2814,477.5666,0
369.1291,537.5848,0
344.1663,486.9781,0
343.7684,449.1635,0
361.074,468.9225,0
367.3754,482.7283,0
372.8978,447.0235,0
318.3052,398.591,0
390.6882,429.8763,0
340.6813,423.595,0
375.5906,411.3917,0
379.3213,534.0692,0
321.5135,438.925,0
346.95,484.5474,0
360.0513,468.2755,0
356.9208,522.3181,0
373.6707,487.0671,0
345.1843,437.0048,0
355.7874,498.4964,0
374.6654,415.6321,0
326.9778,465.6605,0
402.8754,485.0542,0
371.3904,529.4709,0
357.7166,450.9781,0
328.7137,452.9356,0
338.811,453.5079,0
376.9825,481.2721,0
348.0038,486.9857,0
394.5818,504.2184,0
348.9382,439.8176,0
378.7654,466.8525,0
355.9637,440.042,0
380.8501,465.4714,0
346.2229,532.0083,0
331.3124,481.2019,0
343.6752,428.7071,0
349.3681,472.4853,0
409.1691,428.8191,0
331.2328,460.7556,0
372.2153,452.2567,0
316.0413,433.2869,0
374.0204,447.6706,0
376.9654,446.6249,0
324.6203,504.3213,0
348.696,470.6021,0
410.1307,438.8123,0
307.2845,457.6851,0
368.8328,456.2381,0
371.9208,462.9601,0
355.6623,521.3152,0
321.7719,490.9795,0
343.8219,515.2326,0
390.584,437.6167,0
346.5366,554.993,0
334.2762,455.6488,0
382.7814,460.5236,0
366.0833,504.8944,0
384.2931,478.5978,0
342.1914,438.6107,0
426.9066,426.1389,0
332.3306,504.5545,0
350.5017,445.3107,0
341.4556,446.739,0
380.7057,462.1146,0
333.0833,462.4853,0
389.7922,446.1383,0
346.8179,419.1017,0
390.7404,422.424,0
363.0786,415.5085,0
326.1302,481.9907,0
345.7357,476.2891,0
337.7355,454.9261,0
379.2742,469.5023,0
385.1797,394.0216,0
298.3986,457.6558,0
336.5375,484.6006,0
361.1269,432.7408,0
395.5126,424.4492,0
347.6708,471.1318,0
367.8256,467.959,0
346.4956,407.2615,0
379.3311,425.7369,0
353.8224,401.9905,0
367.5287,390.7955,0
337.1893,522.8122,0
343.9588,485.3163,0
372.4652,424.9201,0
385.7596,523.8325,0
376.9359,509.1275,0
345.7636,507.8372,0
328.6541,461.2787,0
329.2974,465.1767,0
328.8619,465.6052,0
380.5087,436.4929,0
389.5151,476.9733,0
358.2155,494.2649,0
341.8041,466.1951,0
373.2355,459.9009,0
369.1621,377.4732,0
371.6293,480.5587,0
347.5491,440.9855,0
351.7083,508.5139,0
361.3817,454.6433,0
307.5477,459.6151,0
335.5408,439.6675,0
407.026,441.7351,0
365.1293,437.9185,0
362.3257,445.1434,0
359.9496,524.6266,0
354.6902,464.8912,0
373.2527,437.2438,0
398.0953,466.1896,0
343.2457,544.509,0
390.1612,459.4697,0
388.332,531.2374,0
343.9119,511.8262,0
369.7519,407.0812,0
379.212,522.7652,0
355.2626,459.2382,0
323.1409,495.3793,0
390.5868,496.6166,0
348.2191,455.1722,0
333.5195,486.1849,0
336.6694,457.6928,0
331.8558,456.0563,0
297.4681,446.6673,0
311.464,495.0344,0
308.5718,376.4188,0
374.6804,445.0449,0
371.8656,455.4688,0
312.4517,435.3124,0
329.6655,450.9407,0
322.6936,463.8366,0
326.8711,467.8663,0
388.6674,453.7039,0
345.9701,460.7112,0
327.5389,451.8577,0
379.7658,414.5206,0
352.1981,398.3794,0
352.4945,476.288,0
316.5868,529.9319,0
339.3888,439.8706,0
371.0894,448.5047,0
363.9505,484.9992,0
379.5391,475.3946,0
387.6623,499.003,0
331.2823,513.1182,0
391.4578,450.0856,0
345.7779,487.9307,0
341.4788,459.7255,0
336.3346,493.933,0
325.7148,530.2068,0
356.501,417.6309,0
349.7549,453.8399,0
339.3241,498.2364,0
299.825,518.16,0
360.6661,472.2473,0
361.2795,471.7835,0
363.8767,398.0439,0
365.6159,466.9982,0
318.9811,489.0239,0
352.6364,455.9431,0
348.0419,446.1459,0
340.923,451.0154,0
324.208,462.7956,0
384.4961,579.9439,0
346.3803,441.2104,0
334.9574,465.9224,0
371.901,451.1575,0
337.0359,448.4452,0
345.9521,431.2665,0
319.0669,471.2579,0
373.2033,425.379,0
363.6865,416.6934,0
357.2551,529.5945,0
323.598,423.7808,0
323.5325,450.1798,0
361.4756,446.4561,0
378.3616,409.1856,0
360.4716,484.5357,0
353.324,500.4338,0
346.5825,467.5411,0
391.5506,431.0342,0
352.9824,426.8935,0
372.7106,425.9455,0
393.0398,458.0852,0
378.3527,383.3366,0
418.8972,471.0578,0
316.6429,487.7461,0
315.8056,471.306,0
366.9224,421.8483,0
350.8609,451.9094,0
357.7654,445.831,0
375.5933,446.793,0
355.1225,474.4093,0
357.4508,466.5704,0
401.0579,465.7236,0
387.6898,446.6014,0
318.3184,513.4838,0
392.3635,429.8979,0
357.537,436.1835,0
338.666,473.5477,0
351.3251,438.818,0
338.7565,464.0667,0
384.5638,462.7336,0
366.088,521.2277,0
325.2291,427.0965,0
361.0816,471.8857,0
375.4735,453.0385,0
373.7065,488.5744,0
358.3414,449.1735,0
399.4573,425.7776,0
359.2176,427.561,0
355.7382,429.8938,0
337.6126,485.6559,0
374.715,441.9273,0
368.8527,452.9299,0
369.164,428.7472,0
372.4255,406.021,0
354.6525,466.7541,0
377.5164,450.6941,0
365.3552,432.4093,0
361.0259,461.3175,0
327.7922,427.7743,0
380.2737,433.6714,0
380.0262,478.2363,0
369.7862,414.4068,0
385.4933,456.8002,0
338.4205,461.9545,0
380.8213,433.4913,0
363.1211,450.3301,0
332.9148,515.4366,0
339.0207,503.1157,0
383.9236,443.8652,0
322.9463,428.0825,0
374.5317,459.6519,0
325.8857,478.1579,0
363.4,459.2065,0
382.2822,402.6159,0
372.2058,444.0942,0
337.1746,450.1527,0
345.2189,478.7327,0
332.6739,417.9089,0
340.0256,476.6827,0
377.248,438.4717,0
345.7435,546.6593,0
389.6013,492.8773,0
328.4183,402.1943,0
348.3338,468.881,0
342.6307,421.7195,0
325.2258,436.4116,0
343.2889,473.3077,0
363.548,549.2238,0
311.949,449.6736,0
382.0945,475.6423,0
353.9953,464.338,0
393.1979,500.0974,0
348.6885,405.0998,0
343.1966,512.9031,0
344.198,514.9119,0
304.3537,515.4674,0
359.2418,463.5054,0
357.3929,530.2595,0
370.2383,487.2388,0
341.8646,451.1747,0
367.1471,479.1622,0
321.5907,540.6588,0
342.7277,447.3322,0
350.4369,523.3855,0
366.7193,495.6763,0
358.201,437.6987,0
378.3584,442.8645,0
345.6311,462.5007,0
348.3762,475.0627,0
354.0243,516.5571,0
354.7948,503.9016,0
320.2916,465.7209,0
333.124,446.2761,0
304.2693,511.0708,0
352.9637,461.367,0
378.2889,505.0161,0
354.2049,472.22,0
379.09,475.4191,0
357.1699,470.7987,0
381.6493,470.8843,0
398.6876,446.7078,0
341.8489,417.0452,0
385.6516,427.6663,0
366.426,436.2305,0
375.6863,487.7849,0
370.9016,489.6258,0
369.6097,444.0288,0
359.9344,418.4807,0
326.6455,456.1111,0
363.7912,474.5602,0
364.9187,470.4386,0
338.554,494.4567,0
359.0645,439.2662,0
400.1225,394.8491,0
324.4927,415.6379,0
347.1408,425.2208,0
344.9057,483.0245,0
336.1558,506.0793,0
361.9276,439.9219,0
353.7954,500.8693,0
342.6739,423.7275,0
360.8279,491.4237,0
338.5009,492.3922,0
361.9749,484.5235,0
341.195,506.447,0
359.8685,411.438,0
358.8193,445.2839,0
362.2899,458.754,0
338.8928,499.3669,0
369.4155,473.3479,0
335.0559,423.2781,0
340.4635,556.8511,0
370.2127,465.2111,0
338.4004,430.5991,0
361.5211,473.7461,0
352.4091,424.1362,0
339.4956,477.8849,0
330.1367,490.948,0
366.5758,430.8694,0
335.2308,473.4588,0
372.6171,486.6499,0
351.3123,399.1187,0
378.4348,423.3024,0
323.3081,489.3434,0
313.4656,416.2504,0
325.9877,457.9857,0
377.0806,471.8987,0
367.3923,483.0363,0
356.8011,482.5106,0
375.2461,436.2433,0
425.0768,452.9029,0
338.2696,488.4219,0
381.4304,456.2125,0
358.0968,491.5255,0
397.2053,506.6204,0
346.9353,491.3893,0
363.7928,468.3363,0
414.483,482.2935,0
331.0721,498.8081,0
363.9187,457.1316,0
319.8763,485.1696,0
361.2969,460.6754,0
364.7482,486.1691,0
348.2605,425.1128,0
386.6605,440.2791,0
373.2064,448.8513,0
367.1147,477.3973,0
345.5653,457.2422,0
325.6409,471.831,0
370.9943,455.837,0
315.5211,491.1346,0
373.389,428.1212,0
399.6042,415.1266,0
357.6063,465.9081,0
392.4414,466.2867,0
364.8151,490.1934,0
370.7179,482.2617,0
376.2936,501.4212,0
397.7894,413.8785,0
395.9069,454.9485,0
350.1227,435.2211,0
374.3121,488.1205,0
343.8203,462.6459,0
336.3346,449.4597,0
337.8418,539.2168,0
357.9386,482.212,0
346.7097,429.3975,0
349.9963,602.2705,0
349.1582,461.2635,0
318.9958,472.642,0
317.6831,564.1308,0
350.6008,423.6694,0
351.1676,486.6273,0
345.8463,497.9637,0
360.1255,474.3788,0
352.0781,425.0526,0
323.701,491.3229,0
348.9873,466.1171,0
357.9329,462.8271,0
341.0353,406.8199,0
353.8427,479.7188,0
359.3989,493.6457,0
337.6603,465.6343,0
342.0526,462.5673,0
361.5945,494.5168,0
347.7086,483.3049,0
408.2104,410.2807,0
334.24,501.934,0
343.251,493.6073,0
327.7285,485.6246,0
375.7631,459.3491,0
353.165,457.277,0
350.6328,483.0219,0
400.0048,443.9034,0
362.8109,513.4297,0
361.0568,502.0863,0
366.3353,443.0387,0
329.9102,490.0916,0
375.8783,449.4302,0
339.4238,482.7588,0
337.7267,517.276,0
320.7034,473.5001,0
346.8598,514.6216,0
379.1594,434.7428,0
322.4719,481.8472,0
328.8278,479.3313,0
335.4819,512.5961,0
367.4288,466.7873,0
375.1637,431.1157,0
354.5816,412.918,0
376.4038,414.2229,0
336.1233,453.3258,0
369.7078,443.4274,0
306.7863,547.193,0
385.3541,448.176,0
324.7532,505.0376,0
339.2964,418.019,0
350.2452,447.5844,0
367.5099,414.5075,0
401.6658,398.4979,0
385.6125,482.1689,0
357.0907,466.5951,0
340.9077,493.038,0
383.2007,466.7442,0
332.218,457.1057,0
330.94,451.7891,0
380.2195,509.996,0
371.3873,500.5508,0
373.3133,436.7653,0
333.9517,533.628,0
346.9272,470.5796,0
330.701,492.2397,0
325.6028,487.7642,0
356.7326,465.5334,0
323.0552,443.1916,0
356.8741,459.5834,0
321.8047,426.8565,0
371.4827,466.4379,0
362.1624,416.9479,0
354.3193,472.9602,0
367.3814,463.735,0
429.9702,514.7553,0
324.4587,478.1873,0
383.0317,442.1919,0
410.396,466.7953,0
289.8534,424.2169,0
351.79,488.4176,0
367.1729,443.4569,0
356.0404,504.2068,0
375.5582,404.8064,0
376.0368,476.8225,0
365.7328,457.7726,0
342.9493,455.7906,0
334.1246,447.1363,0
352.3231,467.0901,0
303.5677,549.9573,0
349.141,498.5053,0
340.2041,485.2288,0
351.6858,520.2692,0
352.1871,505.3161,0
333.2264,480.7175,0
319.7089,496.5705,0
404.3096,410.0452,0
360.2462,413.596,0
326.6591,458.2073,0
330.4398,448.3843,0
331.5251,432.8177,0
340.4667,472.426,0
346.4576,530.0654,0
397.4764,440.9886,0
330.3758,415.6552,0
322.584,495.212,0
418.4916,495.8366,0
349.1405,395.5878,0
337.5126,451.7967,0
319.9171,429.4878,0
348.2856,415.8894,0
330.1116,539.6287,0
309.9624,455.1846,0
364.3818,461.485,0
311.3042,476.7823,0
354.9305,432.9802,0
345.2469,476.569,0
336.887,451.6915,0
338.7739,462.7611,0
361.3504,442.0184,0
346.079,485.5295,0
330.3332,432.8856,0
369.8664,505.4365,0
337.0584,546.9139,0
332.0154,508.5872,0
324.0492,506.0867,0
378.4538,445.3582,0
345.1205,458.7471,0
348.5684,426.6268,0
365.5298,516.6215,0
367.9964,415.7278,0
326.0959,470.9226,0
320.1208,516.452,0
365.3078,488.665,0
376.7809,487.7656,0
349.9302,456.7002,0
362.914,401.7769,0
333.1226,467.3738,0
342.2073,484.9574,0
337.6536,421.0953,0
349.0674,423.7715,0
350.8489,546.8638,0
329.6601,460.9378,0
338.3099,467.746,0
391.9153,482.883,0
317.5995,441.179,0
380.2679,425.3025,0
361.474,443.7873,0
330.7061,532.9404,0
342.738,476.5845,0
324.929,478.8505,0
421.0626,383.6073,0
339.1268,525.9427,0
310.7919,482.677,0
313.1941,479.331,0
315.5012,476.2519,0
395.4878,419.951,0
335.7928,461.6727,0
350.3818,473.8602,0
352.1306,421.7468,0
354.697,467.4379,0
414.5857,471.1954,0
360.9448,458.7275,0
352.1709,448.7709,0
356.0281,432.4941,0
363.7029,464.9655,0
415.9012,348.3217,0
376.7018,454.0992,0
360.8943,458.8298,0
359.9676,470.5704,0
377.0566,474.0189,0
343.5396,507.3755,0
360.5915,430.2594,0
382.2988,488.2657,0
372.7493,458.1246,0
354.9566,444.9906,0
361.5237,431.8308,0
366.5048,502.1842,0
425.2054,430.9614,0
310.0781,469.4451,0
380.4539,440.3696,0
338.3177,462.5351,0
370.3911,515.7767,0
347.2998,480.458,0
331.3095,433.4256,0
359.4672,504.5226,0
319.5302,445.7142,0
321.0931,501.4389,0
333.4846,494.8573,0
339.6374,420.5457,0
298.6542,437.5924,0
400.1816,410.7434,0
355.7138,400.7209,0
312.973,508.4251,0
377.3047,442.6195,0
348.0621,429.9607,0
324.9319,472.8542,0
378.848,503.7833,0
340.6873,469.9713,0
322.9286,423.0369,0
344.0104,452.8811,0
349.8723,570.7921,0
336.091,531.663,0
392.896,452.5083,0
372.6765,426.1228,0
353.1608,490.957,0
372.6333,456.1672,0
380.6382,415.9837,0
360.8845,438.9009,0
368.8259,431.9668,0
332.9335,475.5152,0
322.3465,438.5572,0
328.9822,422.2288,0
316.9992,507.2561,0
372.7022,463.6992,0
378.3539,497.5463,0
350.1046,451.5408,0
312.5974,523.2407,0
359.1183,524.962,0
359.5187,447.1831,0
362.0718,465.7622,0
372.6259,498.7786,0
380.4593,491.0736,0
335.9064,479.7348,0
356.8168,389.0437,0
342.7472,454.0525,0
424.8839,398.9417,0
333.4845,493.3563,0
351.5159,412.5518,0
351.1222,431.5115,0
306.4287,480.9944,0
332.9345,475.4684,0
329.2621,502.6882,0
383.1328,433.51,0
369.8394,474.0682,0
402.1646,443.9352,0
340.4266,565.9927,0
394.7047,472.7117,0
344.3333,459.7428,0
332.5127,498.5749,0
352.4036,443.0886,0
347.0723,479.6188,0
335.9116,486.1462,0
346.8808,446.7222,0
306.9918,494.5909,0
337.5494,487.1454,0
370.6728,451.2065,0
370.3229,522.4099,0
351.0342,541.9677,0
348.5731,419.5566,0
327.5085,504.5594,0
328.0298,482.2148,0
323.6173,430.6662,0
372.0897,495.3746,0
369.6541,471.1796,0
370.8693,450.8358,0
359.6781,474.4829,0
342.2247,442.6314,0
425.3357,493.0274,0
367.3228,479.6655,0
373.9217,451.0662,0
332.8294,438.343,0
326.51,440.6967,0
361.0134,460.3943,0
363.0164,487.493,0
327.1232,483.5922,0
377.1306,419.4916,0
343.5979,423.621,0
323.1435,474.8255,0
371.48,490.0695,0
367.7502,442.5009,0
331.062,448.547,0
326.0272,440.598,0
340.4974,421.7265,0
377.8665,465.0851,0
335.5115,426.861,0
350.8712,462.0385,0
335.1127,407.3344,0
351.6696,455.473,0
397.2352,440.2708,0
338.1164,396.6908,0
309.938,524.8594,0
350.9989,411.0105,0
330.3038,507.1753,0
358.5115,433.309,0
328.1054,456.9572,0
362.8801,470.9777,0
330.9342,476.4377,0
423.0532,488.5377,0
349.2044,470.2133,0
375.0676,448.5722,0
358.9069,430.1589,0
316.2027,479.5692,0
364.4906,476.4751,0
371.8774,451.4449,0
357.4679,400.8945,0
377.915,406.6982,0
372.1603,486.9863,0
351.7503,460.9089,0
342.5786,385.5427,0
305.2625,486.6063,0
374.2328,415.3937,0
356.2766,465.6753,0
353.8409,436.4944,0
390.075,391.6132,0
334.8421,433.6872,0
336.7676,529.4562,0
334.0894,444.2316,0
364.2596,454.6383,0
388.4647,431.3878,0
362.5879,461.8523,0
436.7847,442.1003,0
388.3644,452.5707,0
317.4481,458.8613,0
369.2887,402.3488,0
373.8621,517.7993,0
326.3884,477.3954,0
405.3876,423.284,0
350.5141,440.787,0
373.1797,474.1151,0
381.7807,468.6174,0
397.5219,438.9693,0
415.9196,449.1885,0
364.166,424.0386,0
367.0142,479.0478,0
365.5243,436.8805,0
341.7603,454.6431,0
298.4572,476.8511,0
394.8835,505.6806,0
333.774,497.5473,0
394.3145,447.4828,0
322.4359,436.9196,0
363.9102,482.8091,0
349.7996,444.6671,0
370.7556,416.5936,0
335.7437,473.5163,0
363.8925,440.1669,0
404.9881,425.5306,0
373.0078,485.5845,0
346.9272,491.1718,0
352.9386,464.4271,0
332.3,438.0009,0
325.704,503.9404,0
341.7203,443.841,0
374.9358,493.5294,0
370.1149,467.2147,0
301.3541,461.0687,0
357.0191,491.2833,0
383.3656,439.9158,0
345.702,473.4859,0
339.145,433.0724,0
366.3098,492.4749,0
314.1219,485.0354,0
341.6624,469.9613,0
344.953,419.6035,0
318.8152,440.7576,0
367.4174,472.1534,0
349.0364,472.3187,0
396.0894,439.1483,0
357.6736,437.9673,0
386.7915,443.9745,0
406.0908,400.6789,0
318.9933,489.946,0
348.5732,503.179,0
388.7436,425.3607,0
387.3457,474.4822,0
353.9781,479.8616,0
386.2211,406.3612,0
326.0546,442.1822,0
357.2651,478.4428,0
362.0997,418.4461,0
333.165,473.9468,0
357.8376,451.8171,0
361.7106,443.9373,0
341.7501,465.6161,0
342.028,556.4931,0
366.1181,495.6299,0
373.9809,495.7849,0
364.8731,454.3029,0
375.85,437.9782,0
337.1324,453.9679,0
348.7586,459.5873,0
353.9709,456.2603,0
344.3356,525.1163,0
345.8284,461.5004,0
394.8974,515.0867,0
341.5397,435.1926,0
385.4635,452.9296,0
323.7769,446.8746,0
335.4557,420.043,0
339.851,441.5019,0
371.0211,496.1185,0
331.2879,496.0606,0
358.907,423.2864,0
355.5288,448.7928,0
367.1643,441.8424,0
336.4735,448.3931,0
374.1736,486.5783,0
346.3795,452.1913,0
334.8528,475.2289,0
376.6554,540.4969,0
357.8529,453.4323,0
342.7068,413.3578,0
359.8301,451.8521,0
360.664,461.1246,0
392.9006,447.1885,0
349.0195,432.8184,0
375.209,466.8539,0
344.889,460.1683,0
371.9088,510.7447,0
366.1308,486.0141,0
428.9074,495.746,0
374.188,495.0053,0
381.1213,460.6215,0
393.1821,457.0907,0
340.3218,548.6736,0
343.7023,465.559,0
302.681,494.3243,0
329.9854,495.237,0
370.0645,461.3804,0
303.1101,456.8796,0
322.9173,434.507,0
338.9154,444.6266,0
348.7969,423.5868,0
361.5063,474.2269,0
352.4064,510.8058,0
326.5641,437.1463,0
300.5745,505.0782,0
426.6122,429.7733,0
339.9593,437.1721,0
320.1259,461.9553,0
366.14,469.3588,0
371.3406,420.0324,0
339.2681,443.1975,0
332.8219,479.5361,0
358.0499,453.8562,0
386.3367,447.2104,0
372.6343,432.7787,0
405.3552,530.8308,0
393.489,490.6543,0
309.0163,469.3221,0
338.423,490.6333,0
338.9276,430.8814,0
365.1061,506.8644,0
380.2299,460.024,0
368.6972,438.7736,0
348.4686,491.4891,0
341.613,500.3174,0
350.9727,468.0674,0
342.9944,466.5132,0
360.7418,459.2085,0
359.1967,489.4598,0
372.1032,451.4794,0
361.352,475.2268,0
327.5647,528.779,0
339.1752,486.569,0
375.1554,472.4698,0
317.7037,537.0941,0
323.5173,556.4639,0
349.4159,518.5215,0
288.8975,467.2261,0
364.5052,531.5393,0
416.5239,462.5319,0
354.1505,414.3315,0
358.363,409.8294,0
361.959,434.5591,0
362.0347,544.6906,0
391.6181,446.0878,0
344.6035,462.1951,0
335.6575,461.8477,0
339.673,437.0593,0
336.5626,481.5401,0
305.2151,502.8154,0
333.5158,474.8187,0
368.7824,464.71,0
352.4806,509.5796,0
391.1482,513.0973,0
374.5828,469.3816,0
351.6047,447.4606,0
331.2648,474.105,0
340.3786,489.6452,0
336.2418,448.8922,0
392.1152,435.3825,0
374.0619,436.6879,0
382.2632,456.9706,0
367.0382,450.9109,0
343.2193,419.4113,0
357.1954,450.0891,0
398.766,450.0282,0
337.8022,487.9553,0
371.1924,439.9857,0
335.7124,446.0565,0
346.5354,512.8793,0
380.0916,501.7504,0
316.954,481.1545,0
370.1854,456.314,0
386.8265,436.9804,0
345.2679,482.5446,0
329.4536,455.077,0
355.9833,465.614,0
375.6335,466.1363,0
377.0298,462.8452,0
353.5096,482.3397,0
341.2039,472.2193,0
299.6952,520.6192,0
316.3317,516.8137,0
320.0274,407.3054,0
356.5088,421.1127,0
403.8438,432.1718,0
328.1549,497.2513,0
328.0572,471.7089,0
333.4377,575.4529,0
350.0814,493.4012,0
349.9604,469.2301,0
356.265,482.765,0
372.8007,426.9705,0
335.0418,427.4747,0
302.0724,489.3843,0
349.0943,523.4615,0
370.6902,469.6235,0
331.3229,493.9719,0
357.7991,463.4745,0
390.7282,445.1292,0
381.6977,399.3056,0
376.3104,488.164,0
382.3699,459.1564,0
352.3203,452.093,0
332.4026,474.5616,0
348.6113,424.5996,0
341.5899,457.4359,0
370.9601,464.5617,0
330.341,424.6757,0
317.685,452.4723,0
361.2466,483.4491,0
362.1683,436.3889,0
350.6776,479.413,0
357.5395,409.8547,0
295.5961,483.9669,0
314.2104,490.2942,0
359.4681,425.7188,0
344.7571,443.1106,0
303.8506,441.1353,0
376.1037,452.2913,0
408.4756,405.063,0
357.0551,480.4564,0
385.6625,451.5814,0
316.864,425.0297,0
345.6967,490.003,0
335.4341,460.2767,0
367.256,467.8008,0
414.0451,381.4578,0
321.8621,486.9597,0
366.2986,490.3708,0
333.9053,478.4533,0
393.6161,476.089,0
359.249,436.6384,0
419.0314,472.3545,0
424.3853,429.3758,0
352.3843,435.4156,0
354.167,429.4651,0
341.8347,476.4091,0
358.9312,436.5976,0
389.8112,482.9191,0
361.8948,501.0292,0
352.3942,498.8584,0
392.2949,457.1265,0
402.9733,434.0928,0
357.8442,450.3999,0
396.14,462.0669,0
355.6784,463.6961,0
306.1754,459.7397,0
325.684,422.5385,0
341.3741,453.01,0
339.6974,473.3456,0
349.667,477.9995,0
347.7659,507.6701,0
336.9297,500.343,0
359.4178,425.8343,0
372.5856,412.8653,0
326.2915,427.0901,0
338.0272,502.3964,0
331.1211,455.2067,0
324.1632,483.4605,0
382.7603,438.3105,0
321.8762,538.8694,0
379.5281,449.7254,0
342.875,519.9262,0
379.2344,497.9291,0
336.0954,480.2832,0
360.2079,411.0369,0
356.3157,452.8827,0
345.057,473.5369,0
304.8885,499.9433,0
382.2216,466.0056,0
376.8857,473.759,0
405.5536,467.4742,0
361.1098,454.2803,0
326.3177,480.1229,0
392.3896,454.5996,0
348.6303,543.8328,0
348.6813,498.6756,0
382.4552,475.4516,0
379.3547,507.4409,0
381.9494,528.8879,0
344.9713,488.9256,0
329.4308,529.3069,0
355.1866,474.9159,0
347.0309,443.383,0
329.2921,486.9457,0
373.5862,450.147,0
335.0358,524.6182,0
347.4947,520.3141,0
344.2427,425.6407,0
357.9241,525.795,0
331.3315,505.0737,0
357.9058,423.5853,0
354.7528,435.2589,0
366.4582,447.7521,0
346.4792,489.1143,0
357.2062,541.2399,0
327.1377,460.4985,0
378.5389,468.5858,0
370.0586,498.3945,0
366.6206,479.1642,0
341.7551,464.2079,0
356.3738,511.7343,0
350.4505,475.5394,0
323.5161,486.3963,0
363.7579,533.1107,0
378.1632,437.8825,0
377.0692,492.3887,0
374.3114,444.1519,0
350.4477,438.5692,0
406.3603,439.2892,0
354.942,465.4538,0
330.0804,481.2589,0
347.5011,410.6148,0
341.8541,445.8309,0
321.7156,491.3304,0
336.0895,496.8813,0
355.2518,464.5946,0
382.0031,407.1773,0
332.7084,479.4971,0
376.6166,473.6072,0
352.6074,436.6155,0
384.0315,487.6968,0
356.5247,480.4275,0
366.9865,427.6714,0
385.6171,432.7344,0
384.7032,488.7207,0
367.9689,480.2821,0
354.5847,454.9879,0
338.308,413.4042,0
360.3043,439.1698,0
370.4944,453.8635,0
362.4382,470.9474,0
307.7132,458.4644,0
361.6986,447.209,0
301.7476,459.5815,0
380.3404,406.7479,0
357.8439,469.2891,0
346.6774,528.8079,0
373.2896,460.2396,0
342.7276,477.4112,0
375.2147,467.9498,0
366.2069,468.6997,0
416.3279,438.6847,0
346.069,446.0763,0
359.3646,475.1477,0
343.8193,474.8502,0
360.9197,413.5944,0
319.3546,522.7748,0
334.3991,467.8185,0
368.721,456.4813,0
371.003,442.506,0
367.785,472.4591,0
366.8961,458.6796,0
341.5798,506.136,0
329.7298,521.7448,0
322.1467,445.3726,0
453.3587,567.0426,0
340.3887,435.4488,0
371.0584,529.8798,0
384.4969,441.8817,0
318.3613,515.9955,0
363.5302,416.4926,0
367.4314,457.359,0
371.5898,437.7316,0
360.5767,468.485,0
361.6556,470.2505,0
340.2588,471.3314,0
357.6133,467.6233,0
404.0821,466.3101,0
356.755,464.0594,0
340.8559,478.4379,0
426.6355,405.5826,0
376.1177,538.9416,0
375.523,504.7053,0
330.41,450.4832,0
354.8358,517.1902,0
312.8013,379.0787,0
365.3013,491.3826,0
375.0549,440.7155,0
397.4253,498.4935,0
387.282,440.9594,0
347.9979,510.7914,0
415.5925,391.658,0
321.264,522.8918,0
343.3893,438.0562,0
365.7707,412.036,0
357.2941,434.7754,0
307.7819,457.0187,0
317.7298,374.9142,0
375.8714,449.3153,0
308.2682,471.0723,0
339.0114,531.7249,0
408.0472,435.7462,0
350.3423,503.4447,0
332.4117,496.6094,0
392.5352,454.7066,0
326.5826,507.1403,0
343.3603,479.8073,0
363.6968,522.4803,0
352.1173,454.8385,0
385.0756,433.515,0
343.237,427.5624,0
336.7468,459.8075,0
352.0114,488.6882,0
378.4471,495.4259,0
344.8434,505.4748,0
325.1313,432.4423,0
332.1157,545.6161,0
348.2646,504.2321,0
356.9804,471.6357,0
325.3398,500.7016,0
320.8343,505.4437,0
369.3781,508.9163,0
348.7349,529.3408,0
407.119,442.3203,0
351.2778,495.7911,0
357.7132,467.5688,0
372.3315,457.4522,0
384.8912,444.3458,0
320.8179,449.6697,0
362.4183,436.3824,0
388.4143,427.0605,0
324.0613,513.6738,0
315.8388,489.2389,0
367.2457,497.1516,0
361.1027,483.0737,0
320.0751,408.0137,0
348.7015,416.398,0
339.6646,446.8217,0
350.8204,486.0577,0
344.0256,423.9256,0
399.5923,420.3793,0
368.5316,449.0864,0
350.9817,491.0436,0
367.7935,413.0781,0
347.2221,499.6918,0
378.6646,440.1731,0
324.6166,422.834,0
329.5623,426.5148,0
320.524,510.5405,0
332.1268,481.6496,0
329.8613,511.1735,0
376.9125,507.5368,0
350.9168,471.0861,0
354.0274,431.2462,0
373.0302,486.3664,0
344.2868,453.0745,0
352.7287,431.9659,0
357.3727,420.2596,0
395.5072,446.1046,0
349.931,415.6295,0
375.2151,435.4735,0
297.0938,443.7302,0
331.0957,498.037,0
375.3625,456.7867,0
385.8472,436.3568,0
327.717,474.6806,0
343.6136,424.0419,0
349.2048,414.4428,0
337.4529,484.1337,0
351.5457,503.8389,0
384.0295,484.6474,0
352.3852,409.6293,0
341.8051,473.8464,0
374.5245,465.9089,0
364.4628,511.846,0
307.4554,480.4118,0
347.8884,439.7303,0
402.7231,487.8745,0
394.1239,446.3103,0
298.8538,483.2127,0
331.7198,505.1298,0
337.9196,506.4311,0
352.8035,455.4579,0
330.132,510.6761,0
354.7517,403.4111,0
335.8154,523.4785,0
350.6359,444.6739,0
398.2162,403.4018,0
297.5268,413.3916,0
316.9386,508.7921,0
318.1567,469.4858,0
346.4766,489.1842,0
316.4505,480.5492,0
347.7498,426.1121,0
352.6234,468.662,0
360.7125,502.2626,0
340.1907,478.4355,0
348.0788,473.2963,0
375.6208,421.6367,0
358.3118,464.8155,0
352.4709,487.0079,0
303.1005,464.3128,0
355.0771,463.8267,0
385.0955,442.7773,0
345.5723,517.1691,0
382.1719,500.1754,0
350.9478,483.8766,0
377.0773,438.976,0
340.1527,450.1398,0
375.1014,363.1146,0
312.9069,508.2155,0
363.8792,439.4985,0
382.967,448.2886,0
386.4454,508.9208,0
296.8149,451.7803,0
350.131,467.8809,0
373.8917,474.8608,0
381.0327,398.0684,0
340.6083,449.4452,0
384.7944,493.6603,0
361.7841,504.01,0
389.2886,481.7765,0
303.1884,519.5056,0
319.7134,464.3364,0
329.8653,531.8657,0
339.3141,474.8832,0
363.462,448.3203,0
384.3681,408.9914,0
306.6098,407.1495,0
337.9568,427.3303,0
393.0695,410.7334,0
355.686,405.0265,0
351.1378,447.1174,0
386.1877,467.3579,0
363.2379,414.2882,0
318.9714,496.9292,0
384.9767,446.7158,0
368.1916,459.6057,0
334.6132,441.5865,0
300.6854,427.4003,0
385.144,450.6317,0
370.8619,463.2437,0
332.5599,506.2162,0
339.9654,431.6611,0
339.8926,387.1712,0
380.2195,461.7463,0
351.7155,423.9855,0
345.1179,497.3057,0
348.2385,488.9305,0
389.7896,463.5867,0
326.1786,485.6967,0
388.3609,431.1298,0
296.6552,465.0434,0
348.4164,424.8934,0
334.1779,508.0958,0
333.5292,477.7682,0
333.8262,433.4066,0
309.4225,423.9499,0
345.4757,446.4138,0
368.3431,466.0277,0
393.4583,441.999,0
334.9901,468.6193,0
401.2686,512.3022,0
330.3391,441.3676,0
396.0695,411.7265,0
359.6498,438.1622,0
355.4703,492.3206,0
307.3153,502.8259,0
344.3005,537.4224,0
322.4467,455.4719,0
396.0608,462.318,0
375.5179,448.4926,0
420.2035,529.0125,0
343.6101,454.977,0
375.9242,459.7285,0
354.2318,516.2791,0
317.5844,478.2313,0
334.9418,488.0063,0
327.7455,460.9934,0
364.7129,436.1937,0
359.5175,460.8564,0
367.764,425.8571,0
397.8633,426.5963,0
354.6384,438.7939,0
325.0869,485.1373,0
269.744,486.2346,0
305.15,500.0139,0
387.2017,499.3525,0
357.8592,437.781,0
354.1573,402.7676,0
353.1834,478.507,0
376.4643,400.8225,0
378.6401,455.149,0
331.7182,508.8029,0
372.2658,494.9892,0
306.061,459.4897,0
403.9826,427.2241,0
311.2263,552.2012,0
345.2753,454.4238,0
316.9125,435.6844,0
329.252,451.91,0
352.688,458.2498,0
411.6008,406.8448,0
338.5029,418.2401,0
383.178,432.5308,0
380.1906,441.1737,0
315.2413,429.9348,0
368.8405,432.9381,0
356.0059,471.0525,0
336.0381,419.9048,0
331.1509,433.2184,0
351.955,456.1093,0
333.9882,489.1582,0
324.9302,474.2367,0
312.5875,462.2843,0
346.1243,506.547,0
328.7493,501.9032,0
286.1811,497.3743,0
349.1198,454.1965,0
360.8846,487.9166,0
371.3213,465.2853,0
399.6225,390.1362,0
340.5675,422.6061,0
367.9714,463.949,0
319.6686,461.1326,0
360.2762,473.3193,0
332.1502,415.6543,0
416.5058,439.6506,0
353.1296,439.384,0
365.9843,464.8171,0
351.4083,494.7021,0
318.6362,456.0407,0
373.2236,427.771,0
405.3213,435.0894,0
368.1129,421.2427,0
360.5537,462.5818,0
337.247,485.7476,0
368.7213,505.3748,0
340.8787,486.4243,0
358.4407,473.4491,0
379.1097,440.703,0
364.9091,407.1325,0
378.6104,515.2566,0
362.5544,484.6058,0
322.8438,497.7206,0
338.8551,474.4676,0
375.4761,533.0186,0
363.6853,475.4314,0
377.5441,428.8553,0
383.6154,480.3106,0
381.8443,465.601,0
372.6625,473.2951,0
345.923,422.7524,0
355.5349,413.7281,0
361.3008,415.5262,0
330.741,530.3093,0
374.3609,471.3342,0
363.9665,445.6015,0
328.21,485.8182,0
369.6269,473.7783,0
329.673,471.4324,0
353.89,492.3209,0
319.1919,521.6974,0
327.8178,518.9697,0
368.9724,431.2449,0
364.2138,482.0236,0
306.4494,503.136,0
403.1086,465.4677,0
351.4685,400.9307,0
349.0625,489.7617,0
318.7545,483.4472,0
349.6292,399.7423,0
344.8466,515.2507,0
358.7062,392.1492,0
344.5618,459.3229,0
346.575,429.2203,0
377.2662,441.7083,0
332.6703,421.0949,0
352.9582,491.4887,0
357.3965,458.4693,0
358.5669,471.8392,0
402.9393,490.4041,0
373.5816,511.3203,0
391.3977,422.0409,0
349.6633,456.312,0
368.6076,502.0311,0
395.5513,415.528,0
351.7779,455.1356,0
317.1515,441.7014,0
309.4898,535.422,0
357.6061,439.0478,0
334.3038,450.9637,0
343.9945,505.1502,0
379.4745,473.116,0
373.9739,525.514,0
334.701,492.7538,0
395.7932,464.6626,0
367.289,464.4001,0
335.5781,510.5236,0
357.0861,469.5048,0
351.0149,438.6654,0
324.331,495.9224,0
406.8722,403.9734,0
366.7475,452.8426,0
361.7621,426.3034,0
337.724,522.2291,0
338.1218,441.9224,0
375.2057,442.4653,0
338.5424,455.3813,0
356.5274,440.1472,0
374.9846,503.8452,0
389.0098,471.4033,0
367.2777,464.9376,0
339.4842,405.8373,0
367.2909,525.4955,0
403.9276,469.1027,0
359.4362,415.2952,0
373.8211,478.6873,0
376.8641,427.1506,0
362.6445,423.8772,0
367.0446,503.7525,0
374.1113,473.8484,0
366.8341,451.0366,0
364.0784,530.4625,0
365.8704,496.1851,0
360.45,470.5084,0
333.44,509.3392,0
336.9023,495.8765,0
406.7427,425.5411,0
381.4319,473.0154,0
360.0931,497.7881,0
329.3969,521.4191,0
337.1185,503.7987,0
325.3323,491.2278,0
340.645,519.7456,0
338.7176,396.7051,0
367.256,485.0125,0
347.1174,490.5432,0
371.8842,384.6201,0
358.6959,414.9854,0
352.8268,500.6971,0
345.698,456.5576,0
359.9143,529.2939,0
394.5512,426.5611,0
369.9346,509.3781,0
331.2117,483.3098,0
348.4028,465.8918,0
415.3335,473.6373,0
332.2799,450.8679,0
361.5604,524.5311,0
388.2987,493.1294,0
380.8176,485.5511,0
305.8579,527.7066,0
342.5052,516.526,0
318.507,550.3817,0
367.5627,457.3492,0
405.9169,469.5361,0
342.1505,499.3395,0
366.7081,444.355,0
378.0993,520.0431,0
336.9867,498.0391,0
337.8947,539.0638,0
357.1903,459.0055,0
428.0196,468.1016,0
371.327,428.6484,0
345.0664,515.8945,0
368.748,432.5655,0
322.1394,549.4565,0
340.8288,443.6187,0
359.7563,454.8822,0
373.7804,451.3279,0
357.5907,451.3781,0
414.1678,471.5118,0
369.9712,459.5611,0
293.2101,493.555,0
352.6955,465.4622,0
367.0577,427.6104,0
306.4831,509.5058,0
356.6012,480.4003,0
362.7812,450.196,0
353.5272,490.6345,0
331.5628,470.3527,0
372.6499,458.9638,0
356.0533,444.8894,0
331.5014,477.4881,0
356.2586,406.3982,0
383.4803,486.3836,0
345.992,496.5704,0
324.6949,457.4664,0
366.8981,452.1416,0
329.8176,462.8329,0
369.3747,436.7288,0
404.2366,389.9301,0
385.3013,484.2506,0
349.7152,427.0848,0
323.1763,466.8962,0
378.8183,426.3789,0
376.9274,451.462,0
368.07,579.9436,0
357.7391,435.1186,0
328.0906,462.7628,0
376.7977,456.8747,0
354.2455,459.8811,0
352.9691,444.6644,0
381.3765,436.1224,0
339.3555,493.3657,0
394.4828,511.3093,0
362.7527,498.5722,0
299.598,471.8006,0
367.0441,521.4633,0
340.998,504.6049,0
359.3794,497.6904,0
330.4272,435.367,0
360.7601,399.4501,0
351.6722,450.1147,0
387.468,458.2308,0
347.4764,432.0854,0
354.5556,496.1655,0
349.422,512.9014,0
351.0797,458.5286,0
376.5058,448.9908,0
358.5244,465.4561,0
368.8707,507.2465,0
351.3681,491.6237,0
325.0608,522.0319,0
335.6324,459.4904,0
392.4933,428.1248,0
409.9856,442.7036,0
357.0298,499.8787,0
370.902,430.8814,0
364.5765,516.6686,0
351.8343,466.1864,0
338.7758,446.613,0
310.7537,474.3486,0
381.2576,482.7759,0
342.7909,496.4672,0
412.7458,478.7991,0
381.2478,435.3386,0
381.8169,435.0718,0
340.0927,440.8045,0
373.113,511.1561,0
390.0414,402.8058,0
407.1836,456.0579,0
392.8684,461.4786,0
356.8834,532.5165,0
345.489,460.1024,0
351.1024,470.9941,0
308.6101,535.2461,0
371.2373,502.8111,0
360.3358,444.2867,0
357.2587,484.6645,0
384.6952,404.7106,0
325.8153,518.4164,0
381.7309,464.7554,0
372.9471,482.6859,0
323.875,534.8099,0
392.0312,521.6351,0
329.3561,467.9661,0
359.7076,485.7382,0
367.9044,523.7738,0
330.8355,471.0259,0
378.8069,446.686,0
349.6747,513.0154,0
346.194,425.1887,0
362.835,491.3366,0
354.963,532.1953,0
319.0771,517.6775,0
379.7191,413.9953,0
376.4721,429.5555,0
433.6924,467.8287,0
336.8759,501.8148,0
353.2247,502.323,0
380.6239,434.7545,0
354.6792,385.7161,0
342.0306,464.9675,0
361.8979,512.1685,0
352.2978,457.5762,0
360.5196,466.4935,0
381.0961,432.9438,0
363.6697,435.7351,0
330.0739,493.4813,0
353.0729,491.3802,0
391.456,492.6939,0
345.3991,444.6505,0
328.147,496.5363,0
345.2596,525.4863,0
372.0024,459.6823,0
299.6715,497.8538,0
379.3368,447.162,0
369.2711,439.102,0
336.8497,464.8398,0
357.5323,514.8816,0
335.4957,498.0105,0
353.3834,506.1553,0
358.7494,449.45,0
343.7379,474.9627,0
317.1483,437.2524,0
366.1286,496.0542,0
350.5379,487.9734,0
356.2391,414.085,0
391.6765,490.5299,0
352.3861,472.7292,0
375.5186,497.6808,0
308.9684,480.2117,0
379.9914,440.9064,0
325.1208,454.1451,0
381.6502,409.3361,0
387.78,439.4507,0
362.4969,463.232,0
347.1219,516.0307,0
334.1119,441.4006,0
356.4134,384.3071,0
353.5603,479.2731,0
400.7254,403.4105,0
357.4889,413.2189,0
338.5042,480.8266,0
396.6621,459.6466,0
369.796,440.1434,0
344.7328,552.7021,0
350.9279,496.4708,0
311.9986,447.455,0
353.1892,493.6871,0
334.2688,475.883,0
395.501,456.4619,0
329.1322,513.0724,0
392.4241,436.1269,0
381.589,446.4453,0
320.1852,399.6816,0
352.5921,445.6548,0
348.7011,474.7249,0
408.714,442.0131,0
331.1219,442.6152,0
358.3415,455.8842,0
347.0107,488.4562,0
342.5038,516.5859,0
360.476,459.515,0
367.3168,405.6714,0
356.3748,460.8555,0
334.4874,412.5384,0
364.2511,498.3868,0
374.1229,427.0104,0
378.8326,410.7476,0
308.4175,445.4196,0
337.0961,455.0812,0
379.2855,414.8625,0
355.5571,390.5563,0
361.8873,480.7813,0
370.1828,472.5433,0
339.1651,480.3583,0
395.653,464.2417,0
330.4403,539.194,0
330.6116,471.4386,0
317.9358,425.4403,0
358.3959,483.5615,0
325.3271,455.9033,0
315.7887,406.4026,0
371.1215,395.3285,0
333.2672,443.7192,0
338.2247,449.1586,0
291.6698,562.0186,0
320.0734,415.8209,0
348.4183,505.1253,0
363.7137,494.7045,0
372.3226,457.9199,0
344.8334,430.7726,0
331.5994,494.4914,0
343.1286,489.2884,0
301.4225,498.9751,0
352.4502,510.3752,0
370.4639,461.4885,0
310.0473,464.3159,0
373.3641,507.3122,0
375.1571,431.607,0
359.8714,469.3829,0
341.7531,461.6228,0
320.4519,419.5983,0
338.7616,468.9479,0
378.7256,437.0593,0
346.482,448.6519,0
320.9028,408.9808,0
304.5756,524.8835,0
333.3467,523.1334,0
340.8557,463.7268,0
343.6889,512.7112,0
401.8542,463.5403,0
392.8748,441.381,0
368.9213,433.0572,0
352.0851,520.3341,0
364.7295,481.1828,0
361.9233,398.264,0
348.0172,435.627,0
384.5117,435.9446,0
356.9117,513.5619,0
354.7975,469.8394,0
385.0007,475.5939,0
374.1943,385.7022,0
356.4516,463.552,0
333.6777,465.2057,0
380.231,451.4708,0
385.0063,403.3408,0
322.4865,477.9655,0
393.2117,415.3454,0
340.7803,433.0572,0
356.8048,454.0699,0
396.4273,423.7001,0
380.2576,467.1835,0
365.1544,423.2744,0
349.0469,496.5742,0
360.8851,454.3101,0
327.6764,496.2347,0
381.001,437.3262,0
381.7203,450.183,0
356.6568,488.4106,0
333.5065,532.7921,0
312.555,478.5425,0
335.6552,482.016,0
325.2515,478.0599,0
385.583,445.4277,0
353.412,446.3348,0
360.6134,416.127,0
293.5898,530.3156,0
341.1974,533.1242,0
355.0524,445.1572,0
290.2861,497.4243,0
339.5941,471.8669,0
398.3846,482.897,0
337.4329,451.4579,0
386.4315,419.6918,0
340.551,418.6226,0
387.8596,489.0849,0
383.3243,445.6144,0
359.1616,425.556,0
381.1467,441.6803,0
373.8167,434.9705,0
352.0491,467.7869,0
375.2747,498.825,0
322.5108,472.4488,0
341.6671,451.4936,0
303.3908,424.1197,0
295.2521,475.9868,0
379.0362,546.2977,0
384.5625,501.9311,0
364.5856,508.0981,0
413.0013,445.4708,0
372.0569,424.475,0
358.0443,465.4946,0
329.5219,510.825,0
355.0696,464.6512,0
360.6696,490.2462,0
337.9319,528.6754,0
367.0298,464.977,0
373.5142,361.3381,0
348.3888,390.8314,0
336.4762,537.0404,0
363.4614,451.8614,0
337.4759,419.0911,0
357.7284,492.7146,0
334.3754,474.9968,0
372.2186,532.0829,0
356.3645,424.9991,0
398.5762,457.3872,0
360.1442,480.5314,0
354.344,501.7277,0
363.0235,404.4254,0
369.6325,506.7681,0
358.524,447.9623,0
332.0314,499.2659,0
390.9691,441.5355,0
350.2068,399.2808,0
320.9156,454.6109,0
384.6323,427.5834,0
416.4583,449.9653,0
414.2144,485.5111,0
352.3598,439.0959,0
379.7129,501.4958,0
346.976,423.0606,0
407.9552,420.8239,0
364.4497,529.9,0
390.816,453.8364,0
363.0393,480.6719,0
380.1732,462.7867,0
329.6149,452.1426,0
384.3372,460.3314,0
339.5313,402.4348,0
335.577,424.4117,0
396.1454,407.4567,0
335.3818,437.4459,0
402.0745,413.1501,0
384.4277,443.431,0
364.429,462.4818,0
346.8262,417.4971,0
296.5906,439.6358,0
346.0153,467.4764,0
381.5651,515.7033,0
325.7929,470.741,0
342.8942,422.8127,0
351.8488,443.9958,0
361.3319,461.1016,0
338.7003,433.6697,0
347.7938,476.8201,0
368.1243,472.8031,0
370.8401,463.4334,0
328.8351,458.1568,0
382.6864,462.4299,0
321.8298,446.8578,0
320.6257,521.922,0
391.7808,496.7119,0
330.5596,480.5908,0
385.0306,469.6499,0
333.0942,483.2951,0
363.0322,463.9807,0
350.82,482.5856,0
384.8105,512.7617,0
338.7005,442.488,0
347.6172,443.3638,0
332.3554,430.9293,0
433.7172,441.4807,0
399.6515,503.8494,0
377.7527,464.6882,0
326.4852,528.8745,0
381.115,476.5614,0
356.2627,414.7133,0
345.9313,417.5272,0
331.9327,500.2488,0
327.7009,453.9879,0
381.8993,452.4214,0
343.5547,484.7912,0
389.6594,421.0419,0
299.5836,475.9403,0
386.4954,493.0037,0
374.9407,405.2409,0
365.4126,452.6056,0
378.3664,484.1343,0
350.6456,448.7891,0
386.382,513.0186,0
335.1827,494.2236,0
356.3954,450.3741,0
397.6973,436.2327,0
332.7466,465.6335,0
364.655,477.2839,0
395.1675,438.4775,0
377.6227,501.9417,0
317.6832,469.3725,0
332.2172,493.8991,0
353.3418,494.717,0
342.2585,438.2845,0
372.9485,481.8388,0
374.126,496.4639,0
356.5684,495.8711,0
358.8059,460.2338,0
393.7652,477.3199,0
351.6797,540.6724,0
336.4597,503.6049,0
347.4019,478.3467,0
315.2631,469.4987,0
353.398,414.9183,0
346.3347,469.6834,0
376.7026,518.9818,0
389.9593,464.7474,0
344.8721,421.7805,0
362.1011,475.9043,0
325.3112,477.7343,0
379.8397,473.566,0
347.4018,499.7714,0
359.2043,412.1587,0
359.0012,454.215,0
350.7373,490.8405,0
352.0099,475.4122,0
346.3394,499.5477,0
376.1634,473.0761,0
312.3745,516.6042,0
377.9592,503.3024,0
341.2189,482.7699,0
345.553,489.9844,0
349.4317,427.1502,0
363.4188,441.6817,0
334.6877,487.1112,0
389.1491,457.7007,0
323.8772,452.7624,0
424.9363,514.9287,0
316.6496,469.1696,0
347.6019,489.9498,0
369.7093,398.7397,0
341.7694,449.6614,0
329.5484,466.3359,0
324.2787,414.8543,0
350.2002,426.4986,0
319.8885,464.7874,0
338.2984,412.3223,0
370.0512,434.4347,0
351.048,432.0459,0
375.6392,492.6595,0
368.2625,498.5939,0
303.4915,456.5123,0
313.0197,423.8662,0
320.7698,478.6906,0
332.0947,485.8403,0
360.9381,508.2849,0
321.27,413.3306,0
356.219,453.4466,0
364.8649,496.9923,0
389.6244,405.8109,0
358.3819,400.5032,0
319.1714,499.6823,0
390.2376,416.9602,0
385.9538,419.8498,0
374.3831,500.3481,0
354.9393,467.5331,0
338.6505,504.4035,0
362.6363,459.0418,0
411.8347,492.0795,0
364.0781,497.8004,0
337.819,431.222,0
357.4614,461.358,0
365.1794,452.5224,0
400.4785,460.1457,0
323.8748,475.8817,0
375.7169,449.9821,0
365.627,517.4253,0
340.8005,456.9931,0
373.3204,471.079,0
330.4785,436.9466,0
348.8052,508.791,0
406.5773,460.8948,0
353.2111,438.2925,0
348.0972,418.6042,0
342.8609,426.7245,0
352.3675,509.3406,0
312.2832,457.67,0
345.9318,444.288,0
373.1649,434.7728,0
315.7458,469.6295,0
375.4182,440.5174,0
408.9626,475.4586,0
339.2587,519.0045,0
376.145,509.2582,0
387.3362,501.0667,0
307.4337,515.661,0
347.6918,451.1324,0
322.0837,490.1785,0
390.0974,494.3506,0
388.5959,489.2369,0
390.604,424.9639,0
345.1638,484.9198,0
324.0156,545.8262,0
357.3136,501.4949,0
317.1545,496.1331,0
349.6102,425.3438,0
364.4448,495.8734,0
399.6897,420.4528,0
356.562,481.1443,0
379.7966,464.733,0
341.7097,432.861,0
338.3553,519.1285,0
357.2918,444.8292,0
339.4581,422.8505,0
356.0417,441.3676,0
336.108,510.5026,0
368.2539,459.6499,0
312.5347,489.2021,0
319.432,439.0668,0
357.7147,407.5616,0
382.7042,450.0961,0
350.189,426.8217,0
351.4776,468.337,0
358.6161,436.2394,0
332.0649,500.5531,0
351.0903,505.6258,0
337.2378,497.2721,0
400.6585,484.6562,0
343.0371,432.2158,0
410.0939,444.8394,0
369.3119,482.8399,0
376.5136,459.8517,0
349.6804,480.201,0
325.307,493.0746,0
353.5676,463.6201,0
354.1888,482.0117,0
351.0639,519.7943,0
335.3248,479.2446,0
337.9067,494.05,0
382.727,446.15,0
295.331,499.1427,0
348.9515,458.4532,0
392.238,535.2378,0
333.6511,509.1714,0
361.4366,439.7811,0
341.6832,448.0826,0
362.9037,545.2384,0
349.0163,476.8887,0
394.2658,454.8803,0
349.0092,459.0524,0
354.0837,493.2292,0
376.8142,464.7128,0
345.6185,421.1994,0
366.581,479.07,0
399.7896,475.3835,0
392.7018,464.4793,0
411.0795,436.2793,0
378.7634,459.9549,0
333.2479,461.4824,0
334.1246,517.1461,0
336.2086,498.311,0
306.9544,405.8741,0
355.4259,464.1128,0
314.5305,466.4258,0
342.4449,389.4405,0
339.8904,446.8234,0
346.272,513.0281,0
373.4922,458.446,0
348.0388,440.4119,0
364.8154,558.847,0
355.929,473.8971,0
324.6363,455.9373,0
346.8703,439.211,0
327.3077,441.9319,0
313.1798,476.5076,0
348.8746,437.1984,0
428.2066,518.4332,0
340.5072,435.0452,0
358.6876,431.118,0
330.0529,482.9932,0
312.7308,451.8802,0
351.3004,504.821,0
347.2616,447.1234,0
342.4315,417.9373,0
353.8611,450.4845,0
357.5143,407.98,0
361.0754,403.4539,0
336.3995,484.8524,0
325.074,477.2006,0
347.5554,492.391,0
352.4545,503.9531,0
399.2408,408.7554,0
343.0212,493.0858,0
373.6107,489.0053,0
397.8537,426.6367,0
329.3615,510.5306,0
359.0968,486.8144,0
375.4812,472.3022,0
365.8837,514.0718,0
368.8646,446.7559,0
289.6234,496.4792,0
322.5322,490.8489,0
347.1211,509.6243,0
332.7259,429.9062,0
358.0632,438.9848,0
317.5164,511.5133,0
369.0582,444.2361,0
327.1901,434.2352,0
328.2603,473.7831,0
374.8331,410.5986,0
344.9401,456.9603,0
361.2475,459.554,0
337.912,553.696,0
381.5675,431.7757,0
348.884,412.6289,0
322.8439,436.0089,0
344.0273,465.2561,0
381.7067,452.8539,0
356.0354,428.5828,0
388.5179,450.4269,0
347.9537,452.4016,0
338.5755,533.8324,0
373.1594,431.0376,0
404.2105,398.2861,0
366.3628,485.9635,0
358.1432,455.5337,0
399.1937,460.6424,0
337.1873,410.7755,0
382.2936,422.5577,0
339.3105,428.9772,0
389.9415,482.4508,0
337.4861,450.7397,0
329.446,468.7458,0
394.1037,434.4137,0
349.5599,455.3889,0
378.3497,419.803,0
424.397,420.6654,0
337.3485,485.0704,0
319.0534,493.8155,0
340.8871,457.7428,0
321.9713,475.0825,0
319.1151,481.7399,0
357.718,445.8158,0
378.001,460.8287,0
317.0616,429.8957,0
339.3724,477.7484,0
336.0738,409.147,0
320.9328,544.9494,0
377.6658,425.4468,0
391.0084,448.1339,0
374.5209,489.8495,0
359.2663,518.819,0
365.4175,431.434,0
348.3896,421.585,0
337.3687,494.0522,0
360.1469,577.108,0
351.1231,432.2192,0
341.6197,440.0855,0
371.5612,448.0811,0
364.3398,487.3229,0
342.6601,442.0692,0
382.2078,412.7337,0
350.2047,450.4959,0
319.2702,457.722,0
365.0101,518.7136,0
375.827,469.8178,0
370.4389,420.573,0
342.4926,506.5987,0
353.9984,484.1304,0
306.2353,444.7672,0
347.4861,487.3091,0
400.6017,412.1342,0
358.7563,487.01,0
359.4471,464.1697,0
372.8381,499.3602,0
342.6194,385.987,0
368.107,466.6401,0
364.0717,434.9694,0
328.148,479.2837,0
325.9461,509.4703,0
363.9358,514.584,0
372.788,452.1773,0
380.435,481.329,0
395.7397,419.8895,0
355.0212,422.6439,0
368.3061,459.2786,0
350.5604,425.8187,0
350.3628,459.2512,0
328.6546,432.7746,0
381.5576,463.9487,0
347.4774,457.4541,0
365.2172,468.6801,0
416.3767,415.0344,0
365.5718,466.6541,0
342.709,413.8378,0
323.4454,472.0761,0
350.5564,507.4807,0
326.2119,445.3234,0
362.1285,425.2174,0
307.975,450.1226,0
337.2594,464.3566,0
326.5793,452.8763,0
360.8012,408.5546,0
391.9417,447.2123,0
346.1871,502.0706,0
355.9411,502.6551,0
364.0096,407.5593,0
404.0658,428.4257,0
333.782,469.8385,0
381.7619,426.675,0
344.6653,556.9058,0
318.6809,512.2581,0
318.1243,464.1857,0
347.101,417.2107,0
386.722,515.5138,0
336.2578,506.2561,0
410.0562,477.9952,0
298.0185,466.3046,0
333.8187,558.8463,0
375.252,428.7608,0
355.4074,473.7117,0
360.0519,529.0366,0
326.3084,441.3829,0
332.6639,418.7316,0
326.2415,495.7122,0
329.9807,503.0259,0
432.638,482.962,0
337.8239,439.0568,0
353.391,548.8143,0
301.5377,520.6777,0
338.8911,497.4279,0
347.1943,412.1847,0
375.6981,407.2502,0
315.2878,426.9306,0
390.0538,484.8494,0
370.4423,513.8356,0
365.4228,469.5546,0
318.1314,437.7647,0
361.4153,476.1422,0
304.8612,465.4314,0
402.2628,462.1379,0
393.0059,465.7953,0
354.3949,406.9009,0
373.3243,445.9699,0
317.9869,433.2443,0
360.0585,514.7417,0
389.89,491.2084,0
380.6005,462.6757,0
351.7493,478.9346,0
376.2817,492.6958,0
365.7686,436.4519,0
332.9941,491.8615,0
348.7902,491.5932,0
337.5075,498.8646,0
330.4423,471.75,0
374.5856,491.8819,0
346.3467,430.8442,0
318.8232,453.5446,0
380.6058,457.9713,0
397.187,460.774,0
359.4124,429.8925,0
370.7765,466.8899,0
352.464,499.4503,0
423.9465,468.1476,0
363.6589,463.7293,0
375.5946,481.4109,0
342.9354,418.556,0
335.9296,468.6262,0
329.7396,539.9626,0
345.3766,470.4255,0
374.2967,444.3512,0
349.5466,534.1301,0
370.8321,384.6506,0
327.8347,476.4808,0
363.6803,464.2206,0
370.5237,480.4931,0
344.8112,453.9962,0
369.6476,435.9378,0
377.2719,431.6536,0
366.708,489.1081,0
409.8724,422.6927,0
353.6787,455.9675,0
368.5215,440.0093,0
391.1026,576.7883,0
333.2837,440.1031,0
419.2164,411.3579,0
348.3507,460.6109,0
318.6168,517.8888,0
326.4371,522.5399,0
332.951,476.9898,0
363.5018,431.8254,0
390.9343,487.8359,0
342.6427,545.0663,0
356.8428,448.2757,0
363.4482,410.391,0
335.3084,436.6816,0
346.5804,469.7849,0
365.8021,459.994,0
397.207,394.8818,0
322.7423,516.9074,0
351.0071,442.8129,0
300.88,471.2047,0
342.3275,460.2827,0
358.8551,450.6308,0
362.9985,474.877,0
322.5721,477.3883,0
352.5598,437.2468,0
342.9225,428.7675,0
356.8234,448.4745,0
335.2749,452.3128,0
364.1624,490.6283,0
372.296,455.3674,0
348.7263,442.6198,0
338.1077,492.3322,0
350.3446,458.0242,0
327.1357,465.6275,0
356.2006,446.8116,0
320.3461,486.2133,0
418.796,438.9798,0
313.4727,426.6678,0
365.2262,430.7447,0
323.6682,535.6056,0
383.388,463.3839,0
312.6808,470.5524,0
345.8955,510.0312,0
322.6588,490.7291,0
300.9233,488.5152,0
334.5791,448.7449,0
337.1962,468.914,0
380.6931,350.8819,0
371.7988,480.357,0
354.6691,511.3633,0
337.1925,413.0957,0
295.7551,463.1554,0
336.8077,456.509,0
387.7432,446.2837,0
351.1418,465.4911,0
315.468,435.9417,0
358.1278,441.0406,0
361.2769,455.0595,0
327.2213,468.4608,0
345.8953,480.4984,0
391.0234,444.2404,0
351.4781,489.5995,0
352.6498,434.5124,0
381.7267,448.8129,0
322.8372,493.9829,0
349.416,508.671,0
319.9014,415.1103,0
376.3221,466.009,0
356.4107,452.9256,0
383.8577,484.179,0
344.7167,427.711,0
365.4203,483.6522,0
360.7905,445.5345,0
326.8211,448.6897,0
367.054,453.1671,0
318.94,521.3359,0
348.8874,461.1028,0
347.5977,471.7417,0
374.9349,445.5186,0
317.4358,535.3187,0
357.8607,471.752,0
348.2979,444.1884,0
384.7643,485.157,0
380.1688,458.3083,0
360.7021,469.5634,0
308.1066,469.9288,0
315.1539,448.0946,0
335.3433,457.1523,0
326.818,458.0054,0
368.6628,426.0732,0
348.7337,481.3164,0
368.6198,488.9439,0
341.8174,402.7433,0
351.1659,571.1016,0
338.4821,448.8549,0
380.8495,510.2239,0
349.9652,490.2478,0
380.3296,512.0477,0
370.6443,481.5297,0
371.9178,465.6123,0
317.7214,442.8012,0
343.6654,515.9987,0
318.1686,488.7242,0
359.4553,468.8566,0
321.1301,436.5983,0
337.8018,508.3311,0
334.8577,436.6389,0
359.4058,448.7205,0
325.2681,481.9496,0
407.4077,457.8127,0
335.2951,477.022,0
361.318,485.0162,0
307.811,480.3306,0
363.7918,484.5375,0
362.1072,502.8734,0
357.7288,445.2437,0
403.016,466.1429,0
373.1988,401.3856,0
368.772,451.3833,0
363.3456,604.8825,0
377.0909,492.2393,0
364.0565,435.6823,0
409.236,441.2173,0
366.1021,482.3068,0
344.4473,498.8963,0
328.8868,434.5728,0
307.5174,430.8588,0
313.8688,482.8158,0
322.3029,442.1184,0
377.0912,468.4323,0
390.9244,421.3651,0
369.5873,487.8522,0
345.1928,495.6943,0
360.6893,490.5026,0
294.3539,506.5959,0
370.2426,455.1577,0
350.1339,498.3436,0
412.9474,405.8704,0
335.23,428.8134,0
345.0192,467.6378,0
346.8019,430.9352,0
350.4516,439.3152,0
358.8701,411.4913,0
359.805,421.0108,0
370.9476,484.7261,0
336.616,457.3225,0
333.8011,456.6353,0
358.5345,499.1046,0
331.4254,498.8967,0
371.3784,459.6883,0
357.4681,424.4875,0
355.1965,422.9692,0
349.4608,517.0181,0
385.874,442.4723,0
357.7053,462.0639,0
379.2707,481.0811,0
348.3237,494.3331,0
311.0146,505.1536,0
344.7463,467.2367,0
345.6569,443.2626,0
346.4774,386.8105,0
342.8903,451.054,0
336.7722,464.8425,0
360.9092,505.2013,0
348.2208,403.9792,0
322.809,504.7065,0
353.9622,473.4581,0
364.9653,436.703,0
317.0181,421.4748,0
313.0683,514.4117,0
326.7125,509.8296,0
379.9184,423.5282,0
386.4155,502.3811,0
419.795,387.9576,0
404.2333,469.1071,0
339.4694,497.6143,0
355.7944,465.972,0
381.6947,445.0719,0
352.4529,465.3126,0
333.7066,412.797,0
318.5447,458.3611,0
377.6708,453.5797,0
319.6568,441.111,0
374.3397,473.4655,0
307.5192,474.2888,0
326.1706,476.9899,0
360.4521,467.4862,0
354.5517,498.0345,0
404.2308,403.3077,0
345.7704,470.6135,0
383.5629,459.059,0
351.0265,445.0464,0
319.6492,452.8654,0
328.1453,489.0171,0
360.5945,536.8774,0
340.7968,487.3819,0
326.6486,447.0703,0
368.4788,479.9221,0
356.83,455.2635,0
375.504,486.0758,0
315.5176,475.0129,0
368.0195,476.58,0
382.369,459.1223,0
348.1381,430.3705,0
374.4138,453.7455,0
343.8426,444.8969,0
346.2985,430.7854,0
341.0002,475.6932,0
385.3315,482.6662,0
384.1369,391.0458,0
305.4919,492.09,0
363.8261,448.7645,0
314.4273,500.3867,0
371.6044,462.7611,0
363.4663,450.0933,0
317.7766,490.714,0
300.1122,409.1541,0
329.2786,508.0141,0
292.3249,461.6484,0
313.4299,511.7061,0
397.6107,444.9365,0
344.2905,418.5737,0
367.2368,459.9299,0
340.6218,426.1199,0
360.0233,477.499,0
398.4144,426.4384,0
329.0696,502.6705,0
333.7515,477.1086,0
359.4189,505.3977,0
354.278,470.751,0
381.9903,471.73,0
348.5408,414.4534,0
354.0354,482.0331,0
343.8405,485.1192,0
316.11,501.7122,0
333.7563,481.9321,0
341.3293,439.9712,0
306.7121,473.4716,0
387.3434,440.2148,0
328.5869,479.3157,0
335.9646,549.9632,0
328.1156,443.9845,0
382.1026,382.937,0
322.7371,426.2718,0
379.8414,454.5532,0
355.5347,408.5674,0
364.1512,464.0684,0
349.8224,448.8076,0
356.8728,465.2714,0
321.6088,508.863,0
362.4763,469.1599,0
375.1614,508.5516,0
341.136,514.1775,0
358.1162,464.9727,0
298.804,412.0812,0
357.8793,405.8329,0
358.7892,457.9807,0
339.307,499.6359,0
362.3418,421.193,0
339.7234,418.3914,0
349.0576,503.811,0
341.0002,449.8212,0
361.4375,398.087,0
358.2798,403.2112,0
324.1626,447.5566,0
341.3219,522.1941,0
336.2314,442.6125,0
329.3228,478.3759,0
393.2489,459.6406,0
355.5499,524.1384,0
353.1624,489.0945,0
351.9177,440.605,0
344.3618,483.9691,0
364.187,431.54,0
372.5994,445.5549,0
369.7838,475.2242,0
333.3025,419.2607,0
379.5457,460.4161,0
389.0115,455.0808,0
327.2432,460.0426,0
342.1846,467.1293,0
334.0267,497.6372,0
328.6898,457.3755,0
366.1443,480.3764,0
323.9716,485.5719,0
339.6655,437.7457,0
369.4241,448.3815,0
311.2543,497.7943,0
323.668,481.7374,0
351.3461,452.8835,0
340.2375,539.0587,0
315.491,507.0158,0
424.8753,471.5736,0
327.7913,453.4104,0
347.7133,440.0482,0
377.3593,496.7053,0
311.6064,466.5365,0
351.4422,477.8364,0
337.5156,511.9456,0
347.8492,459.997,0
330.6019,505.2753,0
411.2858,446.1494,0
335.6907,487.4966,0
347.6492,422.9408,0
377.9082,425.477,0
340.699,424.0718,0
371.1371,476.6132,0
325.5059,492.1573,0
420.0438,491.4041,0
349.2703,443.4561,0
349.7313,465.1166,0
305.1001,488.8881,0
313.3438,505.2736,0
349.8247,451.1064,0
327.2163,478.7231,0
351.8393,474.383,0
372.6847,460.8326,0
391.2789,450.2133,0
408.2505,460.4242,0
384.1163,435.1837,0
378.7408,487.881,0
387.46,483.9627,0
380.2837,465.6702,0
366.9659,470.4147,0
326.4701,438.9525,0
364.4411,530.4135,0
327.1015,500.3571,0
389.3735,414.0991,0
355.5993,500.602,0
335.6706,403.0023,0
358.9736,456.884,0
342.1279,478.7991,0
354.1953,531.7295,0
364.2621,424.6775,0
392.3579,529.0386,0
340.5867,409.6014,0
371.254,513.9182,0
329.6672,558.5471,0
357.5291,451.4187,0
370.1011,451.1989,0
323.3102,502.0722,0
321.6512,481.0115,0
369.3973,421.5216,0
346.361,483.6587,0
336.0073,500.1923,0
328.5709,435.1874,0
374.9142,468.2531,0
375.4236,474.7118,0
381.5746,434.1956,0
322.8145,448.5914,0
351.9628,529.441,0
341.4991,520.0083,0
310.9591,502.4236,0
318.7626,481.5193,0
338.7151,419.6747,0
325.2832,512.1588,0
408.5689,425.5121,0
378.4168,507.6379,0
364.939,437.8894,0
334.6335,399.4178,0
341.5121,489.7135,0
375.8392,407.2587,0
333.1041,486.7932,0
322.7142,509.6008,0
364.4222,486.6833,0
356.081,479.5017,0
380.754,448.1998,0
348.365,469.3259,0
410.418,437.3749,0
359.7392,391.632,0
357.1879,496.7042,0
374.8681,478.8025,0
335.1358,444.83,0
317.3112,431.1202,0
372.6362,460.8115,0
358.4926,529.7894,0
335.9233,450.8734,0
294.2737,518.2393,0
358.9342,491.2245,0
393.2751,466.4626,0
351.1674,490.7982,0
351.6824,493.3923,0
369.7167,454.1945,0
352.1546,451.3422,0
332.0126,490.4218,0
346.9858,433.3984,0
401.5824,475.6453,0
369.982,385.6484,0
329.3452,455.4554,0
364.997,427.5665,0
338.8819,442.4114,0
379.445,430.5406,0
311.9038,413.8783,0
335.0482,526.9977,0
379.5913,503.5863,0
409.3812,409.9505,0
323.5575,455.2046,0
337.5815,488.0504,0
354.0495,499.4948,0
355.1558,488.2053,0
376.0999,555.9459,0
396.7824,482.7197,0
288.4514,469.8049,0
343.7498,515.6885,0
383.7866,422.3425,0
367.6902,512.4,0
333.3568,467.8656,0
375.8863,495.2954,0
318.7975,440.5546,0
351.2416,420.7847,0
338.6943,488.9666,0
351.4801,472.5583,0
324.8512,487.1592,0
380.5426,518.7467,0
327.7816,463.8575,0
296.366,485.7375,0
338.5728,485.9132,0
350.9627,521.3181,0
350.5642,452.0292,0
387.2217,429.8092,0
301.2686,456.6037,0
341.5256,502.8358,0
375.1083,450.5093,0
329.7487,449.0955,0
344.0348,506.4237,0
392.309,452.2623,0
376.9792,357.6461,0
345.7336,483.1352,0
374.7295,469.9286,0
358.4932,494.4148,0
382.16,416.0688,0
348.9167,391.0665,0
364.2992,398.5404,0
363.4875,451.9915,0
359.9359,479.0435,0
319.6667,467.5385,0
358.1924,472.9206,0
360.6531,488.936,0
385.2907,434.8638,0
344.3738,542.7588,0
340.4446,402.6386,0
367.6826,485.5067,0
382.8588,518.8253,0
344.4417,461.339,0
374.7527,454.2511,0
340.0035,457.4921,0
392.5613,448.5183,0
333.2736,506.0613,0
324.9394,463.8644,0
378.2279,448.2629,0
347.6932,437.9576,0
340.6445,408.318,0
378.6542,431.8469,0
291.039,450.0348,0
382.2569,432.0005,0
325.0208,480.1665,0
337.1204,436.5067,0
387.4948,444.7422,0
371.469,454.1231,0
371.6138,450.9799,0
401.6505,435.9971,0
354.602,508.7842,0
362.1497,442.9035,0
379.4639,480.6617,0
344.581,481.8362,0
382.0039,433.92,0
360.8607,443.8549,0
336.8071,501.6595,0
343.3044,422.579,0
363.5259,398.1787,0
370.6143,508.5851,0
340.8289,477.7328,0
344.5264,441.3978,0
328.0081,543.0572,0
310.1478,542.3923,0
347.1812,462.8094,0
343.4262,455.2823,0
378.5914,505.2225,0
372.9085,473.118,0
358.8828,472.1163,0
344.9234,459.0241,0
340.7305,397.4656,0
371.5935,459.9828,0
330.0331,497.1436,0
356.9978,484.9637,0
337.6786,406.3151,0
346.0777,499.1336,0
380.6128,448.2346,0
358.8665,445.0742,0
363.7138,432.7098,0
324.4226,472.8865,0
358.0468,477.533,0
332.7127,470.3352,0
363.8335,544.1613,0
388.3023,402.9488,0
350.4825,484.0089,0
367.1991,467.8815,0
330.4847,511.8387,0
367.4933,489.6559,0
368.6617,419.3838,0
373.0438,456.2946,0
376.2509,461.7711,0
370.3858,459.535,0
381.7023,508.2516,0
357.9729,431.2458,0
383.3762,458.6214,0
383.1802,457.7295,0
366.7974,515.7805,0
343.3964,451.4844,0
356.4794,480.9418,0
336.879,429.9374,0
343.2319,483.1192,0
335.2154,513.3433,0
318.5599,523.6042,0
317.5472,502.2514,0
330.5471,524.009,0
380.8329,438.9333,0
394.9369,439.6873,0
336.0244,421.7568,0
331.7839,403.2903,0
369.0565,417.7872,0
353.9613,475.7662,0
375.3217,447.7142,0
341.4774,482.4617,0
333.1645,507.3292,0
373.5932,447.7935,0
399.0475,498.4864,0
384.384,479.1058,0
375.8914,450.5921,0
336.1564,456.7603,0
330.4708,519.3743,0
358.0606,428.3957,0
322.0499,474.0084,0
371.6914,407.9429,0
357.7191,448.9028,0
374.7465,425.759,0
327.1903,479.6921,0
342.332,512.972,0
349.5278,512.2683,0
346.1681,479.2846,0
346.6441,422.178,0
346.2935,509.1013,0
359.2657,441.433,0
403.8221,479.5141,0
340.4885,388.9294,0
358.8586,479.2565,0
383.6064,431.8063,0
336.0393,513.4216,0
394.5409,436.3056,0
347.6218,465.9052,0
355.2507,469.026,0
320.2972,506.9494,0
388.1984,383.0647,0
378.439,465.3903,0
347.0732,470.5354,0
322.6883,496.8961,0
363.1492,474.5198,0
378.8115,482.068,0
337.9795,399.1011,0
337.7839,417.3671,0
320.987,419.919,0
321.4199,468.8765,0
394.8641,415.033,0
328.4052,456.1733,0
336.5912,453.1852,0
386.4747,429.7975,0
294.6955,412.6248,0
355.506,452.7441,0
383.5133,429.5242,0
407.4572,498.135,0
334.1808,452.0016,0
334.2482,463.0234,0
381.8345,445.4756,0
342.0756,489.3545,0
342.3543,458.4944,0
325.8002,467.337,0
336.3587,430.9901,0
360.359,411.1497,0
343.8181,428.7055,0
352.0389,453.236,0
348.8378,502.4649,0
319.1667,542.7228,0
337.5973,515.584,0
388.0549,447.5859,0
352.5688,484.1158,0
379.9135,427.4966,0
359.3729,421.5203,0
356.049,460.9153,0
333.5865,450.3838,0
376.6471,441.306,0
379.3104,451.2484,0
372.104,428.0555,0
356.1568,462.5724,0
350.3355,453.8622,0
356.6413,420.0092,0
368.2351,411.7952,0
381.2857,438.5878,0
360.979,481.1403,0
384.8414,450.4463,0
304.6963,484.2916,0
350.1678,408.1125,0
374.1854,450.4359,0
338.9786,452.5167,0
345.3788,444.2872,0
362.0947,502.6286,0
371.649,448.7053,0
371.0388,467.7314,0
361.7087,473.2484,0
328.3755,439.7493,0
362.8676,455.8466,0
335.4751,465.1624,0
346.9584,520.1599,0
350.3625,481.6014,0
328.0992,476.0886,0
354.9851,462.9897,0
381.6016,475.5112,0
355.8801,457.8659,0
346.0874,430.2298,0
355.4184,548.3372,0
332.6796,436.8051,0
334.4752,496.9613,0
388.7734,402.6942,0
368.3901,402.7897,0
349.3771,458.1356,0
354.8756,425.4593,0
338.1038,445.9611,0
339.8084,473.1476,0
402.4169,457.791,0
356.0159,458.0403,0
379.0721,457.4706,0
309.9253,496.2672,0
308.2721,436.8922,0
339.0248,502.3705,0
345.7166,469.7255,0
372.621,496.9175,0
357.6252,495.4815,0
383.4351,443.1964,0
351.606,498.3779,0
367.0916,455.6132,0
353.7793,404.9658,0
347.6552,526.882,0
302.3193,471.0925,0
346.3299,432.3969,0
333.7363,506.5312,0
363.6821,434.669,0
378.6655,463.0857,0
384.7758,453.6197,0
342.7126,545.2463,0
371.9057,436.6539,0
390.8682,484.7569,0
328.8341,545.3351,0
310.2232,495.5065,0
375.8407,433.6945,0
335.0955,466.8862,0
432.3479,489.5812,0
332.6257,453.972,0
336.9526,431.6253,0
359.2104,454.2011,0
348.3574,461.7667,0
359.687,521.0157,0
337.972,410.0433,0
329.9534,432.2054,0
390.87,425.1583,0
375.3392,474.0298,0
348.0375,501.3522,0
381.2106,441.9537,0
386.7635,478.6334,0
392.3246,463.794,0
385.9044,432.1007,0
331.5991,431.4572,0
358.717,460.6016,0
357.3557,485.1158,0
329.5594,454.8725,0
373.8061,432.4036,0
369.4457,496.5447,0
345.5495,440.8003,0
308.397,525.6938,0
345.4546,470.8875,0
370.6241,486.1199,0
337.2099,441.5334,0
314.6998,497.1391,0
292.4164,496.8242,0
373.4543,419.5537,0
340.6602,442.0044,0
348.7761,419.8687,0
383.5048,422.1287,0
362.4296,421.2104,0
353.954,490.795,0
324.8456,479.6609,0
419.4069,432.1287,0
359.1098,438.2662,0
401.3978,483.3424,0
321.351,457.6714,0
390.0574,469.2598,0
380.55,493.3774,0
360.8386,438.7723,0
388.6136,463.3887,0
388.7992,438.4337,0
335.099,462.3168,0
359.7946,438.5492,0
355.0388,412.9439,0
350.7726,413.0018,0
307.1978,437.3467,0
351.8417,449.1577,0
364.0012,461.6187,0
369.149,497.7987,0
347.4326,427.9525,0
352.1994,473.7946,0
401.3008,412.5325,0
361.2024,466.864,0
398.9183,470.65,0
389.015,403.4568,0
344.4897,496.7393,0
336.4063,465.872,0
331.8629,424.5056,0
336.3447,504.1501,0
349.157,420.2251,0
362.8516,489.6823,0
361.7158,482.2767,0
346.715,502.5699,0
343.6048,500.1014,0
336.5045,457.1718,0
335.0604,368.6864,0
329.5718,423.6367,0
328.9371,459.0908,0
335.6682,434.7283,0
359.3882,480.6419,0
358.6873,380.8959,0
350.9705,415.0892,0
373.7913,400.5614,0
343.6664,426.7756,0
358.6776,451.2534,0
376.2548,452.6414,0
339.617,510.6964,0
341.8397,455.6547,0
363.9639,441.5043,0
339.4424,520.8268,0
350.3638,411.7853,0
349.9592,477.114,0
370.3619,457.4888,0
339.8207,491.0936,0
388.0364,389.0453,0
305.5112,542.864,0
337.4665,393.7659,0
336.3232,454.9536,0
360.8711,444.029,0
335.2706,526.8586,0
330.1202,495.863,0
355.5417,459.8198,0
384.6745,460.2006,0
335.6402,454.8988,0
328.5909,447.6849,0
364.6393,435.3932,0
361.5497,542.3,0
340.4442,499.7341,0
332.8876,469.4967,0
317.2048,546.8618,0
358.3667,494.3556,0
355.2061,451.9722,0
395.1759,474.5638,0
368.3962,419.5516,0
357.4327,479.3867,0
415.4888,404.094,0
416.2294,523.1697,0
345.7741,505.1253,0
368.7613,458.779,0
341.9177,481.536,0
393.839,486.0596,0
354.3059,454.1474,0
356.5849,432.3137,0
364.0488,508.3495,0
351.888,395.6415,0
321.423,458.3336,0
339.5239,405.7263,0
362.0876,527.088,0
352.9596,473.8611,0
340.0779,493.9335,0
337.0811,469.0031,0
377.1689,458.468,0
370.7687,482.2205,0
360.6236,459.8546,0
319.0429,456.6195,0
348.518,444.8381,0
338.2062,464.9307,0
403.6606,405.8914,0
334.9627,461.1661,0
342.4437,460.4266,0
331.6477,460.5459,0
311.2898,521.7294,0
381.4998,448.9989,0
347.2305,459.1492,0
340.5694,492.2856,0
351.312,468.149,0
319.3344,472.6442,0
327.3652,478.906,0
326.825,479.4559,0
355.8315,527.9441,0
355.6851,497.1253,0
337.592,485.7056,0
355.9012,447.1989,0
331.5095,487.2273,0
357.8681,437.2153,0
346.0068,436.677,0
375.226,432.762,0
338.3929,479.2107,0
407.0934,482.2479,0
356.6485,423.6564,0
330.9199,511.9423,0
327.7943,468.7529,0
306.2413,445.2112,0
347.6243,508.4814,0
343.5954,464.3957,0
336.091,480.7536,0
363.7501,430.1926,0
325.976,464.289,0
339.7737,499.572,0
371.2532,448.5886,0
327.4561,433.7653,0
294.3173,453.244,0
333.5941,449.5574,0
377.0563,465.2678,0
285.0988,496.3152,0
369.5127,479.629,0
387.2578,417.8077,0
299.9536,469.806,0
313.8364,423.7527,0
359.8296,506.7495,0
357.5497,483.4189,0
381.0499,395.1418,0
373.4677,471.866,0
319.0071,475.6026,0
377.5115,504.0061,0
315.4838,477.3582,0
352.855,419.4441,0
341.9539,434.7887,0
370.9227,469.5783,0
345.0314,435.4828,0
317.084,468.2475,0
326.8183,463.8374,0
344.8347,434.9005,0
296.7951,469.0248,0
362.8214,415.6073,0
385.4308,456.6807,0
333.1317,459.9465,0
340.2413,515.2676,0
343.9786,441.4521,0
342.361,467.9352,0
319.0767,526.4221,0
356.3848,519.3709,0
368.0901,408.7423,0
348.3706,469.4796,0
335.3915,463.3617,0
344.8501,477.6448,0
366.9554,470.2614,0
332.164,469.0271,0
334.0652,450.9354,0
374.8708,475.3257,0
364.5578,427.076,0
385.9734,490.5278,0
354.1491,459.4622,0
372.1365,461.0598,0
353.4631,410.7201,0
345.3297,448.5833,0
373.006,437.9439,0
306.3804,448.3162,0
360.7226,467.3738,0
352.498,486.8791,0
366.6412,456.3831,0
345.7382,440.961,0
313.169,486.7014,0
362.2473,472.3159,0
398.364,442.429,0
288.8542,461.0319,0
364.1487,429.2606,0
317.7108,465.9314,0
355.0855,442.3093,0
350.0522,512.4081,0
308.8876,491.7137,0
331.3568,464.1725,0
358.0835,453.0049,0
322.1819,550.1992,0
403.9152,481.766,0
273.8609,421.9813,0
409.3236,467.1166,0
348.3207,467.3339,0
366.6779,448.8888,0
381.4079,512.4938,0
366.2183,462.2299,0
319.9508,476.5986,0
308.1443,424.6627,0
350.2062,462.0086,0
346.387,487.2736,0
408.0165,449.5007,0
371.5046,429.742,0
333.8882,461.0308,0
350.1638,469.0777,0
385.7622,529.9095,0
356.3105,415.0777,0
365.2708,437.9637,0
326.94,442.9918,0
351.5854,474.3216,0
337.4327,435.1525,0
343.1724,509.7294,0
360.1492,458.5668,0
333.6307,444.0765,0
372.8793,450.4104,0
400.1675,441.209,0
397.2432,449.7125,0
382.5015,464.0539,0
342.3816,462.2891,0
403.6992,405.0686,0
366.7902,444.507,0
395.7334,492.2695,0
354.8513,495.5656,0
352.8514,519.2802,0
338.0303,398.488,0
364.9506,436.2407,0
332.4326,493.2546,0
355.1878,429.5282,0
396.6331,486.4028,0
328.6142,473.8833,0
372.5086,490.4359,0
330.2646,492.0202,0
325.1782,519.5513,0
365.8123,432.3082,0
334.4433,508.2562,0
351.6177,459.5191,0
377.1462,444.6586,0
339.3517,507.5399,0
356.6653,446.4149,0
356.563,419.2567,0
334.9905,435.688,0
319.894,418.814,0
416.4782,512.3646,0
373.9832,511.9554,0
364.4955,505.6591,0
368.5325,485.2316,0
316.2094,479.6179,0
343.5627,433.2557,0
328.3676,510.2216,0
363.58,371.7998,0
348.5269,475.8483,0
366.7371,397.232,0
331.7358,458.9401,0
332.6278,467.5021,0
392.6053,446.5225,0
340.6227,476.7379,0
306.042,436.2021,0
366.8636,393.207,0
347.3494,424.2996,0
366.5403,457.3057,0
380.8039,458.3644,0
325.3432,513.0276,0
390.8901,429.6553,0
339.2054,469.4532,0
372.8846,453.348,0
345.4751,504.4894,0
375.4355,501.2924,0
343.1946,458.6808,0
316.4752,439.2959,0
363.8929,468.8943,0
307.4399,470.5425,0
356.6038,480.8973,0
349.5639,453.6484,0
393.1797,494.6735,0
379.2907,447.6729,0
346.0811,489.7928,0
343.5277,453.9191,0
370.1809,459.5928,0
285.2469,436.0623,0
310.0888,457.0275,0
325.7495,463.8268,0
360.6016,471.1031,0
343.1458,492.7474,0
317.9326,495.1548,0
344.1748,462.0974,0
331.4497,441.3456,0
371.385,497.135,0
364.5952,404.1566,0
355.4799,454.9158,0
359.5426,428.6814,0
283.9048,480.7422,0
374.0202,456.9005,0
376.9079,498.3904,0
392.8885,433.128,0
336.3251,457.455,0
340.7935,488.677,0
345.8872,436.4617,0
319.1521,410.2065,0
373.6706,517.5126,0
365.2791,533.0049,0
269.0676,533.4078,0
371.4355,393.9081,0
388.1642,455.2139,0
359.9193,428.5653,0
325.3688,411.8801,0
327.9203,461.3022,0
366.4135,431.4414,0
328.9928,466.2097,0
333.1963,465.4609,0
365.5616,414.2601,0
320.0276,437.2186,0
343.7884,488.827,0
325.588,408.0115,0
388.4371,499.8416,0
325.3122,432.0845,0
360.7166,485.172,0
336.3517,494.3178,0
326.4836,450.6225,0
324.1835,432.5421,0
341.7701,429.6317,0
335.3541,461.5243,0
373.6092,416.1532,0
332.5595,458.851,0
352.9045,441.08,0
375.4983,442.2288,0
353.092,422.37,0
307.3453,489.8893,0
332.0255,494.4207,0
335.4928,481.1926,0
387.7477,465.7079,0
355.0916,491.8218,0
360.858,470.5172,0
327.9288,462.6319,0
380.6677,407.7416,0
381.4799,491.8433,0
348.1844,466.2613,0
343.3347,446.1323,0
316.8347,507.0717,0
379.1511,428.7392,0
387.2228,438.5608,0
377.0426,436.7957,0
382.2264,486.7942,0
314.9679,491.8495,0
348.4792,483.9359,0
324.3306,420.2544,0
306.5985,497.9652,0
363.1987,452.688,0
369.8228,446.3319,0
374.0908,508.1588,0
377.8926,447.8566,0
347.9022,457.8124,0
357.5432,438.6267,0
327.9066,491.2409,0
341.5641,413.1286,0
390.7972,446.3461,0
364.6089,459.612,0
347.6236,475.9457,0
376.1861,515.1788,0
322.4614,460.0415,0
338.405,437.215,0
337.1915,411.693,0
325.1985,477.6183,0
375.0733,472.3352,0
415.687,442.2166,0
351.3192,438.3702,0
387.8449,450.1951,0
394.2719,474.8653,0
334.9229,411.6054,0
307.1325,423.0908,0
337.8578,500.2757,0
362.3836,441.2594,0
325.3943,498.8315,0
348.7605,432.9685,0
310.6776,414.7288,0
326.493,413.6809,0
369.4103,462.6251,0
351.0177,510.1473,0
333.9784,412.8096,0
371.7212,448.6648,0
328.325,417.2998,0
347.3024,492.9928,0
316.9592,429.2618,0
354.432,467.6131,0
369.9318,423.4839,0
342.1321,445.8947,0
376.4548,420.5753,0
348.7014,454.824,0
397.2897,396.1288,0
398.265,460.6533,0
342.821,406.333,0
351.0393,469.7908,0
384.0668,509.6217,0
350.9748,522.0311,0
356.1937,500.3406,0
379.317,460.9024,0
331.9865,478.5855,0
357.5504,463.9017,0
337.1902,458.058,0
373.9915,423.0854,0
395.8472,466.8181,0
377.2137,460.4803,0
363.2774,491.179,0
386.6793,456.6118,0
312.9883,443.5572,0
328.3967,451.3362,0
366.3061,480.7959,0
335.3857,395.678,0
318.1749,464.6165,0
314.9637,532.4832,0
306.4473,465.7583,0
336.6207,420.8425,0
322.2261,465.6302,0
347.4209,481.0299,0
384.5104,442.994,0
400.6858,497.3173,0
387.8466,485.1133,0
324.5975,460.8782,0
352.188,430.1599,0
420.2666,448.8171,0
309.2386,442.3982,0
337.0551,475.0892,0
345.3118,489.9718,0
350.4962,403.9403,0
373.2584,428.3363,0
389.887,443.761,0
340.1091,459.7871,0
363.7286,529.2056,0
355.6652,445.9605,0
349.8731,394.0114,0
335.045,445.9389,0
347.0654,529.2243,0
358.7585,444.1746,0
353.1695,442.632,0
400.5188,489.6869,0
327.1678,467.6895,0
349.7403,535.9191,0
343.3049,401.2422,0
373.7991,430.5104,0
357.0295,517.3018,0
351.3328,436.5483,0
400.018,462.0648,0
366.1259,515.9816,0
381.9321,459.0332,0
372.4119,424.7532,0
336.7561,511.2855,0
351.7499,460.0507,0
304.0482,483.2216,0
331.9769,419.8967,0
295.0931,483.3564,0
382.6705,463.5566,0
342.2424,468.42,0
316.3098,475.0919,0
362.5395,443.4712,0
327.6797,469.028,0
332.657,491.6581,0
344.5969,440.0056,0
355.722,444.9454,0
398.194,417.0359,0
355.8899,489.8818,0
347.517,451.5087,0
350.4619,463.4209,0
334.1734,484.7158,0
337.3579,447.5968,0
315.4855,486.0311,0
398.0401,485.9358,0
376.1353,465.6544,0
347.4336,405.811,0
365.3261,428.6485,0
357.3736,480.1956,0
347.9353,477.0092,0
311.3649,407.6256,0
370.5306,486.3237,0
372.8135,445.4872,0
336.2802,413.6238,0
368.9377,444.0753,0
320.4409,432.6129,0
358.8159,418.9158,0
345.5423,424.6759,0
304.3503,472.0947,0
298.3611,459.9052,0
357.9847,445.5359,0
328.0496,406.877,0
362.2612,519.1461,0
374.074,473.2115,0
399.114,420.2594,0
377.1582,433.7575,0
386.0578,457.6404,0
338.2422,501.5734,0
356.2512,506.5597,0
329.7641,409.5135,0
381.0771,459.3357,0
372.4568,423.8194,0
316.23,477.2335,0
333.9325,491.5763,0
318.1277,425.8919,0
398.0167,497.3641,0
399.9109,399.4892,0
353.6072,490.0635,0
429.998,434.859,0
312.9713,429.5286,0
303.3042,464.9987,0
325.923,427.0617,0
350.2266,446.1282,0
352.7405,422.3892,0
360.3893,465.2177,0
354.385,490.3113,0
309.7039,507.8267,0
367.8255,500.5133,0
361.1201,416.307,0
325.3456,442.3374,0
365.8188,466.4379,0
325.2286,428.0303,0
336.0167,496.4769,0
326.7734,549.4369,0
340.8383,434.5679,0
369.2958,457.4043,0
344.1442,472.5833,0
367.1439,485.9614,0
361.6688,462.7544,0
357.3358,501.2399,0
325.9813,512.8198,0
351.705,444.4083,0
293.3063,481.5475,0
361.9054,390.3133,0
334.919,487.8733,0
334.1219,453.0768,0
361.9272,498.2184,0
400.5665,460.512,0
355.6846,501.0366,0
387.4621,448.4561,0
362.1908,445.4014,0
337.9716,483.3068,0
321.5842,431.7704,0
369.5921,439.0485,0
383.8783,455.0094,0
391.3904,457.2085,0
366.671,441.1561,0
353.9404,475.8984,0
333.9413,444.3804,0
313.1572,513.2654,0
356.5399,503.8703,0
357.0187,427.062,0
305.9598,434.0649,0
349.6935,421.2131,0
325.2001,483.8444,0
317.8539,501.0346,0
326.558,485.9415,0
366.3926,461.6324,0
342.7888,419.6953,0
362.7879,457.6543,0
358.0899,479.7749,0
324.6862,457.0285,0
378.8785,469.7617,0
369.7231,438.0121,0
350.4228,549.9897,0
334.8591,472.4386,0
353.8812,452.4582,0
381.6091,442.6361,0
340.5073,414.6799,0
390.4248,385.9385,0
369.6372,523.776,0
337.5441,469.323,0
340.5215,457.2704,0
320.8586,450.1987,0
382.2607,484.0416,0
311.5216,492.8989,0
360.6364,475.634,0
342.6267,529.701,0
396.5697,478.5874,0
338.3202,473.59,0
321.1862,548.3292,0
379.187,453.9852,0
362.3122,469.8914,0
337.5298,530.6688,0
323.8776,476.1753,0
351.9248,493.9742,0
356.1424,537.8023,0
342.3648,501.905,0
358.3292,366.3293,0
355.2793,411.0568,0
348.7849,452.1911,0
389.8467,429.6115,0
345.3814,448.0401,0
311.812,440.0694,0
372.212,439.6489,0
345.7979,460.615,0
337.1001,458.4691,0
367.9691,483.7158,0
354.2007,490.3996,0
349.8431,431.9012,0
313.1635,506.1579,0
373.3098,448.1169,0
316.3591,507.3558,0
344.2501,461.0905,0
370.167,484.0138,0
325.0225,453.7296,0
386.3694,464.6697,0
380.9053,464.9608,0
338.4091,476.7866,0
322.7307,513.8776,0
320.7976,447.9901,0
345.6223,493.864,0
335.5115,458.9509,0
391.4976,397.5558,0
329.0777,449.8593,0
302.4908,500.1997,0
379.9586,406.751,0
339.342,431.3211,0
366.787,409.0901,0
332.5037,521.5243,0
374.9922,465.1276,0
369.3974,493.4991,0
362.2544,436.4156,0
416.601,492.3885,0
373.9825,468.7743,0
361.0552,465.783,0
353.7302,478.1094,0
342.6483,429.0807,0
424.4882,463.6964,0
356.1748,460.6132,0
396.7283,420.7793,0
363.4911,431.9503,0
365.4749,468.6157,0
328.4067,479.6406,0
327.7164,452.5894,0
352.4243,537.688,0
336.0138,465.5766,0
315.0115,490.4509,0
420.5826,434.0537,0
324.7295,458.4893,0
365.9659,441.4627,0
360.2184,429.1391,0
371.392,495.8012,0
356.6987,455.4624,0
359.695,429.3693,0
324.3723,456.3444,0
359.1526,491.3188,0
352.2942,515.6295,0
323.2995,502.035,0
377.3608,363.6401,0
361.1819,486.2739,0
320.3429,510.1813,0
360.1199,404.0623,0
337.5463,479.3889,0
335.6629,473.2233,0
336.5341,420.0007,0
293.904,472.2383,0
334.6936,451.0816,0
379.0578,436.9478,0
398.2359,518.8871,0
320.6456,424.1115,0
346.1113,423.5592,0
357.3952,466.8042,0
378.3574,546.7621,0
335.4332,464.0649,0
396.8923,522.5806,0
336.5547,408.6105,0
339.6114,434.7486,0
370.899,456.0682,0
402.6844,447.7499,0
353.3341,434.712,0
364.2667,451.1864,0
438.1077,484.8494,0
385.866,498.8082,0
343.555,505.9294,0
363.423,462.0754,0
339.6853,455.6391,0
358.0715,434.9375,0
382.0281,461.8118,0
325.8799,446.2232,0
355.8717,403.4516,0
340.3978,514.5954,0
340.6501,445.6019,0
325.8065,477.5714,0
373.0343,532.8015,0
374.1611,469.8688,0
359.9601,417.1065,0
349.832,471.881,0
321.9658,474.8314,0
385.8815,442.6491,0
371.8289,496.3946,0
384.7436,435.8284,0
343.4885,407.5791,0
310.1769,488.7153,0
311.6734,483.3427,0
387.2748,462.46,0
345.0298,496.04,0
352.633,398.7051,0
335.1155,397.8903,0
372.263,426.8992,0
360.7684,461.2001,0
334.3572,452.0643,0
343.0844,474.5136,0
389.9462,466.8832,0
325.9371,467.0432,0
347.2197,499.8755,0
341.9587,467.2646,0
401.5025,386.2215,0
307.2341,484.2897,0
330.0351,439.4143,0
306.9139,510.1774,0
393.0107,440.707,0
357.0157,486.221,0
340.4384,500.1665,0
322.5203,485.7552,0
392.2784,449.7827,0
391.9983,471.9273,0
315.5324,403.9434,0
334.15,477.6678,0
378.4539,469.797,0
339.043,460.6075,0
379.0052,479.0116,0
332.5285,440.5089,0
336.6251,421.7274,0
364.1387,484.2774,0
352.8827,484.6901,0
370.6987,456.8698,0
353.3358,460.5894,0
356.3539,478.332,0
311.2049,448.8077,0
383.0111,515.403,0
336.8842,468.2138,0
332.5836,410.1763,0
342.7473,513.6323,0
398.2032,430.0093,0
310.8285,410.4702,0
344.5481,505.2567,0
359.1317,438.7497,0
319.0791,440.5493,0
339.6338,452.4685,0
369.1899,466.0662,0
339.6708,454.8773,0
348.0724,433.417,0
347.2006,537.2046,0
399.3644,432.0811,0
295.1641,500.7319,0
366.2777,470.6389,0
333.9094,417.5285,0
362.1105,476.9095,0
319.0389,545.2079,0
381.6143,432.5897,0
374.5739,446.2673,0
342.3272,477.5679,0
332.7319,468.6661,0
346.1361,447.9948,0
338.1486,543.8801,0
381.1135,398.2144,0
390.9457,463.5932,0
356.9771,442.7898,0
329.6319,526.3186,0
296.5257,573.5767,0
380.4321,490.1127,0
340.4818,477.6612,0
338.352,503.2187,0
386.6036,488.3898,0
374.8425,510.6101,0
353.9575,479.5327,0
347.816,428.4425,0
364.3575,517.4361,0
314.9053,446.998,0
363.033,460.8615,0
375.4787,378.8727,0
369.6092,410.5731,0
322.8027,471.4371,0
331.4315,473.2109,0
305.6155,480.2349,0
337.4923,480.7321,0
349.2768,449.62,0
384.4583,412.077,0
319.4608,441.5825,0
313.0767,496.2229,0
355.023,455.7204,0
325.1502,505.9053,0
385.5378,497.3824,0
305.6636,439.2873,0
320.4028,384.8272,0
332.6428,478.7959,0
344.0078,434.1911,0
357.7266,446.3305,0
337.483,394.5142,0
369.3472,433.9009,0
356.0374,481.3176,0
342.576,445.9688,0
358.7858,472.5144,0
372.9565,485.1866,0
322.6564,525.9425,0
312.9864,438.2023,0
343.0806,435.0483,0
399.0268,488.9594,0
341.4218,469.6578,0
345.4381,541.4463,0
324.9797,410.091,0
383.1227,432.8826,0
340.4151,468.7971,0
354.6646,381.5894,0
357.3141,436.2123,0
352.8841,433.8788,0
353.9549,447.9765,0
383.1964,503.512,0
348.6439,489.201,0
337.5206,470.1424,0
319.7562,479.0687,0
299.9981,456.0235,0
324.6543,432.6158,0
317.5865,534.5287,0
379.2112,454.6381,0
409.9246,407.3019,0
390.6857,449.2866,0
342.2283,562.2498,0
394.4553,461.7061,0
371.0734,466.2261,0
347.2623,510.0514,0
392.1916,496.7877,0
369.8031,471.0004,0
360.2682,498.5714,0
366.3762,456.6877,0
360.9221,456.6166,0
343.174,467.0765,0
310.2179,482.8968,0
377.9512,438.3089,0
361.09,465.6332,0
332.9716,462.8467,0
357.0759,436.4818,0
324.5998,528.2915,0
374.8046,547.6306,0
351.5451,441.7251,0
300.8489,501.2734,0
403.866,402.4929,0
357.8102,477.3396,0
372.6072,491.896,0
274.7842,507.5097,0
338.1781,476.509,0
369.8973,509.4297,0
365.7518,387.1083,0
365.2498,455.0999,0
367.1465,486.2426,0
363.3542,513.1053,0
340.1205,480.314,0
380.8894,406.0699,0
348.9822,410.3617,0
324.5448,476.3005,0
307.3443,452.2272,0
365.2309,516.0753,0
352.0563,466.9751,0
357.8748,428.9245,0
273.6478,489.019,0
372.3809,429.3901,0
325.9802,488.7874,0
358.7915,444.1505,0
340.7161,479.1147,0
355.1959,485.4037,0
344.0627,508.5765,0
392.0544,508.9373,0
332.7135,451.431,0
382.1237,422.3108,0
369.5651,464.7586,0
307.9661,502.2173,0
402.035,481.8105,0
356.9377,485.8578,0
404.5792,463.2256,0
344.8606,444.3045,0
368.4943,446.3256,0
373.5396,424.021,0
374.5687,405.5317,0
333.2825,452.3098,0
368.119,440.3397,0
365.2651,470.6203,0
350.8091,495.2021,0
354.5004,466.4379,0
394.2672,511.2525,0
342.8413,471.3318,0
284.8502,487.9821,0
310.3295,465.2985,0
321.8656,513.1748,0
322.1014,442.2956,0
326.5792,531.6243,0
317.27,499.9898,0
377.1251,486.8852,0
350.9704,477.7561,0
345.5725,471.173,0
362.7525,412.3991,0
338.0546,470.3316,0
300.6444,475.2526,0
328.3353,472.1978,0
382.4099,481.4774,0
313.9835,509.698,0
359.2818,411.9993,0
375.6285,441.8871,0
364.473,458.9017,0
349.9299,478.5946,0
366.9862,455.5908,0
356.9753,486.9832,0
380.4655,476.0333,0
316.3475,537.5062,0
337.7893,453.2903,0
317.0635,467.5092,0
264.8377,503.5163,0
330.1094,445.5948,0
326.7286,410.3434,0
293.6376,438.7424,0
348.1761,432.6875,0
359.8265,511.9624,0
331.0253,445.9673,0
353.8485,478.8013,0
364.5808,424.8183,0
333.4239,529.6864,0
343.4248,510.1641,0
364.006,480.0873,0
329.5628,449.2579,0
341.3893,460.1467,0
350.4056,465.0412,0
365.9242,410.4904,0
347.0309,456.2877,0
326.1918,451.9879,0
377.0198,470.2521,0
359.9694,438.9215,0
346.1552,484.2267,0
347.3973,510.7788,0
334.7481,462.6487,0
334.0327,439.1566,0
339.8886,454.3008,0
338.2121,418.0167,0
327.6674,463.2752,0
331.4241,492.7311,0
370.2123,490.5215,0
339.3134,459.7617,0
303.8435,444.9301,0
354.162,478.6868,0
398.4085,491.5898,0
354.3452,488.0033,0
349.0235,494.0739,0
381.7591,456.4809,0
355.4351,439.0656,0
340.9915,474.7164,0
348.9442,435.9545,0
363.2483,393.7753,0
361.9748,463.6186,0
373.8612,432.8645,0
301.9486,539.8969,0
390.5688,418.6375,0
382.886,473.9185,0
356.6982,451.2157,0
354.915,410.1976,0
345.9521,492.433,0
350.5989,425.3246,0
314.5192,448.225,0
336.6141,385.3679,0
353.244,518.183,0
337.4871,457.407,0
301.0964,465.9103,0
336.3006,443.9628,0
318.2229,437.9892,0
298.2957,471.1197,0
383.29,406.8827,0
336.8941,461.0884,0
346.829,452.3818,0
309.6127,501.9905,0
381.5585,449.1319,0
352.1984,462.9817,0
311.8226,422.6574,0
331.2687,474.7815,0
383.1761,401.6742,0
323.7198,452.9763,0
319.9732,502.3079,0
350.0131,491.0651,0
379.3747,390.1384,0
357.8835,474.4373,0
297.0582,460.4913,0
351.9233,455.8613,0
356.2628,472.889,0
305.2668,501.7236,0
324.707,425.1735,0
349.5578,438.4973,0
314.0072,485.3158,0
341.1222,490.3428,0
360.0507,437.6603,0
355.7641,506.179,0
320.8876,468.2039,0
329.0372,461.8646,0
349.916,418.7901,0
331.3806,474.0209,0
355.7149,452.46,0
380.6773,502.756,0
362.1581,443.7495,0
354.2404,467.5138,0
339.3308,440.4794,0
293.0074,452.1102,0
400.6873,378.0052,0
306.4531,462.1666,0
367.7481,499.5513,0
317.2436,468.6366,0
343.1312,495.6378,0
312.9771,472.9438,0
349.8679,438.3901,0
370.6619,408.6893,0
346.0969,477.7617,0
376.7368,426.9071,0
364.113,512.6913,0
347.1718,512.0519,0
343.6622,479.0967,0
350.6421,411.7618,0
349.3507,456.7398,0
328.5858,430.585,0
370.2371,465.5119,0
329.4225,482.1941,0
356.164,431.7409,0
356.0902,561.9036,0
370.2188,513.9111,0
341.4893,491.1181,0
362.7316,438.547,0
405.9554,401.0774,0
363.9743,419.5394,0
331.917,472.4688,0
332.6794,430.9874,0
379.8125,494.9725,0
349.5316,522.876,0
382.3605,471.5438,0
339.8739,450.6774,0
339.138,459.88,0
321.9901,429.0779,0
338.4614,439.4295,0
311.9893,439.1749,0
351.0385,436.8811,0
378.78,437.7134,0
334.4222,436.7686,0
388.2218,427.7213,0
331.601,480.3441,0
340.1443,437.9366,0
346.5203,489.5212,0
345.3534,490.3721,0
323.1593,464.3071,0
365.0856,405.2673,0
357.5143,477.7712,0
351.4325,506.5233,0
331.336,485.8714,0
364.0798,389.3523,0
311.6197,508.111,0
337.9592,569.073,0
353.6904,447.0567,0
388.084,477.0259,0
369.7241,500.5234,0
354.7887,474.9202,0
397.3342,483.6878,0
350.7711,464.1335,0
413.5103,431.1828,0
347.0791,415.286,0
326.224,435.8746,0
368.7875,490.6973,0
298.3635,468.7868,0
385.863,473.3538,0
376.2988,490.8862,0
329.5989,421.0841,0
360.9448,514.1383,0
305.1963,445.8539,0
347.8904,503.816,0
384.9711,406.5538,0
344.9314,494.617,0
372.3768,492.9409,0
353.4806,481.2858,0
357.3811,470.6266,0
342.9053,501.041,0
373.4766,470.0468,0
399.8848,452.8207,0
385.4713,488.7001,0
347.2922,374.076,0
338.4177,463.3159,0
313.5738,475.9504,0
416.8066,446.1567,0
342.1,413.2841,0
315.1981,425.6426,0
326.0076,473.7621,0
348.7858,476.9073,0
388.9139,517.072,0
331.9001,479.5498,0
344.2593,446.3633,0
357.2699,428.8742,0
380.518,487.2562,0
335.1712,432.6826,0
327.0794,461.0153,0
317.2442,508.031,0
334.147,434.76,0
352.3157,441.6434,0
341.4697,478.3861,0
330.0373,438.1304,0
319.7362,468.4689,0
325.7233,477.0249,0
332.5226,426.3845,0
374.751,502.3792,0
358.5392,474.0695,0
344.2707,490.1058,0
329.8644,458.4296,0
365.5456,419.1581,0
387.2963,437.1919,0
326.6137,514.5741,0
330.4022,493.3924,0
348.4249,476.8013,0
383.5559,446.7654,0
348.5546,423.3205,0
344.288,434.9673,0
371.1365,458.5549,0
358.8723,514.2947,0
296.5851,457.2917,0
350.0794,458.2368,0
287.5687,439.6808,0
338.6834,505.8572,0
362.1814,499.7682,0
368.9543,450.1639,0
337.103,431.2246,0
349.5898,486.1256,0
303.7321,462.3116,0
342.7883,494.5712,0
319.7516,475.3568,0
351.582,410.3375,0
342.8395,448.113,0
330.1042,498.0668,0
356.3394,466.2018,0
326.1544,483.6365,0
322.8824,384.6913,0
345.9455,505.392,0
346.502,401.4113,0
381.2899,444.4911,0
354.1182,395.4351,0
377.9858,441.2019,0
361.0941,477.4972,0
361.3493,432.6981,0
383.1765,454.1817,0
374.739,410.1017,0
312.3807,476.4995,0
342.1414,378.3776,0
357.9514,435.6985,0
363.4535,445.6813,0
419.2637,385.5005,0
339.6887,456.6221,0
306.3596,447.2109,0
390.996,454.0491,0
401.6653,508.4712,0
363.9318,415.1996,0
347.6812,466.6908,0
349.2696,475.6086,0
286.5602,502.1084,0
384.7436,439.399,0
276.063,489.5122,0
367.9956,437.0922,0
330.8606,508.8492,0
383.5549,522.7873,0
329.027,444.4319,0
377.8531,452.9438,0
333.35,499.8944,0
343.9058,391.5904,0
340.3619,435.2968,0
345.183,486.7226,0
359.4864,412.0861,0
320.9069,453.6744,0
331.3755,504.8987,0
385.077,400.9369,0
345.9744,508.2899,0
348.7592,482.4432,0
331.3576,503.5235,0
352.4966,382.8492,0
408.554,513.818,0
303.264,490.105,0
383.1069,449.2587,0
307.5691,453.5747,0
376.4844,467.1699,0
357.5872,432.7334,0
328.2481,448.7407,0
314.2291,445.7282,0
411.5703,518.0026,0
344.22,465.6651,0
380.0151,476.1261,0
330.7314,463.3122,0
320.4099,476.9317,0
332.4534,467.571,0
381.9168,428.5108,0
357.6296,440.7042,0
361.4664,494.4176,0
372.852,410.5603,0
346.7251,419.2816,0
333.8855,439.8147,0
373.5221,472.5446,0
361.6303,504.7646,0
333.3326,467.9258,0
335.745,426.3104,0
311.4342,419.9218,0
336.2051,446.9274,0
380.8685,432.1793,0
325.9171,495.2261,0
320.164,473.0371,0
313.5769,444.6887,0
346.2394,438.8514,0
345.8731,383.9642,0
351.0028,441.4874,0
288.114,519.6337,0
315.5988,425.7488,0
351.63,490.2846,0
343.4259,443.6946,0
399.0643,459.5625,0
361.2253,466.6907,0
347.2157,418.0859,0
327.8163,406.5734,0
350.3335,507.244,0
314.8387,471.5095,0
375.5347,476.3434,0
365.7473,440.5574,0
387.2897,434.7442,0
329.5602,431.7429,0
356.7401,469.7845,0
361.5159,476.709,0
330.0975,524.0568,0
316.1445,507.9305,0
317.7132,508.844,0
320.6918,501.2822,0
345.9969,427.535,0
345.7103,401.5563,0
339.9633,475.1179,0
374.2689,386.2831,0
335.2246,431.228,0
359.1163,509.8188,0
369.5023,494.5307,0
357.7952,442.216,0
333.4673,446.7229,0
351.8255,447.8123,0
347.8441,556.4806,0
332.7225,447.1814,0
352.4107,519.5856,0
388.9326,470.9006,0
320.8076,519.0542,0
354.079,435.0215,0
392.8474,438.0428,0
311.4438,505.9287,0
360.8358,524.1978,0
346.4713,506.0653,0
330.3036,493.2365,0
388.1993,465.7618,0
346.4566,438.972,0
367.3904,434.0183,0
362.3484,470.9611,0
325.7074,519.6233,0
356.04,445.5795,0
354.8486,413.8351,0
334.894,490.8505,0
342.0526,482.205,0
397.9492,432.9835,0
388.6121,429.1826,0
299.3746,413.6528,0
377.7538,462.2339,0
346.6004,462.3746,0
330.0712,470.6505,0
343.6247,411.0237,0
376.7225,470.9402,0
370.283,392.136,0
391.1333,432.4078,0
352.8475,402.5418,0
341.1873,542.0353,0
329.0656,439.3826,0
342.0191,485.05,0
388.8762,437.4435,0
325.7874,445.7288,0
326.633,453.499,0
338.9591,439.1395,0
302.0458,475.1552,0
309.119,457.8499,0
370.0826,428.5961,0
318.5187,415.5906,0
385.8584,435.1996,0
350.7256,467.5526,0
375.1238,380.0402,0
294.1082,508.2125,0
364.9194,478.7542,0
402.5767,506.721,0
354.9819,481.0037,0
320.7604,526.2632,0
353.5247,487.2053,0
412.1296,438.7165,0
375.6694,499.8134,0
306.3448,381.4601,0
314.6415,504.3098,0
345.8751,450.7522,0
342.2637,392.8312,0
394.2736,410.8392,0
399.7017,445.9093,0
357.1875,485.3314,0
352.2485,424.9183,0
359.1665,481.8452,0
350.9243,389.2881,0
337.4706,426.3565,0
376.1407,448.1755,0
380.2931,459.5893,0
327.8505,478.6064,0
328.7303,510.3474,0
386.8093,461.6707,0
329.4009,487.2244,0
376.1599,400.9325,0
370.6421,440.2604,0
391.8673,465.2736,0
374.4443,497.4963,0
338.7516,533.3893,0
333.4069,396.5504,0
324.8904,428.5672,0
363.4414,503.0812,0
375.3264,453.3197,0
341.9558,514.9551,0
366.2401,448.1865,0
356.2656,459.9809,0
306.9582,491.4966,0
327.6539,408.0227,0
378.7779,482.1091,0
412.1468,504.4944,0
300.6667,448.6678,0
366.1064,408.5009,0
324.5262,543.171,0
393.8087,487.0019,0
319.7932,487.752,0
343.2192,461.9456,0
357.3018,525.0601,0
362.6546,429.6793,0
347.2656,450.5078,0
310.4023,479.3986,0
378.9222,480.9098,0
351.3394,450.0952,0
339.9312,477.2961,0
321.7589,495.2031,0
364.5653,494.9023,0
381.0801,478.3247,0
350.5825,463.5568,0
377.5328,481.9194,0
362.2943,443.1391,0
346.7575,475.1542,0
334.3845,508.6212,0
304.4197,471.2726,0
334.4547,477.5361,0
344.031,489.5091,0
319.6558,506.5926,0
317.6103,475.6946,0
356.8278,510.8777,0
375.6898,461.9161,0
338.7679,454.0038,0
316.6953,476.2928,0
375.886,485.1967,0
393.6308,478.1429,0
359.8417,422.9589,0
330.9919,482.0109,0
340.1428,482.7987,0
343.1432,520.6975,0
360.6899,490.0605,0
288.5703,440.66,0
340.414,496.2672,0
322.1266,444.4435,0
341.1094,476.6741,0
389.571,522.6863,0
373.7512,429.4741,0
365.3525,500.448,0
372.3383,424.5441,0
363.681,457.2943,0
338.2092,444.3597,0
348.036,497.3079,0
311.7805,452.0711,0
348.3025,503.437,0
375.7499,447.3324,0
358.4162,468.9921,0
408.4199,449.882,0
379.8505,442.7907,0
379.4902,422.6954,0
381.306,417.4003,0
400.9214,576.8442,0
369.0379,454.7302,0
343.1096,452.9562,0
361.9434,437.5588,0
325.7749,472.3699,0
347.1045,483.4983,0
393.5657,397.2474,0
346.4957,400.6022,0
359.3019,473.345,0
340.8649,460.7758,0
367.8146,411.2319,0
345.6564,440.9791,0
359.1299,438.9949,0
347.943,444.9635,0
361.7847,442.2451,0
330.3903,455.3385,0
409.5285,433.8361,0
352.9792,495.0605,0
338.2363,417.9753,0
382.3834,436.504,0
386.0618,448.0394,0
333.8835,437.5117,0
331.2872,453.7643,0
324.8302,477.4578,0
325.1398,428.9823,0
347.8428,493.9813,0
327.9299,441.0657,0
406.2868,423.4851,0
353.0821,480.5328,0
348.48,473.7411,0
327.1602,437.5422,0
354.2625,456.1988,0
357.8532,452.3994,0
323.4636,471.5877,0
341.4578,541.1925,0
342.9774,492.6965,0
347.5649,449.1395,0
377.7705,434.2133,0
334.587,488.4626,0
362.5843,489.1183,0
372.0265,481.1682,0
368.3298,421.6941,0
383.6398,460.1156,0
392.2458,429.742,0
367.5829,467.8135,0
355.4176,533.8073,0
342.6086,377.0209,0
391.8528,465.1376,0
385.8644,505.3292,0
350.1457,513.7338,0
331.6668,464.2863,0
366.906,481.597,0
380.9538,405.9516,0
349.1356,419.6625,0
299.9433,448.748,0
328.4692,430.2401,0
347.3931,479.5616,0
305.04,452.5491,0
373.9084,432.4619,0
391.7148,439.0756,0
337.4965,441.297,0
387.9828,474.5689,0
343.8056,452.9325,0
328.2053,461.868,0
339.1365,454.8297,0
343.0446,381.0076,0
330.4762,508.5983,0
360.8928,441.588,0
362.4858,466.6076,0
335.96,446.887,0
331.9156,477.0573,0
325.6844,467.2565,0
364.6047,448.2196,0
360.8737,439.1649,0
318.9691,452.9286,0
368.4604,444.4671,0
436.034,570.0337,0
370.4718,437.891,0
393.9046,432.9425,0
355.3506,484.3146,0
352.0704,506.9203,0
326.7859,476.4849,0
366.7933,438.315,0
392.7007,432.5605,0
357.7258,469.047,0
397.0335,436.4053,0
339.6469,475.6438,0
337.2751,389.4415,0
347.0951,457.0959,0
380.949,420.1658,0
370.3539,405.5862,0
363.4144,469.2026,0
371.4434,440.4217,0
352.9136,427.2789,0
347.9588,459.3259,0
338.4915,461.0062,0
334.0087,513.9791,0
342.5392,445.8328,0
334.1127,445.6611,0
353.3451,499.2299,0
364.6591,470.4405,0
353.2608,449.757,0
430.2556,398.0915,0
360.5476,457.8171,0
375.6544,472.8948,0
365.3135,478.8941,0
363.2642,423.4066,0
353.0952,474.682,0
357.9547,469.933,0
390.0118,468.3064,0
391.8142,413.5824,0
326.5715,480.0975,0
360.6922,461.314,0
395.9733,438.4124,0
370.0609,467.3422,0
360.272,446.4702,0
378.8961,501.6119,0
364.2855,408.5006,0
391.7406,428.8131,0
367.5016,443.0229,0
323.0218,522.6317,0
360.1896,432.6242,0
384.2719,509.1723,0
352.9007,463.4738,0
343.368,439.1251,0
348.4575,477.4679,0
328.5041,489.9189,0
342.2488,508.1569,0
360.1554,495.7421,0
359.3939,478.9719,0
366.4032,431.5115,0
369.0307,483.3553,0
291.6465,474.4135,0
343.7615,517.9791,0
342.7459,411.5262,0
367.6882,460.8215,0
367.9636,447.3564,0
328.1445,457.2225,0
338.8014,454.6875,0
376.716,396.3821,0
398.7815,418.6808,0
366.9854,453.8695,0
352.2578,471.8569,0
320.7752,453.2646,0
331.6133,426.3901,0
334.856,396.4603,0
319.7954,493.9182,0
368.9814,484.9035,0
354.389,434.8276,0
388.2246,442.1363,0
320.8129,410.7464,0
360.9129,501.8763,0
330.0296,461.9243,0
319.5925,432.3435,0
330.4207,452.1389,0
321.4051,481.1756,0
351.3213,500.3763,0
372.8617,503.8935,0
358.6288,436.7954,0
345.663,442.9462,0
367.7573,470.8433,0
372.6967,429.1405,0
348.5364,478.0168,0
351.6251,456.6704,0
359.9719,477.4793,0
378.3628,435.9103,0
315.9926,418.575,0
284.3873,441.9114,0
356.9662,442.0719,0
386.3734,471.5759,0
379.2609,521.2589,0
392.6672,429.7462,0
369.2063,464.9513,0
339.0235,463.5325,0
355.402,461.2469,0
356.5348,444.6174,0
332.9078,499.1371,0
348.5235,478.1834,0
319.2437,404.7944,0
322.9618,466.874,0
357.2122,412.3175,0
352.9365,523.991,0
356.9442,441.8975,0
333.6882,501.9227,0
340.0155,487.6569,0
371.1081,432.5234,0
362.7479,436.9731,0
365.7904,447.8324,0
367.7479,439.1478,0
336.7424,468.3375,0
383.7917,498.7427,0
315.4971,489.6437,0
331.3722,447.8483,0
358.8737,419.0306,0
334.0184,458.0384,0
299.6339,447.2929,0
324.1738,450.8697,0
351.749,448.3501,0
373.3998,434.8331,0
313.2582,487.0331,0
355.7616,384.7938,0
389.0613,480.6631,0
393.8889,467.2632,0
374.8388,433.633,0
315.7867,533.8506,0
328.7989,397.4709,0
331.1265,469.0497,0
386.139,428.7553,0
334.998,471.1514,0
344.7668,482.9421,0
334.7952,455.1964,0
322.269,491.2057,0
313.5867,468.0341,0
311.9919,536.0092,0
343.377,432.0934,0
326.578,447.9882,0
347.8306,422.6985,0
325.1317,401.9044,0
394.936,382.948,0
325.4318,485.4797,0
343.1632,505.1327,0
379.6818,485.818,0
375.6778,430.2768,0
392.704,423.7711,0
348.1618,462.8823,0
311.9706,495.4761,0
364.0031,477.8609,0
343.8961,479.1316,0
370.0047,480.6329,0
314.9614,484.8187,0
308.1849,445.7226,0
322.8411,445.823,0
362.4451,449.769,0
311.4561,416.5728,0
333.2729,517.6984,0
318.8515,476.6726,0
319.4709,393.2305,0
365.0608,396.5699,0
332.4021,451.9543,0
349.1297,439.0685,0
365.5903,430.0217,0
330.754,495.7233,0
356.586,523.0594,0
328.0845,512.8268,0
384.3894,458.2742,0
372.2319,444.8942,0
331.8932,414.6503,0
336.2955,443.4478,0
347.9702,425.772,0
406.2964,477.8723,0
308.1085,487.9738,0
380.6389,555.9299,0
329.2615,513.2798,0
341.4254,438.4416,0
362.9412,443.9217,0
415.9941,447.902,0
352.2611,435.4947,0
320.5726,508.0765,0
340.8571,487.7864,0
317.9056,455.7802,0
425.4764,410.3737,0
345.1247,446.7126,0
358.8184,386.5385,0
363.2981,439.7056,0
337.2689,421.7978,0
330.1349,514.5322,0
380.2025,430.8045,0
335.2412,388.9256,0
319.4291,402.3185,0
350.8686,440.1745,0
342.2366,475.6884,0
326.1002,479.7407,0
357.8591,417.6514,0
342.2959,428.4869,0
377.9332,458.9615,0
346.2391,510.7587,0
369.0791,502.6971,0
290.4077,479.5889,0
336.4561,494.2283,0
364.0048,486.6546,0
347.8937,432.5033,0
376.6621,414.9052,0
296.3644,471.3087,0
325.8342,396.8653,0
333.1863,469.8825,0
331.1999,449.2413,0
388.8027,509.352,0
364.8949,530.5765,0
358.3027,513.313,0
394.934,447.2145,0
363.1373,480.8702,0
325.7769,499.3439,0
343.1871,520.3436,0
370.2913,524.8365,0
353.4352,521.7101,0
351.2258,415.9537,0
332.1055,464.9679,0
379.0397,419.3892,0
337.8,513.6575,0
326.5248,478.4995,0
306.3683,460.3811,0
370.0873,490.7725,0
319.5122,455.142,0
330.8438,515.0085,0
362.1082,432.4775,0
353.7863,505.8377,0
333.895,433.7192,0
300.1417,484.4664,0
370.7112,483.8705,0
390.651,467.0506,0
361.4458,433.5457,0
354.3071,444.0366,0
379.3691,459.4866,0
364.0719,483.7303,0
342.9099,509.3707,0
310.2697,472.6391,0
385.5283,490.8364,0
322.134,426.5759,0
348.7444,462.97,0
385.7836,433.9962,0
356.5556,420.123,0
340.0844,451.5942,0
330.4235,450.7155,0
370.5681,427.4347,0
381.7505,393.0061,0
406.5015,413.1868,0
393.1906,475.2855,0
387.4276,501.444,0
299.7705,425.7578,0
313.3472,459.4517,0
351.0934,534.2551,0
363.3455,463.7348,0
318.0139,456.579,0
320.0135,447.5202,0
374.7552,462.2021,0
312.1967,481.1181,0
377.4674,470.5911,0
339.8126,476.9845,0
343.2817,520.0021,0
338.3596,460.8408,0
318.7379,438.5833,0
273.2601,445.7445,0
326.0186,459.6821,0
324.2933,465.6867,0
358.3925,478.8978,0
341.2866,478.4802,0
377.8333,425.5485,0
344.0948,461.7333,0
373.713,454.7441,0
346.5559,412.5184,0
344.2748,518.301,0
342.4997,378.7332,0
361.7805,478.235,0
380.0504,533.6228,0
390.1077,376.3052,0
352.5581,430.9017,0
375.9585,530.7946,0
366.8687,485.1646,0
335.9301,566.8865,0
333.0129,460.2826,0
364.5189,424.9428,0
346.6882,462.5516,0
387.2878,429.0285,0
379.6121,369.3024,0
350.3318,454.3331,0
309.3669,441.0046,0
335.4496,431.4415,0
361.8976,482.6194,0
360.0474,442.8798,0
297.5538,474.7563,0
366.9012,446.3301,0
357.7172,485.1998,0
331.3049,521.2236,0
364.3751,431.7516,0
351.1398,455.9574,0
367.6526,480.4529,0
327.1306,488.2418,0
379.3747,456.9894,0
359.6366,424.7853,0
360.2274,492.7084,0
335.4606,413.4564,0
361.0137,463.7064,0
351.2778,470.7565,0
328.8938,470.9297,0
350.1764,404.2091,0
319.7333,432.6062,0
358.4412,509.3316,0
340.7491,462.1682,0
391.3942,481.9283,0
365.0343,398.096,0
328.6844,549.1954,0
363.0399,433.4568,0
370.3087,474.181,0
336.9983,516.9104,0
394.2695,484.6219,0
350.4171,472.8954,0
392.3283,443.2553,0
388.364,471.6319,0
361.8838,460.8998,0
346.4307,460.3334,0
335.6391,469.9008,0
329.6047,475.2259,0
344.2653,470.6686,0
342.8085,485.0302,0
353.9174,460.7946,0
295.9929,523.2483,0
382.0994,434.5447,0
318.8875,409.4614,0
316.8163,486.1995,0
331.8681,430.9435,0
329.2575,429.8846,0
332.4896,489.1432,0
315.3325,436.3483,0
389.2997,442.9481,0
299.7747,441.8111,0
313.3869,416.7436,0
358.333,465.4447,0
362.6742,448.002,0
344.2986,464.7822,0
357.4164,470.8341,0
340.067,484.5082,0
305.3918,445.9801,0
328.5148,478.135,0
364.9609,423.298,0
353.7509,464.5135,0
379.5242,451.7547,0
329.6285,457.3529,0
341.2601,419.6657,0
296.2596,458.4765,0
385.6941,460.3995,0
370.0823,510.6929,0
363.9484,466.5148,0
335.1622,488.8153,0
351.8691,444.9323,0
399.7062,490.5491,0
337.6187,538.7681,0
378.5317,450.4279,0
391.3571,476.0604,0
401.4132,466.9386,0
302.4806,495.3493,0
324.9111,459.9786,0
369.7682,436.7968,0
331.4781,448.2928,0
354.4673,530.9499,0
314.5067,471.3235,0
387.6839,397.8432,0
323.7378,480.199,0
354.4206,481.5621,0
357.1436,410.36,0
336.3432,442.8842,0
323.2526,439.0638,0
378.5922,421.5502,0
350.6878,450.8853,0
349.7465,484.6227,0
320.3213,463.0909,0
365.9518,429.6858,0
339.9461,419.7791,0
353.9727,467.6483,0
363.4559,477.6115,0
330.2724,491.9366,0
266.4959,482.4035,0
334.7015,444.1883,0
402.9377,499.1164,0
358.4573,506.1271,0
320.5214,491.6044,0
364.4564,446.3519,0
366.6443,497.5487,0
379.6597,446.428,0
365.7454,434.9589,0
357.1568,469.9843,0
350.4557,413.9078,0
376.558,411.2355,0
320.577,432.9225,0
381.9335,407.6723,0
370.2475,388.8887,0
354.1068,439.6036,0
301.899,485.9914,0
304.2801,475.8813,0
360.5352,406.4746,0
337.9692,434.0922,0
336.0596,457.6923,0
364.1106,455.2148,0
381.5599,504.6147,0
342.3702,464.5936,0
389.774,439.9305,0
359.1322,507.9608,0
321.614,459.9099,0
313.6798,472.2724,0
395.2361,418.3708,0
341.8183,388.9925,0
331.7787,506.2481,0
328.4937,415.9518,0
330.2441,537.8952,0
390.4017,528.6102,0
394.2917,442.2722,0
312.27,511.6251,0
271.7286,534.9351,0
348.59,483.1821,0
321.3302,427.5158,0
355.9815,475.946,0
385.7927,421.2818,0
334.6125,451.0959,0
339.3261,455.6115,0
331.4245,493.0059,0
360.563,450.7053,0
303.0764,418.0299,0
361.8919,480.4866,0
375.6301,471.4927,0
362.5512,456.784,0
332.0964,434.3292,0
341.1836,467.7474,0
383.6907,464.4139,0
378.9039,388.7173,0
371.4321,454.6332,0
350.795,474.5867,0
331.6951,455.2155,0
377.9905,482.1474,0
332.0022,461.3281,0
385.9612,505.7798,0
363.211,492.8567,0
331.8549,411.9948,0
349.8388,474.2214,0
324.4811,463.52,0
417.5296,528.6032,0
329.338,448.2183,0
305.8384,437.716,0
377.2409,392.502,0
391.2792,456.0907,0
328.7233,478.8439,0
351.6296,511.4377,0
287.3723,481.4985,0
359.4012,477.2448,0
318.3703,504.2108,0
411.9223,474.65,0
346.3507,501.6578,0
326.4492,434.8677,0
308.7871,454.3666,0
359.568,481.2969,0
346.5225,496.3152,0
355.5045,402.5524,0
373.0164,447.3711,0
353.9449,510.6085,0
373.6954,462.2082,0
352.3198,426.6537,0
328.9002,548.174,0
334.5443,451.4821,0
308.8106,471.1651,0
302.0334,397.0351,0
335.752,458.4191,0
344.9199,468.5784,0
364.9089,491.424,0
379.5893,440.4326,0
354.6852,484.7923,0
402.172,424.6793,0
327.758,521.9347,0
320.266,491.4886,0
384.1948,478.0647,0
366.7131,448.9944,0
383.3687,475.1666,0
353.4118,460.8739,0
367.725,414.6225,0
319.7792,507.1553,0
358.9009,496.592,0
325.2313,427.8565,0
323.0872,523.7115,0
315.4636,440.8701,0
382.7985,431.0782,0
328.1878,470.8503,0
347.8085,516.6143,0
384.9067,461.1132,0
384.251,469.0379,0
389.6487,423.1565,0
366.8268,510.3516,0
353.2974,495.9748,0
366.1417,437.2293,0
407.2479,418.9891,0
351.2496,524.0028,0
294.2308,421.7109,0
376.2109,425.9241,0
316.1056,466.5225,0
328.3316,459.6236,0
390.8515,443.382,0
339.8148,508.7466,0
358.4119,434.9854,0
346.7758,459.3646,0
346.2929,473.8239,0
368.9332,480.3484,0
353.9775,445.8464,0
380.2692,428.5691,0
340.4963,481.8286,0
337.1269,448.6777,0
366.7354,498.5111,0
306.5083,469.2994,0
356.3596,538.4332,0
324.5641,454.1426,0
327.4182,476.9863,0
324.3332,443.9647,0
350.004,474.2747,0
312.2341,431.5875,0
314.649,467.6337,0
395.5134,495.0714,0
343.9661,467.4097,0
358.6307,474.1049,0
329.682,457.9148,0
308.5834,441.1614,0
346.9444,499.9648,0
358.88,463.1517,0
405.7766,521.5599,0
343.6801,445.5162,0
358.7563,425.3174,0
375.5689,469.5941,0
371.1409,501.86,0
407.9807,420.2367,0
343.5909,449.3459,0
296.3335,501.5732,0
363.1515,480.1844,0
351.7136,454.955,0
393.7354,471.102,0
368.0083,475.6447,0
358.8733,483.6161,0
389.9942,428.107,0
341.6729,461.6117,0
339.3297,467.1288,0
358.4563,437.3333,0
317.7303,482.36,0
401.7161,419.4804,0
360.0034,429.4128,0
400.3333,552.914,0
371.3293,495.0829,0
309.1399,421.0756,0
339.4982,425.8408,0
331.7565,427.1581,0
370.6964,453.6002,0
335.8396,466.1062,0
321.7164,423.435,0
351.2115,468.3042,0
364.2977,501.8249,0
306.2834,470.2362,0
374.9602,455.5234,0
355.0334,461.781,0
379.8935,442.1096,0
363.3198,515.7546,0
336.9343,453.9537,0
377.1188,436.4147,0
394.2528,423.0025,0
341.0995,440.5595,0
333.4352,445.9679,0
390.3975,457.8759,0
367.5973,479.4404,0
334.5413,496.8333,0
321.4944,436.6059,0
328.727,468.5195,0
344.6237,421.2864,0
376.5325,375.9108,0
365.0033,411.8621,0
350.4935,398.5067,0
307.4258,464.2132,0
402.3539,465.8508,0
319.2067,486.4042,0
357.4357,404.5005,0
330.9393,493.0955,0
374.7737,439.7645,0
363.214,443.7699,0
394.4464,495.9331,0
357.6653,510.8679,0
379.123,431.865,0
397.9813,454.5958,0
396.8355,450.8145,0
315.7559,492.4393,0
361.7657,471.449,0
397.1359,511.4691,0
379.3945,488.4001,0
324.9785,407.411,0
334.184,421.1585,0
326.4031,539.8958,0
349.1555,474.0549,0
366.9523,506.9639,0
325.4445,421.1078,0
352.6749,422.4615,0
373.7083,489.7762,0
336.5622,475.0376,0
343.1193,499.8298,0
339.6911,433.1309,0
363.9559,407.1216,0
349.4518,454.1326,0
337.1083,477.6205,0
408.0801,478.9655,0
367.9437,414.1735,0
319.3124,521.5881,0
386.9836,493.2984,0
372.7145,456.6306,0
366.4813,390.7076,0
365.1445,442.9738,0
326.9694,442.1285,0
391.6686,465.8248,0
370.799,492.5499,0
420.0756,451.8397,0
398.6508,453.4726,0
354.1314,430.9377,0
356.6334,440.5037,0
325.002,476.614,0
395.8188,399.8077,0
329.7646,518.5067,0
379.4932,404.7748,0
402.2035,429.5537,0
411.6966,462.9557,0
399.1357,494.3291,0
362.5283,431.1555,0
376.5604,432.6026,0
356.7468,480.5677,0
314.6146,463.9818,0
393.4078,490.8731,0
340.9318,484.6049,0
344.0065,449.5411,0
347.7742,483.4191,0
377.9807,429.3384,0
371.428,464.8698,0
350.0626,421.0079,0
374.254,429.4379,0
306.6441,487.3783,0
325.8087,469.1179,0
343.5743,454.8676,0
409.5099,473.2127,0
377.0266,483.4118,0
302.1846,440.7331,0
345.8817,470.8385,0
334.7498,482.1775,0
371.5194,414.3406,0
375.1401,423.8767,0
376.8748,464.2977,0
353.1022,417.4422,0
363.763,480.4834,0
371.4921,472.9846,0
329.1742,466.1377,0
377.5615,478.6505,0
333.0292,469.093,0
376.0217,491.2416,0
307.8134,479.3911,0
348.1766,446.9992,0
359.4764,452.846,0
399.0852,524.4637,0
310.7471,452.1219,0
316.4476,474.5432,0
302.7194,473.2327,0
375.9668,503.5491,0
339.9889,466.4457,0
318.9118,472.6426,0
336.258,430.1224,0
380.9162,498.5764,0
360.9596,432.28,0
343.5769,451.0114,0
393.9938,442.9486,0
366.5568,452.4333,0
357.7578,523.2336,0
369.9288,429.0214,0
374.428,463.0984,0
366.7703,438.3901,0
361.5863,484.6942,0
357.8849,412.6123,0
343.575,464.9803,0
305.8034,533.7092,0
282.2386,468.1123,0
325.983,445.7997,0
328.7451,480.2173,0
308.4897,418.4952,0
355.456,498.5065,0
298.3803,422.7515,0
375.6829,455.5463,0
363.7481,452.442,0
361.4953,454.2167,0
356.5522,438.959,0
341.7043,442.9042,0
358.3408,467.2581,0
355.6167,467.0112,0
345.2955,465.8755,0
375.4213,490.7032,0
365.5807,397.8192,0
393.7464,436.053,0
315.0209,440.9731,0
368.8144,439.2341,0
337.1648,413.8565,0
376.9564,462.8596,0
353.1372,472.8003,0
282.5986,446.025,0
306.6473,433.4763,0
322.3277,456.2278,0
381.3277,452.7609,0
397.1327,471.199,0
373.6674,472.0592,0
372.3376,432.4725,0
343.3891,419.2418,0
361.1041,466.6812,0
322.5971,436.226,0
340.6963,487.6423,0
346.7821,433.7952,0
357.1422,468.6879,0
326.055,463.0375,0
344.3412,424.4868,0
385.9868,480.6907,0
335.123,462.8912,0
369.7994,450.8441,0
291.0878,414.8884,0
350.412,523.428,0
373.2387,435.4669,0
307.8759,436.1132,0
413.1392,559.8413,0
349.7411,433.5664,0
317.7956,433.2606,0
394.7589,416.978,0
374.2248,497.7432,0
338.147,419.7158,0
320.0557,473.1381,0
327.9487,425.6739,0
317.1276,476.4666,0
350.4977,460.6729,0
306.3175,461.8564,0
372.2727,484.7997,0
346.4931,527.024,0
348.7644,540.2675,0
321.704,451.2657,0
337.4891,465.8184,0
348.1278,532.2282,0
356.7418,423.1523,0
361.9565,464.51,0
332.3382,504.8304,0
392.5808,423.7261,0
347.6731,474.1648,0
377.051,425.1882,0
327.3176,510.6201,0
344.4104,420.6902,0
355.4855,482.4398,0
332.9555,504.7842,0
350.1431,461.4984,0
396.423,517.9414,0
388.3589,431.144,0
404.5663,400.4623,0
392.6651,468.953,0
341.7039,508.3578,0
394.6176,467.7627,0
378.5709,464.1902,0
346.4638,492.3563,0
370.2707,463.4705,0
334.9607,434.5573,0
374.2805,487.2817,0
325.3756,482.3988,0
351.8452,450.6349,0
340.4231,470.395,0
358.2354,427.54,0
334.6171,482.9178,0
410.7969,485.754,0
338.9826,452.4788,0
347.0776,419.5949,0
344.2358,460.2338,0
309.6988,448.8236,0
392.1913,446.5759,0
375.4141,411.3549,0
359.0014,458.2551,0
372.1288,429.4689,0
410.587,431.2543,0
291.7294,427.439,0
365.1179,448.3973,0
346.8242,484.6388,0
320.3518,463.4743,0
339.2931,419.1625,0
313.5517,518.6206,0
354.4426,458.1248,0
386.6568,455.6471,0
351.981,489.3767,0
367.6419,462.462,0
353.8519,402.8967,0
351.0614,463.269,0
347.7473,456.3891,0
349.1451,411.5228,0
336.0316,466.0242,0
349.4844,434.5782,0
340.7994,472.1735,0
378.5951,488.1427,0
308.1008,473.3608,0
330.1232,463.1729,0
351.3997,499.7887,0
340.3225,480.8351,0
355.1407,457.7983,0
314.937,446.4316,0
359.7596,412.4522,0
383.4202,449.9737,0
341.0701,461.2155,0
335.8177,466.9062,0
365.8128,477.0737,0
339.7604,511.9686,0
381.367,408.0723,0
337.6237,487.8616,0
356.0842,518.834,0
349.2864,427.9636,0
351.3572,446.5776,0
391.8046,452.6733,0
340.4136,517.4045,0
381.7184,461.2903,0
349.0324,456.411,0
363.7476,464.4824,0
310.6309,466.6721,0
317.4947,437.7418,0
327.3909,491.8611,0
341.4599,371.805,0
306.1767,526.2424,0
334.2886,451.7792,0
319.0749,468.1917,0
379.8373,435.8433,0
316.7141,489.7726,0
305.5317,466.4279,0
340.8835,408.905,0
347.4021,496.3577,0
312.9303,467.536,0
383.8352,506.093,0
323.122,492.9046,0
384.0939,435.2032,0
302.722,496.0913,0
324.825,445.4073,0
332.8588,508.5826,0
358.8126,511.2874,0
372.0875,428.5597,0
339.986,510.2514,0
345.0677,475.074,0
368.2112,490.3493,0
388.1604,429.479,0
338.2121,534.644,0
367.4318,431.9306,0
330.9016,443.7019,0
448.4651,476.0583,0
376.4931,424.2011,0
393.5276,417.0765,0
340.7546,443.5649,0
305.2922,476.2335,0
340.7166,464.5197,0
311.7372,447.4972,0
345.7856,496.0826,0
363.8253,473.1611,0
364.2199,458.5433,0
342.2932,489.5681,0
352.6433,481.8027,0
334.5363,498.8441,0
360.6484,420.2553,0
331.8961,397.3698,0
370.1913,556.0748,0
368.3518,472.5344,0
336.0618,478.9942,0
340.9232,445.8386,0
348.6428,469.0786,0
349.0152,455.6586,0
385.8681,447.2552,0
352.9931,462.8282,0
345.5883,486.7597,0
339.2421,433.2975,0
357.8524,469.0877,0
371.208,486.9653,0
355.4614,428.7062,0
366.6768,457.6289,0
354.2925,457.1179,0
325.7522,487.9492,0
316.348,521.6535,0
350.7575,399.404,0
296.494,514.5748,0
361.2458,475.0334,0
369.4058,509.5625,0
364.1229,427.4283,0
343.3004,537.7822,0
343.736,486.6689,0
384.7698,451.8637,0
372.1664,453.1422,0
349.0979,425.1003,0
308.2887,414.1834,0
351.1214,473.4296,0
380.377,428.5886,0
312.3616,498.6604,0
361.8261,433.2256,0
347.075,470.1643,0
386.7158,489.7442,0
312.7014,472.8171,0
309.9317,484.9391,0
377.2141,484.795,0
294.2176,504.0813,0
384.3501,433.6016,0
344.1209,429.7712,0
336.5311,462.3629,0
367.2762,464.314,0
326.2108,426.8493,0
357.1191,493.4371,0
385.8447,408.6158,0
332.4767,481.5547,0
331.7392,529.0128,0
329.7092,510.6122,0
329.7277,502.5007,0
366.0648,491.9021,0
358.2903,479.8651,0
335.0318,499.321,0
385.2228,504.4681,0
347.441,493.1689,0
363.3187,479.1257,0
383.2768,473.9748,0
373.9462,484.9603,0
320.1461,410.8898,0
333.0486,456.7223,0
335.2389,417.7252,0
345.3058,422.4905,0
335.6182,405.0657,0
329.2575,447.6718,0
354.5119,457.4948,0
363.8407,452.6364,0
381.418,425.9976,0
298.263,521.0656,0
361.6159,452.8076,0
332.7796,471.6518,0
373.9833,412.142,0
349.207,483.8053,0
325.1319,475.289,0
366.3568,438.5787,0
354.1549,481.0714,0
356.8161,450.5328,0
353.9987,476.856,0
335.0907,527.5174,0
345.4949,396.0071,0
330.8745,496.8852,0
322.7728,462.2202,0
364.0914,416.7115,0
403.5881,431.3627,0
361.6814,502.1164,0
301.3085,478.2238,0
336.1325,533.7422,0
336.9266,476.6304,0
399.939,370.7385,0
333.7881,536.3453,0
317.6124,507.8887,0
351.1368,446.2727,0
391.9701,466.8803,0
342.0154,468.1664,0
347.3459,421.8755,0
342.5249,424.9535,0
405.2866,461.6931,0
349.2613,445.0642,0
325.1823,472.5049,0
299.5817,461.5126,0
342.447,455.5116,0
340.5592,441.8745,0
356.5541,502.2277,0
341.486,507.1065,0
342.1732,494.2473,0
342.8107,502.5963,0
311.6383,516.2478,0
329.1195,417.4645,0
307.1014,455.2686,0
382.0181,460.8797,0
395.709,397.6949,0
326.6948,467.8252,0
360.6391,481.2816,0
337.5035,496.2714,0
344.6209,430.8346,0
329.3538,507.1234,0
372.3632,470.3067,0
358.1996,515.9243,0
375.4184,486.0896,0
354.8275,415.7402,0
367.2949,450.0719,0
347.0586,393.244,0
330.5607,476.3328,0
379.3379,452.8161,0
368.4202,460.0709,0
361.1086,503.2261,0
326.7953,479.3864,0
324.8538,444.9398,0
361.7813,475.9114,0
367.22,405.8206,0
370.675,438.8145,0
315.9037,447.1945,0
314.5895,413.2242,0
348.446,491.7909,0
323.5881,503.3741,0
335.1182,434.6701,0
318.847,467.638,0
361.7698,388.1403,0
366.9645,441.7997,0
353.4666,441.4547,0
367.4899,465.0567,0
349.7889,435.32,0
335.9898,478.6855,0
350.6055,506.78,0
322.2172,428.5224,0
372.7254,430.0932,0
418.4119,404.0159,0
386.0869,473.8176,0
390.9129,424.9294,0
308.0792,497.9919,0
346.6313,470.9297,0
354.8581,415.6215,0
329.2098,445.8577,0
359.0494,456.7883,0
354.2081,457.6827,0
392.7537,419.0606,0
367.4241,476.3363,0
329.7516,379.3268,0
352.2766,444.6325,0
356.321,441.2343,0
356.999,463.0861,0
406.969,538.5337,0
360.9975,473.2067,0
354.0192,402.7121,0
306.9723,459.0305,0
342.9021,430.9824,0
323.7086,446.0005,0
298.2346,501.847,0
405.4946,470.6415,0
321.9704,446.5624,0
371.8455,518.6621,0
337.1095,411.4608,0
295.1408,466.3945,0
382.4235,436.7716,0
346.592,425.9853,0
353.8145,409.264,0
361.9492,430.5457,0
375.5829,462.5762,0
388.2292,471.9624,0
363.3134,436.0049,0
354.4158,411.2229,0
360.3012,502.8265,0
385.0443,460.2572,0
325.0186,394.3794,0
328.3347,487.7514,0
349.9817,486.8611,0
381.5796,490.3211,0
394.1998,445.1151,0
361.2432,427.0896,0
378.667,408.335,0
307.7889,471.9828,0
349.628,504.7451,0
372.0676,429.536,0
353.4869,489.2505,0
376.4692,464.5759,0
371.3066,364.4098,0
307.3222,445.7184,0
288.4089,461.9088,0
308.1577,406.5644,0
360.9576,446.1068,0
351.8344,544.6431,0
371.1514,458.3477,0
381.4794,458.0761,0
332.2357,513.9798,0
345.8806,437.1184,0
357.7383,450.3366,0
376.1602,484.0099,0
389.85,418.4822,0
306.2536,443.3802,0
341.8175,472.0518,0
359.1453,450.284,0
315.1648,430.891,0
351.8666,417.0002,0
375.5613,442.3447,0
369.5635,393.0313,0
328.6579,489.1294,0
378.7778,448.5372,0
348.8229,456.4952,0
364.9891,447.2414,0
376.3754,509.9193,0
283.6093,487.2131,0
335.8266,426.5219,0
322.0381,486.9424,0
355.4979,420.9517,0
384.8351,413.9266,0
342.5403,480.3131,0
347.8499,429.5836,0
324.8417,486.5626,0
354.1038,503.5058,0
358.6557,500.7013,0
364.5295,432.3807,0
358.6786,452.2834,0
367.7273,458.3173,0
339.5865,368.6426,0
382.9508,391.552,0
371.4305,430.7811,0
325.9154,478.2822,0
361.4786,434.9469,0
341.838,473.9557,0
288.9132,528.3839,0
375.6456,477.4612,0
358.184,471.8037,0
357.2731,497.5612,0
325.085,450.6071,0
320.4999,469.1165,0
350.0555,448.576,0
330.2131,492.0433,0
371.9453,450.0827,0
361.9825,468.1258,0
344.7726,542.75,0
355.3674,485.0014,0
303.8111,485.85,0
321.569,441.9649,0
355.8555,464.4202,0
328.7509,428.5368,0
363.55,414.8003,0
404.8719,454.2538,0
359.4841,423.0436,0
317.6607,471.4011,0
376.0677,454.5051,0
393.7155,496.5805,0
387.4886,485.5997,0
366.5815,432.2177,0
373.6444,499.3162,0
335.0912,452.9869,0
339.0547,440.8025,0
353.6171,519.584,0
345.2222,433.3018,0
344.4634,470.6634,0
357.1454,459.7633,0
321.7358,453.0605,0
360.343,483.9971,0
312.8032,444.0889,0
341.9615,466.2677,0
358.5453,465.5477,0
328.6255,500.7242,0
339.3617,538.4606,0
327.9371,448.6677,0
359.2708,466.9286,0
312.6718,455.7905,0
350.0938,430.3538,0
320.6111,487.3857,0
367.7854,406.5595,0
319.9249,433.6213,0
338.5367,475.4337,0
363.2151,424.745,0
332.6147,513.6269,0
343.575,536.1359,0
350.7409,447.323,0
339.2294,475.1857,0
331.5238,421.39,0
376.398,458.4678,0
353.8686,448.2887,0
324.2403,526.2095,0
317.0578,516.1898,0
359.2657,472.6434,0
320.1017,468.9194,0
356.1604,481.8686,0
398.0923,470.6,0
331.6134,475.1995,0
367.3264,532.3887,0
348.9138,506.7688,0
362.5822,468.2261,0
361.3811,497.2985,0
349.9409,446.214,0
325.106,505.9727,0
345.8329,477.8163,0
359.8577,451.9971,0
348.2845,460.9211,0
325.4443,473.0347,0
387.9228,451.6279,0
355.1286,422.8895,0
342.5836,474.6457,0
350.4913,475.2737,0
369.9555,468.4023,0
368.5851,365.9461,0
384.2275,451.7126,0
331.4483,443.084,0
299.8214,458.8594,0
318.6247,462.3763,0
322.1387,435.0683,0
393.2484,471.3384,0
323.8712,516.4801,0
320.4683,483.3551,0
317.4002,468.0159,0
317.6172,496.4262,0
389.3854,443.0395,0
336.2814,407.1176,0
344.0408,440.4175,0
345.5684,458.9618,0
342.9748,426.0014,0
337.6926,422.73,0
311.9864,395.4412,0
342.3768,438.8215,0
398.2018,506.1943,0
373.2788,468.1577,0
335.369,504.8389,0
331.9472,474.4302,0
359.4907,460.8166,0
369.2619,435.5961,0
329.645,462.9044,0
384.4557,419.749,0
313.9758,430.3386,0
374.7318,405.7538,0
345.7671,554.9336,0
339.1909,450.1013,0
348.8857,475.4005,0
368.0366,440.1519,0
378.7194,451.6479,0
359.9927,479.0361,0
380.2404,439.1082,0
347.373,449.1642,0
318.0186,541.51,0
356.0648,447.6933,0
302.2161,446.7306,0
345.8214,475.7502,0
349.6793,439.4118,0
351.0392,479.3539,0
331.05,466.7955,0
329.8369,457.9544,0
377.3459,403.0721,0
348.5422,472.5936,0
351.5636,417.032,0
384.1265,408.0843,0
318.9164,472.5529,0
356.3746,423.6665,0
313.8752,482.3683,0
334.3182,436.8066,0
332.8849,440.1483,0
376.7408,415.2564,0
336.3025,416.4332,0
357.5344,406.4485,0
332.838,468.0084,0
343.4872,407.7202,0
333.0272,460.0018,0
332.7144,437.9476,0
336.8171,433.3056,0
309.5102,445.4915,0
363.5623,470.1083,0
406.1989,417.676,0
380.7925,424.1112,0
376.7242,439.1837,0
380.7831,460.184,0
342.4379,460.053,0
304.6387,491.0226,0
350.2988,474.6582,0
339.2195,469.6182,0
370.5489,437.0924,0
368.4788,460.2489,0
345.4524,406.4797,0
370.3792,502.0746,0
341.2659,447.7632,0
319.613,441.6961,0
362.2411,410.2019,0
364.7971,400.5511,0
350.7815,512.2019,0
346.9881,447.3781,0
361.5314,402.0343,0
331.5356,469.2455,0
371.2468,444.5514,0
370.812,492.7753,0
357.6083,436.3923,0
346.6213,480.5692,0
351.923,443.7559,0
368.7348,452.8037,0
387.8607,502.2837,0
374.1179,476.2775,0
298.0708,413.2015,0
350.3503,396.9525,0
363.7386,453.7585,0
319.8773,457.4516,0
379.2272,453.1591,0
361.2408,443.6072,0
352.6718,429.0319,0
384.8687,510.2839,0
364.4804,477.2066,0
430.3091,402.6267,0
342.8939,508.1627,0
400.8878,410.6508,0
356.9106,456.66,0
352.212,448.678,0
381.5355,452.7772,0
360.7502,425.6117,0
345.2004,434.7978,0
338.3972,504.8337,0
336.0092,522.3893,0
384.3049,432.1625,0
351.135,507.5471,0
343.4069,454.2843,0
342.3109,454.6378,0
367.7978,489.3133,0
336.4795,460.3226,0
350.0587,410.5142,0
332.9272,384.4811,0
364.9171,435.5367,0
342.3753,445.7642,0
353.9601,416.4432,0
353.7905,488.6884,0
340.7457,445.0919,0
319.676,470.4342,0
385.0394,434.4385,0
409.6391,437.8236,0
345.5647,490.7467,0
341.6065,439.3838,0
330.6478,461.3096,0
364.5378,413.4911,0
371.5328,455.238,0
382.0867,404.5586,0
332.0771,400.851,0
420.7689,445.8479,0
381.052,455.4408,0
354.2374,473.0685,0
353.2907,453.3494,0
365.8208,436.0828,0
395.7769,479.9135,0
348.9879,509.9041,0
334.8209,464.092,0
368.9552,396.8123,0
372.6154,466.3289,0
382.3564,476.3126,0
323.7007,496.7028,0
338.4475,494.9431,0
340.4137,482.045,0
386.2162,404.3742,0
359.0149,451.8694,0
395.3164,445.3911,0
412.7743,480.8143,0
367.5466,472.5865,0
359.7268,462.7766,0
345.5951,477.2553,0
351.2625,451.0428,0
410.629,461.9252,0
365.5257,424.5384,0
347.5042,457.2902,0
345.3622,452.8021,0
327.0148,516.7964,0
369.5548,447.9268,0
386.5211,527.2937,0
309.3837,450.5897,0
344.5082,521.9023,0
295.1819,1092.132,0
373.1072,441.525,0
366.5866,459.0207,0
373.624,431.1459,0
320.1257,412.9487,0
380.8588,442.3873,0
396.0882,504.1083,0
380.4923,579.1924,0
412.4172,411.5542,0
409.5376,484.5291,0
334.5747,446.5979,0
341.708,451.8188,0
303.154,465.667,0
329.5211,519.8646,0
321.1541,428.9989,0
331.3422,498.0119,0
333.2832,437.399,0
334.3829,515.6078,0
395.5576,429.2316,0
317.5249,434.7755,0
363.1901,402.1262,0
352.8771,442.5637,0
319.8632,468.1201,0
339.2556,445.9453,0
334.3881,466.7526,0
301.0988,447.5219,0
318.1731,481.063,0
340.0578,410.7539,0
283.1298,490.8678,0
347.6876,503.9439,0
378.3293,448.1716,0
348.0875,469.645,0
356.1091,433.6455,0
363.5821,413.4261,0
373.2189,437.4863,0
321.5796,520.5179,0
368.562,424.7053,0
378.4246,430.0853,0
351.9249,428.971,0
362.7048,397.7092,0
327.0887,438.04,0
396.5718,502.3117,0
327.8247,432.4298,0
343.8793,489.2579,0
328.7638,417.8013,0
303.9955,497.9041,0
348.6546,431.3026,0
314.7523,458.1793,0
379.5769,432.9669,0
352.9921,478.0482,0
352.6998,510.0698,0
368.3719,420.5296,0
400.3279,412.4575,0
350.3728,415.056,0
365.091,392.948,0
347.4142,406.8773,0
326.9012,459.739,0
388.9996,486.0388,0
374.8067,472.4518,0
312.8527,467.2931,0
368.8676,499.4747,0
346.6345,501.1205,0
349.1091,431.4173,0
412.0102,405.0046,0
354.7862,453.4562,0
328.8228,467.1843,0
343.7178,501.9138,0
387.5876,445.6759,0
337.9938,473.5096,0
346.0707,428.5193,0
315.0281,418.0079,0
292.4323,403.4481,0
364.2757,367.4204,0
334.2815,517.0925,0
373.5836,415.3885,0
352.9529,475.6022,0
324.5041,453.3887,0
373.535,462.4608,0
369.6432,446.1964,0
390.0152,429.6431,0
333.5393,524.0295,0
370.2903,432.7948,0
385.2103,384.8854,0
372.6912,428.1538,0
307.2166,462.9918,0
318.0256,489.9679,0
355.0529,406.8214,0
338.5035,457.5547,0
318.1385,499.0453,0
342.3219,455.7116,0
376.6799,419.7987,0
354.4148,492.0984,0
362.4981,497.803,0
354.6915,481.7083,0
390.5408,432.1046,0
310.9062,521.3171,0
352.7552,389.4149,0
338.5079,446.0286,0
347.3327,448.5416,0
402.5255,464.1654,0
350.7145,474.6758,0
360.254,516.1937,0
364.6304,445.1002,0
349.8715,513.6053,0
388.2672,488.1143,0
334.7815,429.261,0
391.4285,452.6417,0
379.993,496.4381,0
372.7332,490.3742,0
310.4925,480.7213,0
343.6634,458.0999,0
307.3469,475.2111,0
349.7791,445.9855,0
348.3083,459.7934,0
319.1328,475.8419,0
339.6195,447.4942,0
310.8675,490.6113,0
363.6512,426.8633,0
309.0829,514.4767,0
344.4484,506.0964,0
314.6504,404.0383,0
319.2232,501.1232,0
420.2189,384.7708,0
366.6247,467.3846,0
375.1519,508.1677,0
350.7945,462.6566,0
387.7448,461.2689,0
372.2825,425.6264,0
355.2275,427.949,0
375.3687,418.1185,0
389.663,423.757,0
307.9664,493.1429,0
330.6445,418.7426,0
351.8377,464.2358,0
323.1571,410.9333,0
388.3756,468.8652,0
350.3494,509.9767,0
340.159,452.2231,0
309.7503,496.9452,0
360.3369,447.124,0
350.2618,516.4663,0
384.8227,477.9644,0
361.8355,494.7829,0
359.6706,502.1122,0
346.1805,457.9034,0
357.2842,486.0171,0
328.0704,469.2216,0
351.8361,448.8466,0
363.1645,483.6674,0
315.5552,485.2945,0
312.427,530.4535,0
363.6256,440.9901,0
360.714,434.1471,0
352.1661,436.2639,0
348.4165,404.7882,0
343.9676,494.205,0
323.1953,480.7712,0
364.3281,428.5282,0
305.5714,489.008,0
336.4272,507.6873,0
358.1587,422.0239,0
360.8878,446.037,0
311.0541,459.3716,0
353.6088,456.7393,0
309.0602,487.5208,0
346.8066,420.4578,0
348.4594,534.0967,0
346.4307,424.9148,0
342.5538,439.8509,0
382.0317,453.5514,0
307.3935,499.6749,0
318.8093,472.7473,0
360.5109,482.9063,0
333.436,491.2696,0
355.2109,447.5691,0
348.9314,446.1427,0
371.106,415.0511,0
392.0388,478.3294,0
394.0708,452.9127,0
340.0977,434.0402,0
318.8978,504.2524,0
398.5138,469.1923,0
332.4017,473.1176,0
359.4681,486.437,0
325.9216,442.0396,0
355.7489,453.6056,0
362.3909,474.7257,0
380.8104,431.5385,0
330.2119,406.1377,0
338.3234,513.6624,0
373.8669,392.9089,0
381.5558,463.2127,0
312.8299,477.2723,0
353.754,468.8788,0
321.1928,527.539,0
362.084,440.3959,0
361.2089,475.1368,0
357.4127,515.3185,0
302.6467,435.0851,0
302.0473,480.4595,0
319.9697,465.3828,0
315.0057,459.9855,0
389.7203,412.9418,0
311.3377,521.8258,0
359.7777,419.613,0
301.8132,469.5931,0
327.2806,467.8198,0
345.7336,481.9527,0
332.8025,507.715,0
339.6418,460.441,0
341.0689,510.2018,0
367.3297,455.4824,0
379.1608,485.9473,0
329.371,469.6856,0
338.9021,476.6768,0
325.3868,476.9229,0
355.6719,468.8719,0
333.6938,531.2349,0
348.9501,416.1961,0
337.9622,411.2096,0
346.8158,477.5867,0
363.1281,488.1045,0
335.719,457.6182,0
359.1632,418.9994,0
351.5458,441.486,0
348.8731,448.5418,0
306.1661,463.6131,0
354.5229,470.8753,0
372.3547,432.6999,0
376.7236,464.4095,0
324.4262,471.7302,0
333.3326,470.3324,0
337.6583,442.2595,0
365.2365,481.6166,0
326.9794,504.8386,0
388.5918,500.1296,0
324.8908,454.2145,0
389.6359,452.1928,0
335.9908,517.6769,0
326.9228,493.7777,0
336.4258,475.612,0
348.9126,457.2719,0
386.1381,479.5896,0
304.2156,545.7341,0
340.9167,524.0496,0
320.4122,482.1251,0
322.3328,404.9659,0
377.9537,413.8298,0
333.7411,487.1569,0
325.9167,507.8067,0
373.811,452.5137,0
358.5159,505.9905,0
379.9178,424.7363,0
342.9727,464.6045,0
361.9996,486.5536,0
345.5356,483.4677,0
365.5705,453.9922,0
346.9226,469.8234,0
356.026,464.8029,0
408.1464,444.6469,0
353.5471,441.2146,0
363.1168,457.9261,0
364.5102,476.3976,0
352.7437,445.9055,0
337.6423,506.9104,0
348.1422,492.8336,0
363.8939,444.4125,0
270.5274,417.9731,0
367.0753,427.5336,0
367.6429,369.2405,0
329.3116,471.3713,0
375.6717,480.0544,0
315.7036,482.2708,0
346.3387,434.3155,0
347.5892,483.071,0
359.2643,470.3623,0
318.7459,383.7478,0
351.384,447.9196,0
314.0074,521.5641,0
349.7166,472.338,0
336.9778,490.1374,0
354.4963,494.1515,0
306.6466,510.5972,0
347.9666,481.5635,0
353.4111,515.2114,0
312.0596,435.2768,0
312.3474,487.1513,0
371.76,459.227,0
318.193,407.2728,0
390.2716,381.5316,0
357.1217,449.7618,0
374.2452,524.0991,0
324.9164,496.857,0
363.3682,450.3766,0
379.5254,400.9309,0
362.6889,479.101,0
341.0434,513.5018,0
356.811,387.4897,0
345.2804,468.089,0
341.4536,494.243,0
368.7827,437.1503,0
331.3748,458.6513,0
367.4901,419.9373,0
345.0942,434.9065,0
377.3431,456.8163,0
356.2639,461.1558,0
341.2993,450.5826,0
414.11,403.3666,0
387.2111,405.5228,0
361.1446,537.8102,0
331.665,520.0537,0
389.4657,398.5034,0
342.6504,420.682,0
334.2801,500.7586,0
322.9305,464.9183,0
355.439,486.7276,0
332.2031,471.5239,0
341.9586,445.1095,0
408.4794,502.7768,0
334.7828,535.2213,0
352.7919,483.4995,0
335.6163,482.7667,0
349.6501,463.8964,0
382.2485,443.3546,0
369.908,451.6882,0
374.5336,418.3387,0
329.2953,458.8681,0
302.0209,432.4762,0
344.2188,468.8418,0
357.536,455.9392,0
302.0679,466.2356,0
370.7119,532.2235,0
373.231,430.7638,0
325.8701,428.2995,0
329.4213,436.0149,0
339.1308,429.1856,0
305.7238,454.9419,0
356.0033,483.4023,0
397.5077,442.1263,0
344.2971,483.2357,0
307.7546,453.808,0
377.7105,491.0577,0
318.7952,550.5784,0
344.2666,449.4849,0
387.507,494.1805,0
354.2318,495.5255,0
355.9479,456.384,0
330.6174,478.4174,0
407.942,478.6564,0
365.2746,450.9822,0
333.9313,423.4735,0
336.5969,484.3568,0
354.8546,473.0488,0
366.0179,442.721,0
370.2082,474.6936,0
374.1392,422.4193,0
383.2378,532.4529,0
315.2202,456.3026,0
375.6611,445.7529,0
368.1116,426.0199,0
352.0749,449.0173,0
359.639,436.0218,0
341.7236,452.6574,0
341.249,476.4418,0
387.3551,499.515,0
329.3712,452.5048,0
358.1637,502.583,0
345.2945,449.8582,0
392.5492,388.04,0
379.9149,460.3116,0
357.7159,474.7684,0
338.4651,520.1271,0
346.6369,399.9923,0
327.9342,459.4307,0
320.5161,501.9905,0
338.5187,476.8861,0
315.168,476.5145,0
367.9047,428.481,0
344.5905,475.8453,0
324.5644,408.0525,0
342.0103,555.4381,0
357.3225,495.4148,0
354.0724,433.0818,0
365.2291,467.3024,0
324.3597,475.7613,0
397.5284,428.2404,0
359.1841,412.1864,0
357.708,364.0748,0
346.6302,475.0687,0
379.5217,458.7494,0
359.3918,482.6226,0
354.2169,495.9827,0
373.9592,421.3225,0
328.091,461.0182,0
400.1993,432.8103,0
376.718,388.3633,0
348.8524,473.6861,0
344.4342,443.3477,0
321.8376,473.1757,0
333.3233,477.9916,0
353.0355,497.5759,0
317.5592,495.2257,0
357.1411,426.4682,0
370.8279,425.0909,0
329.1165,472.4937,0
364.6459,402.954,0
369.3338,449.7079,0
341.6859,448.113,0
321.6455,442.7746,0
362.3539,417.9634,0
359.5082,446.4579,0
334.0905,475.5954,0
348.4966,399.0012,0
396.3901,434.9382,0
319.7504,472.8656,0
346.275,456.8368,0
334.6674,462.5984,0
346.6658,428.5887,0
368.7358,416.6806,0
321.5283,474.2311,0
334.7284,438.6033,0
358.5975,450.2748,0
340.7975,477.5823,0
362.6663,381.5164,0
370.8492,442.0047,0
353.0521,492.9299,0
302.9191,485.1696,0
396.0406,487.6183,0
369.7269,395.6846,0
336.9657,490.988,0
343.1844,409.1627,0
342.0292,433.7809,0
312.3677,459.7867,0
333.609,449.5062,0
335.5759,433.1014,0
354.7847,414.2255,0
347.8846,429.7067,0
341.8525,396.6868,0
352.4866,521.5415,0
310.4678,444.7266,0
340.2069,507.9073,0
348.9982,481.8815,0
341.0622,494.8165,0
358.9996,419.1163,0
388.9239,473.1454,0
318.6885,422.8841,0
353.7169,496.4385,0
332.1603,447.1405,0
378.2603,427.4586,0
374.1497,446.8282,0
290.1219,499.9262,0
351.0938,451.5378,0
358.5244,501.8717,0
347.3628,517.5874,0
354.0183,449.0488,0
369.5391,496.6968,0
350.8806,461.5896,0
356.2241,433.2631,0
315.889,471.5297,0
400.2922,485.2782,0
344.7023,537.0295,0
346.7807,503.1768,0
316.6821,515.2203,0
392.3775,440.0731,0
391.0089,408.7311,0
343.5938,496.6881,0
365.8854,435.4169,0
335.0279,464.6235,0
374.0988,471.6658,0
343.9638,446.308,0
351.2959,477.5607,0
391.9178,434.9127,0
344.499,446.0135,0
312.9947,461.3697,0
412.542,453.1147,0
419.8386,532.6322,0
343.5109,482.6779,0
396.8345,434.5256,0
357.5072,436.8716,0
339.9021,467.702,0
346.0833,463.1911,0
369.7746,459.8361,0
360.284,442.4638,0
303.5096,474.5757,0
396.5092,492.7139,0
324.4109,419.5118,0
364.8635,472.1007,0
361.7458,421.6423,0
353.3571,483.2434,0
365.5147,490.9785,0
333.3483,435.1505,0
329.3078,474.9704,0
325.7774,465.9886,0
343.5472,496.4457,0
353.6469,490.895,0
399.1109,444.415,0
307.3132,466.6355,0
365.1161,459.3117,0
313.4044,487.2783,0
360.1789,470.1548,0
374.0231,482.0427,0
374.0319,452.8227,0
394.0908,492.5672,0
336.6455,478.8602,0
344.6108,466.4182,0
393.251,445.511,0
326.8933,472.0408,0
310.9326,454.545,0
364.7465,424.8285,0
365.6163,471.7611,0
323.5171,479.5547,0
356.1818,448.9208,0
346.942,400.7801,0
386.6788,425.149,0
324.5452,495.1061,0
319.8206,393.9246,0
311.6522,520.9529,0
345.1605,435.1498,0
327.5215,484.7531,0
335.7406,494.6697,0
331.1499,466.0893,0
338.1724,450.8301,0
356.6934,459.6056,0
337.1269,459.2258,0
325.6702,427.334,0
365.8048,460.9048,0
313.1812,487.815,0
365.9764,435.2644,0
371.8121,468.4877,0
366.7397,488.124,0
364.3691,416.2452,0
400.5466,488.4125,0
397.3777,443.1798,0
349.8848,457.3018,0
373.4705,463.7256,0
410.8459,444.0161,0
369.0345,451.867,0
332.0078,478.0337,0
380.1486,489.5629,0
360.2548,433.9115,0
369.5114,470.2775,0
390.9335,433.3536,0
371.2442,429.5875,0
363.9483,471.4143,0
367.1657,419.6489,0
335.7924,520.386,0
354.6768,464.467,0
338.2893,450.4384,0
338.7947,451.8725,0
322.4705,419.4747,0
376.054,419.7518,0
340.5633,433.9309,0
352.6904,493.791,0
389.152,459.4864,0
390.7362,465.1426,0
330.9818,407.4292,0
316.2043,465.7607,0
349.2232,496.7661,0
374.1575,471.8551,0
320.9619,470.6945,0
336.0603,458.1522,0
331.4471,453.9435,0
384.6998,479.3778,0
368.0258,430.5018,0
333.3339,502.5257,0
414.9637,443.9924,0
370.0441,428.7226,0
346.6181,415.0637,0
331.1072,499.2778,0
376.366,510.22,0
348.2015,454.3939,0
385.6077,480.5844,0
360.8395,460.387,0
329.6792,466.9978,0
331.1736,500.0431,0
346.7469,479.2877,0
335.9243,445.6166,0
340.3061,418.4716,0
314.8857,513.2043,0
344.9636,497.528,0
355.351,448.3176,0
360.1733,436.2321,0
320.1182,493.0677,0
373.0233,481.2944,0
312.6086,498.6156,0
320.7385,492.6392,0
351.8317,479.4984,0
334.5043,467.5356,0
376.3681,486.623,0
306.2861,417.4064,0
320.8343,462.8111,0
313.5653,418.5748,0
333.7711,465.5885,0
344.2928,452.0497,0
330.9424,430.6698,0
387.3214,450.1263,0
293.7608,452.0297,0
392.1162,542.7565,0
319.6198,452.1863,0
323.3172,535.144,0
343.9216,513.7458,0
372.9856,500.5662,0
323.3535,389.7249,0
357.4674,431.9595,0
331.5112,418.7859,0
342.13,489.1424,0
350.4718,519.245,0
338.6547,443.2186,0
356.9043,533.1602,0
338.8116,531.3877,0
341.6092,445.869,0
353.7415,418.2575,0
343.8669,470.0248,0
326.645,456.9054,0
374.0655,469.3739,0
315.6165,551.6125,0
356.978,510.3464,0
356.5862,442.054,0
348.8174,467.4174,0
338.1136,458.1941,0
364.4498,439.3828,0
329.6808,464.9089,0
356.0682,465.2376,0
344.0844,498.0588,0
372.3148,434.9296,0
312.5928,448.7813,0
339.6352,452.6359,0
340.5697,426.9228,0
313.3801,442.9365,0
351.692,428.7997,0
364.1679,471.061,0
372.8242,448.1683,0
338.983,436.6292,0
333.5908,458.9468,0
307.0232,532.6991,0
366.5405,494.1376,0
350.0224,429.6145,0
328.3977,423.0179,0
339.3956,484.5848,0
342.811,479.5818,0
375.7955,417.2369,0
343.4019,401.5209,0
352.1675,478.3517,0
376.7581,455.5302,0
358.9168,429.9863,0
370.3904,403.9191,0
382.6171,490.9363,0
343.7356,415.9357,0
344.1985,438.2388,0
332.8947,463.95,0
347.9118,462.1867,0
344.8369,517.8341,0
345.6971,493.2444,0
380.0583,471.3093,0
365.4008,429.5208,0
353.935,427.2871,0
326.8934,433.1744,0
339.9896,452.8173,0
351.0779,399.5316,0
360.4868,493.6192,0
353.0233,462.0543,0
325.27,471.4614,0
327.1499,436.7746,0
328.3436,476.1978,0
356.1354,424.9458,0
352.7493,538.8461,0
348.0991,468.1285,0
371.937,436.7516,0
352.9764,451.0186,0
343.0995,412.6299,0
362.5405,412.0754,0
323.0456,507.1553,0
315.4277,503.5958,0
334.5385,459.4227,0
343.6531,432.65,0
336.4449,421.5192,0
349.1246,444.7094,0
373.9992,492.5966,0
336.5622,445.9225,0
308.3589,455.0742,0
320.6885,541.0367,0
335.3868,533.7268,0
300.5552,485.9448,0
370.0369,437.3521,0
354.2809,444.286,0
348.6212,488.5904,0
338.9875,538.6931,0
382.124,542.424,0
361.1436,474.5516,0
333.1376,431.478,0
322.2147,497.032,0
377.8648,445.6577,0
346.2537,452.6293,0
359.1075,484.3783,0
321.9933,435.7,0
357.5923,390.2,0
316.7394,499.1945,0
386.1189,420.4625,0
328.7074,518.432,0
322.4305,495.4774,0
362.6795,464.5741,0
325.5663,449.6973,0
316.7465,499.2823,0
343.7468,511.0256,0
391.1417,441.8844,0
344.419,433.3664,0
319.896,502.0373,0
349.1013,464.425,0
322.4226,485.1792,0
332.3936,455.944,0
343.8265,485.1061,0
329.6505,444.2878,0
351.129,445.6208,0
332.3586,468.0001,0
365.2687,447.2817,0
343.0736,451.4385,0
338.6951,481.7914,0
336.9948,447.1978,0
431.8947,463.5827,0
344.5104,392.5184,0
361.7786,490.3416,0
340.9197,470.4615,0
348.2367,431.3539,0
351.6264,445.9858,0
321.7833,413.9403,0
362.9387,472.3697,0
358.3708,489.4578,0
389.9906,424.967,0
410.8177,462.6025,0
308.5868,480.7971,0
328.2892,435.4753,0
352.5661,432.2063,0
316.2917,469.9932,0
369.109,410.3582,0
360.1357,518.7826,0
336.3566,464.3521,0
328.7927,499.7536,0
317.7191,413.2477,0
342.1862,452.1545,0
326.2091,495.8142,0
371.6708,514.8267,0
318.7212,440.1904,0
356.0519,429.9266,0
377.4632,437.2802,0
364.4134,471.6179,0
352.804,442.0099,0
377.4845,480.0886,0
357.6958,424.2742,0
316.539,509.4008,0
356.4628,390.3158,0
365.1356,434.9439,0
328.4637,468.6254,0
332.8532,472.3756,0
370.0432,499.5787,0
363.54,492.5004,0
357.8683,435.7096,0
348.7875,447.8454,0
360.603,467.3215,0
361.651,491.5096,0
368.6381,435.8618,0
346.7386,418.5548,0
334.6118,448.1164,0
329.9018,438.4419,0
353.3888,457.5055,0
354.7545,458.7213,0
344.9372,430.7338,0
341.1821,455.5808,0
308.6735,511.1563,0
346.5381,465.9206,0
372.6932,473.0508,0
398.2762,445.1253,0
299.2534,455.8159,0
330.5548,496.2658,0
320.3738,473.8422,0
343.2014,464.1047,0
332.1237,436.0729,0
360.8561,425.0141,0
334.6893,424.9344,0
334.9398,426.3419,0
327.1713,513.8398,0
362.4259,420.0901,0
360.783,452.3608,0
381.5866,464.9232,0
395.7527,413.2692,0
360.4742,466.4208,0
340.5647,430.9889,0
351.5723,466.0363,0
367.8698,476.5554,0
304.0098,427.4839,0
392.1275,393.9315,0
364.2842,458.5908,0
380.0674,400.7816,0
335.4586,478.6261,0
379.5687,485.2813,0
373.2531,505.0831,0
340.4633,505.5046,0
349.5299,492.4774,0
381.2464,427.4415,0
368.9623,443.2705,0
350.9117,509.6212,0
327.9311,453.178,0
386.3573,489.235,0
394.7279,397.0161,0
332.6784,456.433,0
420.1542,493.4211,0
409.3118,449.7514,0
329.1221,517.3132,0
370.3011,483.9527,0
353.265,424.7412,0
340.943,500.0993,0
361.3768,501.6117,0
352.1199,443.6219,0
358.0684,448.3658,0
355.4098,413.9443,0
341.3665,437.639,0
378.6519,454.1636,0
308.8979,401.5159,0
352.2842,457.3568,0
335.6072,495.591,0
379.996,435.5799,0
347.8559,474.3463,0
316.3152,487.4841,0
361.9866,539.781,0
356.5477,474.1264,0
276.8485,493.2701,0
371.944,417.2065,0
349.8468,427.5018,0
332.7123,488.9555,0
378.2688,471.5843,0
359.7705,449.1923,0
332.3176,484.1727,0
348.7791,465.7654,0
372.8018,432.8537,0
374.6923,451.3069,0
352.2658,436.8247,0
317.6112,490.9765,0
363.8677,407.8755,0
402.2653,472.0475,0
337.5693,497.2437,0
380.3671,484.4588,0
369.157,466.5436,0
331.2038,521.4484,0
351.8717,387.3905,0
353.3268,431.1329,0
389.3593,465.8354,0
388.7927,472.9121,0
361.5835,500.7886,0
328.4337,459.0103,0
337.6502,455.6183,0
338.7502,531.5859,0
321.1982,476.5137,0
406.18,473.4958,0
362.156,425.7509,0
326.5699,496.6101,0
327.4781,466.3276,0
369.8383,512.7188,0
340.362,504.9351,0
359.6245,443.0284,0
366.8998,482.9929,0
329.2025,486.0995,0
360.1567,463.3347,0
335.8282,467.473,0
305.7418,485.4792,0
346.2517,462.5762,0
332.3147,537.0721,0
336.8931,441.2133,0
380.4957,463.5781,0
383.4363,444.8475,0
352.7581,453.6958,0
292.77,430.5485,0
313.2459,525.128,0
378.8795,463.4996,0
353.5588,447.8582,0
315.3516,441.0157,0
367.2487,432.0093,0
368.991,488.2346,0
363.1716,501.6967,0
331.318,450.9413,0
392.5735,397.2722,0
309.1158,407.7458,0
387.8845,445.8012,0
323.1738,457.0185,0
349.7369,511.3632,0
340.9042,457.041,0
405.1881,425.1434,0
376.9913,489.0651,0
344.7428,452.7217,0
352.2958,466.03,0
389.985,420.8818,0
312.431,470.3206,0
391.4385,432.6072,0
323.3726,453.2587,0
337.9425,475.0237,0
336.5252,476.9282,0
378.2512,482.484,0
380.1388,480.5219,0
345.6273,513.6244,0
370.274,456.2825,0
393.225,436.7034,0
326.1532,461.8233,0
370.7146,457.1029,0
371.5577,470.55,0
335.0556,452.0679,0
330.9373,476.1544,0
338.1906,519.3278,0
345.626,450.8853,0
343.146,411.7129,0
366.8033,404.5134,0
313.949,490.6122,0
361.213,444.9751,0
345.781,505.82,0
312.2941,454.7251,0
372.093,509.0132,0
368.6031,506.2307,0
338.0845,469.9108,0
403.6485,454.0494,0
341.9914,448.0976,0
357.1571,426.9863,0
367.1021,478.9825,0
339.8878,483.2249,0
367.2556,474.2626,0
380.5843,475.3625,0
352.5845,490.9501,0
332.058,416.3829,0
320.7332,484.4314,0
398.4825,377.6418,0
327.6502,484.8429,0
300.2671,485.3439,0
355.9934,431.1725,0
343.8185,519.2198,0
325.2213,446.6294,0
330.858,503.4954,0
392.4931,424.0859,0
389.3,479.9132,0
367.7884,481.3827,0
353.8518,446.557,0
308.0648,489.8151,0
346.8912,523.0601,0
349.117,441.4878,0
334.1558,426.7131,0
357.0398,457.0631,0
340.2173,500.905,0
278.1236,489.9633,0
337.9086,454.3532,0
306.0799,397.334,0
327.5801,453.4384,0
324.5401,463.6132,0
360.4816,441.6137,0
342.8943,462.4222,0
387.3334,454.9642,0
346.6241,464.3663,0
320.7527,492.9396,0
347.4621,464.3023,0
344.1682,499.3143,0
337.2471,485.6005,0
385.9308,468.46,0
367.7202,470.5781,0
380.3567,443.8122,0
398.5197,482.7281,0
356.3936,466.5658,0
316.3608,521.3601,0
350.4495,439.0363,0
340.6348,432.8668,0
315.0428,463.0834,0
303.5884,442.7502,0
324.649,535.5284,0
355.5816,515.6011,0
387.4871,432.6555,0
330.5099,467.2006,0
337.2689,463.9364,0
311.375,436.1584,0
320.011,506.4042,0
348.8677,428.3373,0
328.7924,450.0981,0
335.7378,415.7433,0
357.607,421.5932,0
337.7313,464.6843,0
387.0229,384.8242,0
335.5378,480.0273,0
353.9531,476.1328,0
348.338,434.2914,0
349.6308,448.3203,0
364.6765,498.9444,0
294.6539,432.4558,0
334.4224,478.8253,0
341.9011,454.2343,0
356.7843,513.2026,0
353.8416,408.3984,0
388.5249,464.8759,0
411.8906,468.2867,0
401.3423,541.3235,0
346.9247,452.3823,0
319.5171,476.9007,0
323.1125,464.9998,0
412.8232,463.8128,0
314.2692,427.9436,0
365.8351,435.2737,0
401.2299,443.0067,0
346.0185,457.6744,0
323.5951,449.2607,0
329.8476,491.7075,0
356.1453,463.4876,0
366.511,413.065,0
343.9388,485.2735,0
337.8681,501.1458,0
330.6333,535.82,0
378.2461,493.6053,0
315.7154,459.7643,0
349.5855,503.5032,0
279.7823,501.3032,0
338.5777,468.5596,0
360.1898,438.4685,0
347.6656,470.5757,0
329.181,491.022,0
386.3666,426.1627,0
347.7327,466.1985,0
343.2339,508.7332,0
370.2567,461.4344,0
322.3777,448.476,0
346.7289,437.0527,0
307.0494,446.4546,0
375.5768,443.806,0
354.3518,426.8713,0
352.049,446.065,0
326.7168,451.7155,0
390.1384,450.6531,0
309.1025,499.5375,0
354.3776,459.5072,0
355.4667,486.5291,0
296.2322,525.6691,0
404.5885,433.3722,0
338.0316,464.1426,0
381.4969,441.1739,0
364.1941,460.9211,0
376.8042,422.6068,0
330.0272,505.1953,0
344.7584,542.0507,0
379.7957,428.8716,0
348.2386,453.3022,0
338.855,407.1869,0
291.0025,420.079,0
314.6475,462.9764,0
356.3426,446.1948,0
346.6779,482.8943,0
349.7001,504.3269,0
305.992,506.4142,0
334.548,488.048,0
353.8405,453.997,0
360.7572,476.5063,0
329.2253,490.8199,0
361.1234,488.8937,0
387.6167,399.1489,0
296.6752,522.3908,0
363.8242,466.3267,0
331.7449,533.543,0
319.2436,500.0008,0
310.368,432.5326,0
378.3219,511.5787,0
291.0073,453.8308,0
306.8285,478.349,0
414.7647,472.4987,0
316.2429,456.5711,0
343.1217,447.6293,0
402.1122,475.9607,0
319.2913,520.9487,0
386.8777,466.2012,0
340.5694,473.5421,0
349.6812,402.5006,0
372.0603,435.2575,0
351.5604,483.4031,0
345.9625,450.7646,0
351.4679,473.3105,0
312.1851,444.0039,0
335.418,548.5864,0
355.4277,479.3876,0
352.0322,492.488,0
397.6172,477.4067,0
334.287,455.3075,0
351.3142,481.6901,0
379.4289,472.6326,0
361.6733,440.9869,0
402.8605,458.3796,0
410.8103,456.8264,0
332.0906,489.2324,0
340.6837,461.4002,0
335.5677,486.2896,0
362.9829,409.9785,0
301.7947,467.0192,0
368.7507,493.9962,0
318.1382,449.5351,0
374.7581,448.7941,0
356.8914,517.4708,0
341.6403,489.6414,0
343.4358,518.1434,0
317.8648,453.7362,0
382.7374,520.449,0
374.2112,381.5731,0
345.1429,491.9756,0
356.025,462.6859,0
323.9088,528.3773,0
370.7485,453.0583,0
365.8347,450.9078,0
401.4166,446.6725,0
351.8338,548.2563,0
321.9328,480.6473,0
320.7486,475.0959,0
378.1191,443.7297,0
377.1757,473.9326,0
324.3777,482.536,0
392.5741,477.467,0
326.1871,453.8375,0
347.7208,439.5081,0
350.9794,455.5352,0
377.3724,447.9937,0
320.8743,474.5408,0
358.8091,464.8054,0
323.0662,451.4072,0
341.1681,457.9104,0
393.9804,490.6284,0
322.9181,462.6502,0
377.3113,452.5474,0
329.2726,459.9369,0
346.7618,465.7979,0
346.8659,435.8797,0
330.6983,410.1497,0
363.512,452.0161,0
365.2794,467.8494,0
317.4173,462.9743,0
371.3296,480.7511,0
367.4878,371.8764,0
357.2475,483.6781,0
346.9972,469.9998,0
379.0418,476.9413,0
374.3957,445.7483,0
336.4775,411.5063,0
370.1285,494.0779,0
355.7496,496.3618,0
384.2959,434.9407,0
364.0257,482.5179,0
340.1767,422.249,0
320.9775,425.9654,0
306.2162,489.5764,0
333.972,462.3375,0
344.9107,464.6064,0
350.6944,430.5378,0
333.3159,399.0682,0
362.7867,402.8001,0
338.0732,418.9641,0
331.9493,452.1323,0
345.9359,464.1555,0
376.4532,514.0255,0
351.0433,405.7844,0
372.2599,479.7989,0
352.3838,437.3187,0
394.9338,495.7162,0
346.2057,501.1462,0
370.2796,438.0702,0
397.2096,443.499,0
361.5271,474.1512,0
319.8147,431.6898,0
409.4116,435.6205,0
364.9223,431.5598,0
333.9225,453.0226,0
353.9178,373.1975,0
369.5937,420.9377,0
348.2023,497.774,0
366.2466,484.5101,0
351.9417,439.6853,0
336.3203,464.0923,0
322.8042,459.9848,0
391.0896,497.7615,0
352.5393,463.8754,0
372.3824,377.2318,0
282.5844,529.3597,0
389.465,431.103,0
341.3703,505.3293,0
325.8518,477.199,0
374.3784,444.1991,0
385.5509,431.1692,0
360.5867,440.0661,0
348.5545,491.2964,0
401.4926,427.9387,0
354.9364,482.8293,0
329.8077,444.5402,0
405.7561,421.3784,0
378.2513,438.8968,0
353.5211,449.0734,0
325.6682,441.4089,0
331.7497,466.7868,0
362.033,421.5265,0
333.3317,497.2106,0
323.8077,511.4738,0
327.5439,497.6929,0
336.9692,428.1568,0
353.1031,477.6613,0
405.4205,489.9946,0
322.9762,542.3698,0
341.1281,422.8193,0
355.3365,404.4994,0
375.7229,489.5557,0
366.584,419.1134,0
321.136,502.3105,0
321.5142,439.2222,0
394.8088,511.2653,0
288.3421,481.8225,0
351.3317,502.9797,0
329.8975,395.4034,0
355.6857,487.5576,0
374.5952,462.0071,0
348.6499,465.2385,0
330.1824,474.6927,0
355.1526,429.8833,0
356.8692,458.9091,0
329.1646,448.4525,0
369.5622,440.4529,0
324.326,425.1594,0
382.3545,408.6042,0
384.0842,476.1299,0
316.5254,497.4089,0
423.6257,427.0269,0
362.0508,425.7943,0
358.3359,439.6637,0
361.0126,484.0203,0
337.3611,469.6263,0
331.5315,483.1019,0
354.4881,443.4647,0
359.5818,456.7237,0
333.3463,476.6237,0
359.301,472.3787,0
329.2701,528.2753,0
310.347,501.3271,0
340.285,442.8578,0
335.0453,442.2973,0
325.2564,447.7836,0
306.1492,413.0674,0
332.2856,461.1844,0
376.2327,386.8489,0
377.8949,499.0148,0
359.0807,482.8475,0
343.8589,456.6209,0
349.3543,447.329,0
385.1878,422.8556,0
342.0632,479.9851,0
353.6198,434.0898,0
391.4981,486.9628,0
333.3122,467.0831,0
383.8232,412.2238,0
357.9647,532.0232,0
364.2166,480.1052,0
342.9212,450.0598,0
344.5664,466.2934,0
375.0756,442.1933,0
378.5862,465.3306,0
356.1301,434.2474,0
313.8873,556.4114,0
336.8868,501.0018,0
316.6414,480.7155,0
333.3057,501.7389,0
364.6345,434.5327,0
396.8896,440.8726,0
356.9568,389.1323,0
346.0272,445.7202,0
373.251,475.9948,0
380.2845,481.2928,0
350.0553,460.8393,0
324.8251,442.8447,0
341.3846,445.8632,0
356.0271,445.3289,0
334.0331,491.3207,0
352.812,466.9752,0
333.4855,485.3032,0
354.7212,498.9308,0
361.6808,420.3158,0
388.2678,433.0175,0
303.6077,471.7208,0
372.163,467.8768,0
296.171,483.6299,0
385.3301,463.1368,0
370.821,449.2537,0
370.2465,453.7426,0
320.4446,384.3533,0
334.0124,475.4818,0
315.786,405.9333,0
367.2053,488.9175,0
353.525,460.3888,0
324.8256,487.2776,0
384.3272,461.3967,0
360.5454,433.6217,0
365.281,435.8538,0
372.6874,459.0368,0
348.8305,450.7029,0
333.0871,525.4449,0
345.4656,442.9866,0
314.734,485.9563,0
355.1575,460.7679,0
335.9347,472.8868,0
365.838,502.2739,0
398.9074,392.6374,0
355.4029,455.1294,0
354.403,496.7467,0
400.7161,394.8767,0
344.4406,479.5179,0
291.6764,499.5974,0
318.2937,460.429,0
376.1791,519.3468,0
336.5741,465.676,0
314.5533,491.5604,0
336.6106,451.9272,0
388.4836,454.6938,0
340.3327,415.1357,0
384.6947,443.9918,0
344.673,443.1239,0
373.6146,446.3744,0
339.1286,491.8868,0
363.9324,493.9901,0
333.0017,395.1,0
372.1522,472.1238,0
309.9598,437.6024,0
351.0549,425.0445,0
327.1046,494.2983,0
332.7087,473.3978,0
335.6943,491.4485,0
380.5795,458.0225,0
395.3929,394.6268,0
313.2327,472.2949,0
390.631,504.4478,0
314.4258,446.7078,0
353.8701,450.7453,0
355.0744,477.192,0
381.4978,465.9864,0
357.6278,494.3136,0
363.4158,398.2996,0
363.1494,426.8889,0
380.6319,485.8228,0
332.09,426.9649,0
323.947,471.4636,0
355.1963,466.1137,0
381.0168,401.4525,0
327.1151,442.8547,0
360.798,492.6053,0
323.245,432.9927,0
352.7149,430.1827,0
374.8022,491.8852,0
317.001,423.125,0
350.6809,462.4819,0
376.4139,473.3611,0
365.6529,461.5604,0
383.6432,393.0558,0
368.9852,374.6673,0
333.7164,469.9991,0
392.7836,404.5128,0
321.0075,461.7935,0
341.6808,425.6711,0
373.3657,463.6632,0
377.1161,424.1041,0
357.7085,407.9448,0
328.2674,501.777,0
369.5859,488.3542,0
354.4493,509.2425,0
358.7683,422.4471,0
309.1259,499.5341,0
347.0833,449.1218,0
337.7162,426.1871,0
362.6642,411.3564,0
391.4362,393.4995,0
361.0897,440.7913,0
351.9764,487.4047,0
356.6807,406.6075,0
334.6294,534.6907,0
329.3538,465.083,0
329.5927,500.8906,0
348.4731,470.4383,0
377.8589,439.8655,0
341.5018,469.8994,0
400.6834,513.3727,0
349.0662,449.9377,0
311.6152,481.6583,0
322.4522,437.1339,0
345.5458,493.0945,0
377.248,485.5237,0
351.4424,459.2864,0
366.4748,453.414,0
348.9663,492.8359,0
368.8765,453.3666,0
299.3679,436.3467,0
375.0844,462.5424,0
369.1591,404.9398,0
324.2594,437.3981,0
291.7637,534.3985,0
323.88,522.6844,0
374.1214,462.2737,0
367.8901,478.0328,0
375.0186,441.1212,0
320.9919,505.3127,0
357.9076,507.8622,0
321.0315,447.0135,0
300.5471,469.0489,0
389.5552,540.5117,0
309.4792,498.3239,0
312.3278,500.7224,0
379.7175,418.4863,0
329.4224,473.5208,0
337.063,417.7425,0
356.2226,464.4953,0
320.812,554.3798,0
390.8454,463.5491,0
324.7787,451.0914,0
361.7931,496.5056,0
339.9891,475.5618,0
322.8548,455.572,0
337.9236,424.9631,0
328.5818,500.7234,0
353.7409,401.9847,0
331.076,473.6182,0
403.108,419.1603,0
323.826,501.6848,0
335.6148,428.2417,0
372.6141,454.7474,0
309.257,483.646,0
386.205,411.754,0
347.8481,417.261,0
367.305,468.5087,0
370.321,434.8367,0
353.3424,403.4648,0
349.5481,456.9671,0
304.9032,452.3527,0
339.8327,497.4529,0
379.7078,474.2046,0
362.8148,488.9504,0
364.0037,429.8201,0
397.5971,459.0282,0
328.9822,400.754,0
372.3622,445.0577,0
331.9286,468.2048,0
362.1108,461.6963,0
312.0249,441.7274,0
320.2004,522.3976,0
347.4615,449.3323,0
315.3627,424.1941,0
356.0214,482.6916,0
336.2347,497.3447,0
351.2023,415.7026,0
335.0082,497.7333,0
362.9238,463.1929,0
377.9658,417.2855,0
376.7939,456.6558,0
324.3523,432.3278,0
393.3025,421.9146,0
381.5364,451.4812,0
359.2748,439.2101,0
363.8599,484.9542,0
328.8071,424.1429,0
373.8389,464.7501,0
343.6279,444.1174,0
397.3077,485.6848,0
405.3216,466.5496,0
373.2512,443.666,0
320.3289,493.8229,0
348.178,430.6328,0
343.8272,485.3988,0
304.6307,489.9207,0
336.1866,506.5883,0
352.5503,456.1302,0
335.1898,492.4303,0
363.8789,424.3847,0
324.6722,478.0783,0
364.9716,455.4894,0
280.296,510.5286,0
319.3195,565.5964,0
325.2197,410.1757,0
327.2231,470.209,0
363.639,455.8265,0
327.7754,473.6809,0
359.6121,453.0551,0
383.8782,406.7726,0
317.6688,462.7495,0
339.1237,463.9308,0
353.1113,458.1119,0
316.9941,440.5914,0
331.1576,442.5526,0
332.8112,515.2231,0
371.0568,432.9583,0
339.1189,451.246,0
336.1612,411.991,0
359.8946,451.574,0
359.9752,445.1754,0
361.495,452.1495,0
364.9971,453.8207,0
339.4177,440.0245,0
316.2528,464.1768,0
386.969,516.2394,0
327.257,501.2103,0
316.0842,504.9828,0
368.3438,431.7244,0
397.5837,410.1359,0
324.2051,493.1935,0
365.7901,480.3864,0
361.7887,450.511,0
350.0275,459.8901,0
336.1929,530.6504,0
328.6229,504.2766,0
383.9349,441.2542,0
367.2148,418.0183,0
353.383,451.2423,0
368.6376,466.8079,0
352.5751,477.7739,0
380.6949,486.8953,0
331.5124,511.0821,0
387.3312,450.6436,0
334.6917,455.9517,0
320.7892,372.7048,0
380.7749,494.9582,0
368.8705,444.67,0
319.5654,459.4748,0
385.764,421.4739,0
370.7749,419.2392,0
309.4589,465.6495,0
389.6459,432.517,0
395.7561,456.3272,0
349.9016,494.6176,0
354.0968,473.1435,0
375.1114,438.89,0
376.5316,448.3808,0
372.5066,458.0829,0
351.5727,422.6042,0
346.5101,535.876,0
338.1957,455.3201,0
338.2668,478.5746,0
346.2119,511.9041,0
395.6669,436.0945,0
348.6684,468.7693,0
372.9378,444.2549,0
394.8897,439.8626,0
398.5604,395.5704,0
346.6786,471.0597,0
325.2568,447.9383,0
335.9666,430.0826,0
322.8965,504.3085,0
352.174,502.0082,0
347.8372,467.1817,0
342.4833,438.8135,0
361.9382,456.0137,0
359.3665,472.253,0
381.2213,439.8627,0
330.695,457.306,0
314.6606,478.3116,0
401.0571,473.9666,0
336.3563,443.9988,0
357.0995,424.1022,0
358.8189,445.6728,0
350.2878,404.9333,0
312.3091,445.279,0
408.9382,536.238,0
309.2618,506.9567,0
335.1044,476.6964,0
350.8898,431.8704,0
315.7578,436.0427,0
335.1374,434.2822,0
365.0831,449.2437,0
354.6685,458.537,0
365.3589,452.2488,0
401.8652,412.5311,0
348.0188,477.8449,0
344.5927,448.4674,0
351.3702,426.4032,0
314.8722,446.0131,0
365.6889,432.5427,0
331.0977,528.0898,0
363.111,546.8978,0
348.6351,483.5117,0
350.9398,447.4308,0
363.6097,454.6374,0
330.3221,441.076,0
392.1598,462.6773,0
376.6801,474.135,0
335.5673,511.9438,0
335.3295,409.3844,0
377.0158,527.9268,0
337.566,448.2138,0
333.0383,478.3504,0
354.8752,413.2147,0
351.854,414.3772,0
355.7409,430.4869,0
380.2977,475.7406,0
323.6476,427.4561,0
375.2086,482.7696,0
324.1473,486.4811,0
353.8394,471.378,0
374.0246,479.8126,0
323.3966,479.5106,0
383.1128,478.7628,0
391.8335,459.9219,0
367.8989,412.4262,0
360.9182,459.9124,0
363.1288,450.58,0
388.6384,440.4622,0
340.5386,436.5956,0
378.3039,436.916,0
355.1414,480.2075,0
356.7428,442.1893,0
315.4061,422.5753,0
400.7825,439.4,0
380.8546,499.967,0
363.9212,455.9933,0
395.4931,429.1655,0
357.5292,429.5911,0
348.5546,433.3483,0
396.3022,426.4098,0
329.1643,457.5384,0
378.0299,434.39,0
319.0017,395.6528,0
342.6019,444.5385,0
360.1923,462.8901,0
317.2184,456.9354,0
349.1313,503.7418,0
343.9492,462.9079,0
324.7043,529.0403,0
328.2189,487.5332,0
353.4883,445.0454,0
401.9962,424.4734,0
413.7731,449.2114,0
389.1009,434.8618,0
333.9884,449.3032,0
361.8676,439.912,0
329.5399,413.8911,0
371.9916,499.4736,0
352.6929,453.1427,0
336.3965,458.783,0
340.476,477.7265,0
312.9913,463.8607,0
372.4122,353.3835,0
332.0259,461.0423,0
328.0307,484.1762,0
392.6755,476.2696,0
326.127,503.1714,0
340.6593,469.1725,0
369.0494,459.2737,0
335.7194,502.5863,0
349.9069,442.8133,0
348.9193,473.4759,0
367.4306,458.5638,0
369.4179,443.0861,0
285.1828,445.4444,0
349.879,412.1218,0
320.2754,471.4185,0
350.7402,440.6675,0
340.5262,491.5031,0
362.843,493.5804,0
391.106,460.1589,0
360.1293,409.1639,0
337.4893,454.2151,0
367.2451,502.6598,0
383.4063,426.6641,0
354.915,449.5296,0
399.6281,430.9481,0
336.8497,477.308,0
318.653,475.8617,0
366.5981,445.6282,0
366.1042,471.0601,0
338.5314,475.6108,0
348.0398,463.702,0
275.283,444.044,0
338.2592,461.514,0
365.9175,467.0255,0
317.7928,487.46,0
364.6079,493.4553,0
355.345,422.2889,0
379.8388,445.5445,0
372.6274,443.9309,0
351.1902,411.7615,0
394.6013,411.6984,0
332.3076,449.3142,0
340.9629,485.7161,0
345.4494,422.8632,0
388.8502,452.1249,0
377.0529,464.4728,0
358.3018,457.7064,0
350.4496,503.7648,0
400.5446,441.5874,0
361.0989,427.8226,0
379.9969,496.9637,0
318.3517,499.4982,0
387.387,426.4482,0
359.6564,470.7665,0
398.3789,490.1475,0
396.1154,437.7225,0
327.1564,518.9688,0
397.6396,401.4468,0
377.0266,422.4363,0
359.1332,458.4362,0
385.5211,508.0838,0
352.6555,383.885,0
344.899,468.5269,0
362.2419,418.1136,0
364.2543,471.1613,0
322.7573,505.264,0
366.9077,430.5777,0
357.5885,484.9487,0
381.2849,442.7401,0
343.4799,448.0609,0
347.8098,541.5411,0
378.9837,508.9562,0
322.8449,455.6124,0
362.55,500.5329,0
374.3683,421.7062,0
350.3884,445.4501,0
336.8714,485.0326,0
389.7893,461.7681,0
382.733,466.2547,0
388.3134,474.7202,0
340.4535,457.7009,0
366.2175,426.6865,0
351.9427,472.6354,0
329.4909,473.5781,0
356.4246,418.371,0
303.5216,495.72,0
332.3026,405.7952,0
336.0889,485.4727,0
291.004,497.2103,0
416.8342,444.2887,0
337.5346,414.3018,0
374.3749,482.2844,0
325.9339,467.3202,0
348.223,477.6919,0
377.9706,431.0887,0
337.6268,452.4166,0
337.5794,482.7443,0
310.7184,486.559,0
358.4393,464.0261,0
330.0692,473.2455,0
324.4042,419.2003,0
323.1321,469.6864,0
324.7124,491.9533,0
400.7511,459.395,0
329.6864,450.9304,0
320.5652,424.5934,0
365.1008,447.2728,0
359.9883,453.3883,0
339.5692,462.9145,0
347.5575,465.0239,0
329.0591,451.797,0
411.8939,446.5262,0
339.307,472.8663,0
334.8851,495.2212,0
379.1984,399.4336,0
354.1655,463.6133,0
314.7794,473.8699,0
326.9361,442.0016,0
347.2842,483.5116,0
349.5099,493.9017,0
356.1025,460.1864,0
368.3434,452.4962,0
378.6934,425.054,0
361.2808,468.87,0
329.4722,431.1933,0
360.8318,424.4012,0
337.6162,446.9955,0
351.6251,444.649,0
307.4344,447.9592,0
347.3701,449.9402,0
312.4969,471.085,0
315.4742,446.5557,0
310.9035,483.9305,0
332.1909,512.5612,0
337.8388,477.6978,0
306.2639,437.6592,0
352.5976,427.5508,0
322.7689,483.8752,0
333.7783,431.3625,0
330.254,456.0823,0
340.293,493.7803,0
393.0109,403.5771,0
381.7295,437.7268,0
356.3138,448.5319,0
347.6265,424.2654,0
335.6136,427.1859,0
303.5887,513.9369,0
361.1125,504.9336,0
342.1921,499.9893,0
354.9757,459.5042,0
343.246,527.4439,0
338.5526,490.7543,0
345.9357,473.8935,0
363.1356,477.0362,0
333.8153,486.6023,0
344.3354,513.993,0
347.6848,481.1803,0
377.3408,443.6232,0
364.0084,468.1407,0
344.9286,501.2878,0
333.126,494.5963,0
360.9326,417.8164,0
359.754,422.614,0
292.9261,498.1173,0
355.2632,447.6295,0
319.4525,462.899,0
339.698,431.2587,0
344.9388,457.4916,0
345.2495,441.676,0
306.7609,488.8686,0
348.0289,451.7408,0
362.1844,400.5421,0
374.9203,479.1116,0
333.006,379.7226,0
330.8192,472.5533,0
351.5895,440.5791,0
338.6214,420.5762,0
378.3277,487.623,0
374.7595,465.0319,0
340.2799,491.8918,0
334.1766,496.4967,0
346.0701,423.9129,0
362.9567,545.1638,0
347.8747,485.4504,0
345.5975,499.4459,0
327.7509,474.905,0
348.9719,508.4805,0
412.5353,387.7027,0
352.8849,459.0834,0
385.2305,436.3753,0
365.6588,485.5456,0
360.1349,497.3063,0
353.3895,445.2769,0
343.3831,417.4241,0
361.2874,451.8626,0
391.2138,424.1549,0
349.3239,443.5055,0
322.707,453.881,0
336.0742,450.8725,0
338.5573,472.3775,0
355.5846,506.498,0
335.3037,496.5063,0
400.1152,457.6794,0
341.013,475.6799,0
354.9191,420.8501,0
375.9858,441.985,0
352.519,404.6714,0
288.3658,425.8737,0
379.1448,421.2429,0
330.5858,506.3484,0
340.0233,401.8648,0
356.283,457.3923,0
325.8788,478.7785,0
308.7205,490.0296,0
352.1145,472.3516,0
323.7791,476.0118,0
349.7876,497.6532,0
337.5306,470.6169,0
345.3431,479.0546,0
347.3937,466.9012,0
346.1118,408.7364,0
334.3452,438.9433,0
315.9,488.0565,0
343.7108,442.1332,0
328.6048,442.2919,0
347.6069,418.032,0
360.626,430.8488,0
334.4536,429.8849,0
343.0492,443.78,0
289.4821,472.0245,0
326.5662,417.3021,0
362.022,454.1843,0
382.4437,469.4082,0
301.7472,501.7208,0
331.0417,440.3388,0
355.4221,491.4806,0
321.9324,441.4407,0
344.8747,469.8568,0
336.7635,452.8928,0
345.0729,451.4814,0
343.6434,445.1893,0
321.6718,485.9432,0
334.7432,428.8442,0
349.6943,472.444,0
373.1472,441.6648,0
352.2325,486.1607,0
365.2707,379.0973,0
363.6932,456.685,0
359.033,514.0696,0
293.5787,499.7266,0
277.2498,458.507,0
290.4918,450.4494,0
392.5884,422.9716,0
355.9727,474.2429,0
329.58,477.5876,0
330.5604,437.0202,0
380.3007,426.3486,0
350.6732,445.5845,0
340.9225,512.5618,0
344.3919,472.682,0
348.2255,432.3264,0
323.1925,489.1043,0
352.1965,427.8033,0
337.5438,403.3928,0
331.1925,484.4093,0
342.5381,471.7505,0
291.0582,502.3749,0
328.4653,469.1303,0
339.4663,446.777,0
399.5602,492.2075,0
348.7452,440.3793,0
356.6981,492.8026,0
345.9133,502.5671,0
360.4617,500.2366,0
374.0626,451.3573,0
322.0916,435.8434,0
358.7752,485.6505,0
359.022,452.2326,0
308.8124,433.2276,0
385.5975,492.8319,0
286.9149,480.7546,0
398.6828,449.8256,0
309.766,450.734,0
269.8965,510.0737,0
362.5781,421.9209,0
342.7581,447.9632,0
326.055,552.0935,0
365.1881,469.5683,0
348.9697,509.5796,0
352.5924,400.1126,0
332.5073,495.7004,0
354.3224,482.9629,0
319.3823,474.0947,0
360.7418,438.4898,0
338.1193,434.272,0
353.2067,439.5213,0
376.5026,428.5961,0
361.961,391.3006,0
345.5347,471.5104,0
403.7919,467.329,0
324.502,446.314,0
419.9221,476.2157,0
348.9371,466.974,0
340.6271,576.4138,0
354.6453,483.9118,0
409.4325,436.3383,0
344.8337,444.9854,0
369.2415,473.783,0
355.2696,402.712,0
340.537,424.5524,0
333.1992,460.1694,0
316.5835,441.9696,0
340.8018,451.9627,0
317.9861,465.924,0
328.2725,412.4353,0
332.7554,486.7974,0
380.5227,444.1329,0
332.2464,427.5433,0
335.5222,419.2433,0
387.9736,401.5463,0
362.9489,481.9553,0
378.8945,511.7791,0
377.9922,435.348,0
329.8563,428.6559,0
380.6718,415.7632,0
362.6237,420.7859,0
374.6798,469.061,0
345.1721,425.3133,0
354.8993,428.767,0
303.8219,457.3805,0
378.6851,452.7992,0
371.3316,467.3408,0
362.6435,433.2305,0
353.2973,462.0478,0
375.2038,443.1319,0
345.8702,479.7827,0
361.4286,432.6735,0
325.8841,550.7813,0
333.7907,442.9828,0
331.7055,458.7348,0
332.8982,484.2717,0
365.726,482.3232,0
357.1161,433.8771,0
290.4761,418.8068,0
356.4449,454.9148,0
360.0631,459.7478,0
323.4864,519.2645,0
287.0258,480.8608,0
359.0048,449.4085,0
368.7215,443.5284,0
319.3025,495.9232,0
404.3036,475.4729,0
396.3022,480.7087,0
348.5289,465.8936,0
340.0554,430.4202,0
354.3075,489.2878,0
377.6827,493.3494,0
332.7185,424.6414,0
340.5046,477.184,0
326.2453,465.5825,0
358.168,433.8386,0
348.2448,443.1496,0
382.9455,448.6726,0
355.7109,467.4018,0
305.6281,477.775,0
424.9973,496.7221,0
346.2449,435.5442,0
363.3476,442.8647,0
388.571,479.5965,0
349.6225,476.0573,0
364.4357,429.8848,0
347.9266,445.2277,0
350.4966,492.159,0
339.6896,457.5242,0
360.9258,449.3007,0
329.0208,463.187,0
325.1531,480.5581,0
356.5722,412.3913,0
387.877,467.9177,0
345.5182,454.9699,0
386.0042,444.0346,0
360.1664,470.7503,0
299.2853,429.9355,0
304.3465,535.5931,0
346.0649,423.3179,0
352.2231,480.0111,0
383.9726,421.768,0
344.4975,474.6112,0
396.181,447.8522,0
410.4453,402.8734,0
338.061,481.5137,0
321.0462,471.5648,0
342.0764,543.2213,0
328.063,474.747,0
372.9009,442.0989,0
349.9512,413.9193,0
342.2802,447.1018,0
361.0964,470.3931,0
322.4982,527.3887,0
354.3076,463.4904,0
375.3618,489.0267,0
372.1096,477.461,0
369.9191,435.4107,0
362.6125,470.9996,0
383.315,404.2559,0
359.6378,485.7222,0
335.3115,437.0945,0
331.0251,412.6811,0
375.8761,470.8657,0
402.095,477.226,0
359.8058,416.3397,0
328.4365,428.2782,0
354.0671,435.1779,0
392.2679,459.1819,0
388.9876,512.5006,0
366.2424,455.7483,0
364.0703,470.6051,0
403.3753,469.3785,0
379.7264,434.6125,0
365.2615,475.6211,0
359.2585,477.7447,0
347.1476,481.8281,0
341.8577,453.7308,0
343.1632,436.3835,0
374.9244,501.4776,0
322.7942,495.1661,0
339.2985,445.7489,0
362.2746,503.7262,0
350.5249,448.628,0
335.838,468.4744,0
355.5872,420.6906,0
323.9813,399.2715,0
375.3426,431.4642,0
345.4546,469.7595,0
376.8409,515.774,0
378.7102,465.0414,0
348.9386,458.2376,0
403.8533,494.7564,0
363.1454,540.1474,0
348.9885,474.04,0
317.3903,506.5746,0
347.2165,479.1252,0
340.0816,477.8103,0
341.8399,475.0544,0
405.7554,442.9391,0
384.8405,461.8242,0
385.5175,454.7911,0
394.7856,366.9024,0
362.5068,432.9513,0
329.6708,433.3009,0
387.2213,530.0169,0
368.0139,463.9908,0
345.9413,530.5695,0
371.1619,418.3246,0
353.6624,498.2114,0
348.7955,485.827,0
384.6467,420.5311,0
421.5281,439.4393,0
328.4406,448.6685,0
329.2802,459.897,0
299.9483,498.3826,0
393.1348,424.4262,0
387.8494,433.5856,0
370.1206,457.6698,0
366.8978,507.64,0
373.1638,451.5862,0
365.1524,526.9442,0
383.0042,457.5077,0
338.1319,447.615,0
357.7225,421.1992,0
365.7913,442.8795,0
346.6102,481.1421,0
400.2341,430.6772,0
369.9844,457.3358,0
395.7629,450.7257,0
341.7753,502.113,0
344.3541,447.9214,0
354.0583,470.9705,0
339.3006,458.507,0
360.4955,480.2038,0
364.9136,461.512,0
337.718,400.8847,0
381.3124,446.9732,0
379.8813,441.3405,0
388.3546,450.2775,0
344.4103,458.7042,0
365.8627,453.8836,0
341.1115,449.8786,0
333.6093,459.1544,0
340.1349,414.5966,0
376.9253,504.5354,0
358.2891,457.5713,0
381.114,487.7438,0
372.1183,481.7899,0
306.0252,517.8597,0
333.7043,477.4004,0
361.3316,433.7709,0
348.3881,446.8352,0
391.4619,466.4128,0
350.6549,466.831,0
373.4869,448.3235,0
313.6098,472.641,0
352.548,460.0605,0
387.2448,461.7098,0
355.3762,424.1818,0
390.2103,452.8121,0
355.645,419.737,0
367.2769,460.2196,0
345.8234,462.0407,0
369.3952,468.5494,0
346.1791,468.861,0
313.896,511.2161,0
340.7127,496.2314,0
325.4517,453.3973,0
370.8504,471.1844,0
382.8376,465.3206,0
330.0821,464.6372,0
348.2895,453.0371,0
343.0699,481.5277,0
305.178,421.5876,0
321.2789,446.7375,0
365.3203,458.6797,0
314.9422,503.1782,0
397.7453,438.2426,0
349.2654,416.1443,0
335.1186,454.9473,0
337.4249,479.02,0
347.0874,451.788,0
342.5711,473.3742,0
351.3331,422.205,0
319.9396,506.7609,0
346.8055,445.2538,0
324.9818,459.3093,0
321.4932,495.5385,0
293.04,506.3493,0
336.2204,464.3899,0
355.9216,514.9203,0
383.157,479.5749,0
350.8738,472.1137,0
372.7213,460.0477,0
334.7558,457.3565,0
370.3904,473.7455,0
375.9322,430.9733,0
326.6099,497.8571,0
350.7321,450.1795,0
401.6725,421.0662,0
333.3027,477.8979,0
312.3282,442.9489,0
308.5252,458.8537,0
315.5344,477.3294,0
366.9567,493.2959,0
337.8548,491.2889,0
362.6284,493.7943,0
373.8126,471.1499,0
376.425,432.7986,0
366.6281,477.2903,0
341.681,396.2363,0
349.5538,429.385,0
403.1805,431.142,0
375.6979,422.1259,0
324.3151,465.5131,0
298.3178,536.3846,0
377.8972,465.9645,0
371.5842,488.6176,0
344.3169,462.6945,0
345.0353,485.2409,0
342.5709,511.437,0
354.4813,463.3971,0
329.3746,503.9869,0
370.6218,451.9403,0
322.0105,539.7963,0
361.356,494.6011,0
343.5316,423.6944,0
368.0005,492.2559,0
338.5497,520.1433,0
378.3135,457.8324,0
313.2376,510.6801,0
343.168,498.6855,0
362.9892,456.3007,0
322.7758,467.7296,0
390.1022,457.8325,0
353.0521,439.8265,0
373.6829,486.6935,0
389.0717,477.1328,0
372.0074,423.3152,0
373.2151,435.9631,0
365.6994,438.8686,0
297.1863,424.6063,0
378.6113,441.8427,0
370.072,488.048,0
383.9008,478.1055,0
313.0577,445.4072,0
337.1904,432.0571,0
344.0798,586.9075,0
358.0984,449.33,0
327.1516,474.1995,0
383.3558,470.6795,0
371.9725,440.894,0
322.5099,469.3754,0
366.8937,469.1074,0
349.5319,434.7378,0
418.1148,439.1434,0
348.5436,471.4611,0
357.4195,424.2554,0
389.4597,410.5359,0
327.1284,428.5479,0
355.285,495.4315,0
394.9375,492.2681,0
381.1679,467.4564,0
352.4519,449.6233,0
318.6129,439.4414,0
382.1719,420.8234,0
362.0991,555.7037,0
333.6055,496.5034,0
371.6716,488.2006,0
320.091,541.3586,0
324.999,510.223,0
408.6896,482.5373,0
332.0433,533.6448,0
359.266,437.1166,0
343.4343,457.9316,0
365.9224,402.3661,0
343.3966,452.866,0
318.8873,503.7803,0
331.6509,502.5259,0
337.0051,492.9637,0
375.8206,435.6288,0
354.7632,466.6897,0
380.8288,487.5347,0
329.5456,440.6255,0
372.8263,452.3828,0
366.0745,464.4207,0
341.1913,425.1533,0
366.8428,494.6605,0
313.0627,503.9871,0
344.1548,412.4972,0
389.778,463.7865,0
387.8671,416.1936,0
335.0391,473.8893,0
344.2782,454.0412,0
335.4527,438.7913,0
355.3002,439.2108,0
347.0952,448.2413,0
382.9966,459.4433,0
355.3518,457.7851,0
330.0443,405.9738,0
327.7447,408.8369,0
384.6011,416.3051,0
352.2153,456.8404,0
323.8214,484.4511,0
388.308,441.8718,0
334.0631,432.0597,0
375.621,454.3527,0
328.6581,459.2349,0
384.6196,477.8531,0
278.0109,482.3977,0
433.8507,505.6162,0
345.4071,446.5814,0
304.8098,489.6205,0
386.027,469.8516,0
330.7413,388.4676,0
369.2375,463.7956,0
318.36,507.3301,0
353.0069,424.1686,0
298.4573,537.7097,0
319.7454,486.0451,0
339.2549,454.6073,0
307.6261,479.0891,0
312.0558,450.485,0
338.3615,385.5628,0
331.5859,486.1144,0
362.4236,432.3262,0
362.4528,454.4554,0
294.0552,486.43,0
277.4267,447.6588,0
309.1754,472.4316,0
306.5973,471.9207,0
324.6824,442.8522,0
353.7689,474.2078,0
364.2917,431.8891,0
318.5912,413.358,0
386.1602,456.0168,0
362.4561,420.0993,0
390.0494,419.0443,0
351.196,440.5031,0
370.33,506.8051,0
325.8992,466.8121,0
356.9556,393.9841,0
279.1454,478.0494,0
343.9413,442.5576,0
348.2437,443.737,0
374.7458,470.6285,0
314.4677,443.7472,0
337.2679,484.8891,0
332.7926,461.8386,0
372.5208,457.928,0
306.2434,439.748,0
340.7317,462.7598,0
347.8274,445.3699,0
332.9673,458.8058,0
345.717,460.2075,0
294.9229,512.8782,0
379.5334,493.6583,0
431.5576,497.7106,0
325.4525,458.4659,0
320.8866,426.0787,0
336.4481,436.0826,0
309.3713,501.2816,0
321.0791,433.1996,0
355.456,427.7281,0
345.6547,476.642,0
365.9598,415.0687,0
355.547,457.1542,0
349.3959,447.015,0
355.4608,485.1345,0
358.0804,509.2047,0
321.2513,536.9949,0
321.8248,406.9423,0
310.849,468.4943,0
340.4738,420.67,0
321.6506,448.4011,0
312.1768,405.2459,0
358.1564,496.8172,0
340.1111,479.3448,0
330.4962,426.8332,0
308.1137,446.4614,0
319.8125,459.5684,0
304.9745,387.8221,0
279.9411,419.9851,0
331.4714,506.0645,0
372.3375,506.0602,0
355.2025,442.4802,0
343.6494,391.948,0
317.8605,461.0707,0
343.4401,494.9804,0
384.2545,417.1558,0
343.936,515.887,0
349.031,441.1686,0
316.2651,491.1075,0
338.3701,432.7981,0
368.6184,447.6241,0
394.9118,483.0912,0
330.3238,460.0885,0
335.0342,496.1069,0
413.4187,428.0269,0
362.8804,458.0998,0
325.2029,412.368,0
319.7546,473.9717,0
311.0589,510.0169,0
361.1317,507.9277,0
349.5822,459.1924,0
398.7471,428.9537,0
370.5996,472.4196,0
327.3654,484.7531,0
360.9716,448.2886,0
332.008,493.5054,0
322.0808,420.7579,0
354.0552,481.505,0
346.6301,433.3423,0
346.6977,457.5901,0
348.6108,450.3691,0
354.0734,482.5313,0
312.1622,460.7639,0
350.5358,446.2283,0
334.1815,459.6885,0
346.3839,472.2142,0
319.7007,507.1592,0
302.4724,441.8525,0
379.5245,500.07,0
347.9726,495.7656,0
357.2465,458.3849,0
346.7625,488.934,0
310.1126,450.3867,0
307.1324,425.8499,0
366.659,468.9609,0
302.6259,422.6379,0
341.7026,494.378,0
347.8167,381.7704,0
338.6731,442.5406,0
329.136,492.5772,0
343.7798,386.0175,0
358.3771,508.8386,0
360.6914,421.7184,0
340.0511,410.7668,0
414.4601,441.312,0
317.0241,483.5497,0
313.9831,463.0201,0
367.144,495.8275,0
330.8208,488.0974,0
372.345,512.7807,0
283.8689,425.0534,0
351.8686,423.7094,0
343.3961,468.6828,0
354.3242,499.1728,0
357.6345,448.7356,0
353.368,433.4119,0
340.7246,482.8729,0
367.0307,442.3892,0
306.2939,436.1921,0
373.1646,454.1789,0
305.7867,485.896,0
366.7402,417.8121,0
316.5496,472.7148,0
372.8669,439.1808,0
395.2188,516.5746,0
371.6226,474.0401,0
340.8671,538.4376,0
323.1284,472.4928,0
352.3293,483.2189,0
361.6132,467.4586,0
330.7581,498.3276,0
329.8468,499.8905,0
320.1525,511.5002,0
383.4091,451.6031,0
334.5479,463.1483,0
359.0642,439.4352,0
319.39,414.5287,0
372.6588,418.0435,0
323.9918,508.8099,0
373.5644,458.114,0
362.9496,480.5257,0
336.2622,399.5976,0
314.2489,458.1128,0
327.6921,436.3022,0
319.5711,467.6308,0
310.4286,408.4888,0
363.5627,457.8036,0
339.0131,411.9498,0
338.7208,444.8408,0
334.5674,437.8853,0
323.438,474.8377,0
318.8799,485.8561,0
322.5316,468.3757,0
332.5361,476.9311,0
350.9981,447.0497,0
346.8426,495.6441,0
353.942,444.2995,0
364.1005,486.9855,0
307.2179,498.5376,0
323.826,407.0317,0
340.3255,438.2888,0
362.5297,485.8547,0
352.7255,443.9045,0
360.1949,484.1789,0
375.002,396.8,0
310.4871,493.8027,0
339.6291,477.9104,0
318.9478,467.5058,0
333.5836,385.1334,0
331.5592,452.9245,0
353.9763,463.6422,0
368.486,516.3096,0
341.8743,458.6337,0
386.5109,470.5872,0
341.2642,408.7373,0
331.7286,443.6839,0
413.3585,451.2941,0
358.0753,460.2337,0
358.6466,454.5038,0
391.4119,451.0818,0
293.4279,458.1922,0
366.8597,425.7623,0
347.8524,444.7291,0
353.0027,541.8693,0
338.5218,453.7718,0
357.304,435.7416,0
346.4796,454.8734,0
345.7738,442.8005,0
332.2784,432.2808,0
355.2179,471.6272,0
351.5341,496.5466,0
347.1953,420.735,0
357.111,395.9597,0
366.7183,436.8889,0
311.3463,468.9426,0
357.3017,431.905,0
292.896,472.3826,0
347.8708,469.9442,0
355.3021,484.2596,0
355.6671,457.2986,0
318.3446,468.3397,0
343.424,495.9556,0
368.4244,420.055,0
323.008,448.5558,0
340.3699,512.5767,0
376.9811,464.8397,0
383.4016,453.8567,0
336.8234,433.7111,0
352.2004,425.2648,0
339.8445,464.457,0
369.4339,398.0427,0
301.5484,428.5491,0
370.0305,425.4105,0
350.2668,553.1719,0
347.7814,477.7865,0
356.247,434.363,0
322.7468,431.7006,0
326.5115,425.3938,0
333.1605,448.414,0
315.9621,454.0382,0
347.3637,406.0503,0
