Target Value of 0 = negative
Target Value of 1 = positive
Target Value of u = unclassified (Advanced Classification Mode)

Ch1Amplitude,Ch2Amplitude,Erisin
5722.953,440.0239,0
5939.174,391.4651,0
5918.486,379.5239,0
6018.552,355.522,0
5376.851,289.6233,0
5259.179,330.0273,0
5188.098,296.4485,0
6125.653,303.4258,0
6010.098,282.8701,0
5791.273,339.7488,0
5960.346,297.3596,0
5657.8,266.6099,0
6159.814,452.1116,0
5745.194,273.4297,0
5639.154,351.5779,0
5895.173,251.8723,0
5897.228,364.8154,0
5680.031,325.7136,0
5960.194,459.0627,0
5816.075,535.5884,0
5805.427,293.5393,0
6128.168,235.2837,0
5564.099,303.7563,0
5757.206,367.5227,0
5823.408,366.0522,0
5797.982,330.3418,0
6009.439,337.313,0
5364.172,319.7095,0
6013.198,332.8728,0
6055.047,343.9583,0
5463.002,388.2771,0
5652.131,257.9399,0
5655.533,202.9446,0
6040.122,287.4316,0
6145.233,329.3347,0
6008.159,306.4375,0
6015.861,347.3765,0
5943.615,357.3118,0
5662.715,365.4119,0
6186.771,317.2266,0
5582.507,323.2109,0
5873.435,234.0349,0
5854.198,222.3801,0
6014.607,295.2417,0
5510.335,314.2227,0
6074.153,217.3188,0
5350.603,349.5869,0
5719.851,306.9194,0
6068.325,270.5393,0
5630.563,364.5398,0
5763.077,278.7844,0
5446.22,315.0317,0
5851.87,324.4502,0
5570.356,272.7026,0
5328.263,311.3694,0
5167.595,262.3003,0
5760.5,196.1423,0
6028.551,326.4263,0
5489.245,279.0171,0
6015.373,381.1243,0
6179.866,286.5532,0
5636.394,236.1025,0
5892.808,249.4636,0
5743.169,324.3337,0
5778.142,252.0439,0
6035.301,346.6038,0
5686.717,240.5696,0
5949.823,363.0513,0
5901.297,348.7366,0
5775.694,297.252,0
5803.416,457.1772,0
5407.552,263.6555,0
5968.874,350.926,0
5597.634,297.0557,0
6021.532,295.3364,0
5348.63,317.3459,0
5534.957,399.9077,0
6041.594,272.678,0
5972.966,292.1775,0
5572.343,309.5798,0
5528.518,386.4399,0
5799.198,334.6108,0
5777.608,388.9163,0
5620.61,321.3127,0
5627.52,383.0396,0
5918.025,404.4744,0
5926.493,359.6074,0
6155.399,292.0835,0
6168.813,425.72,0
6051.246,396.0391,0
5825.718,391.0125,0
5726.915,348.2751,0
5435.972,292.6892,0
5939.829,445.0483,0
5225.747,399.3835,0
5788.667,353.3223,0
6122.354,395.5022,0
5916.164,292.2029,0
5847.536,399.4104,0
6003.394,424.1284,0
5926.786,352.1907,0
6007.229,316.8289,0
5624.773,231.3149,0
5164.297,279.9717,0
5689.925,380.7354,0
6019.837,295.5598,0
5877.216,475.1384,0
5892.775,337.4897,0
5968.314,293.2476,0
5775.146,323.7258,0
5668.151,334.7512,0
5596.544,368.3655,0
5452.39,360.2649,0
5522.017,263.6226,0
5432.573,168.5974,0
5751.105,310.7395,0
5342.979,207.384,0
5419.622,241.4014,0
5931.77,248.6553,0
6058.64,203.677,0
6103.124,438.377,0
5600.492,226.9741,0
6071.465,337.3508,0
6203.97,330.0403,0
5847.123,391.519,0
5646.003,283.0979,0
5343.259,320.4741,0
5954.311,318.116,0
5605.19,183.3618,0
5655.397,335.5027,0
5525.645,414.2,0
5439.077,272.1716,0
5983.484,343.5078,0
5351.175,340.7363,0
5226.126,354.3623,0
5714.8,261.4626,0
5692.211,355.9883,0
5848.709,243.449,0
6011.059,350.6689,0
5789.279,394.1548,0
5896.118,383.7554,0
5502.73,297.4561,0
5161.546,356.4473,0
5841.672,331.915,0
5822.03,400.762,0
5196.363,291.3699,0
5398.809,221.7576,0
5548.906,265.0005,0
5869.59,394.075,0
5639.087,330.7085,0
5610.268,276.5093,0
6118.623,397.3708,0
5246.214,243.8577,0
5983.766,214.7437,0
5965.641,330.7913,0
5960.797,368.0366,0
5829.801,211.0505,0
5676.516,387.3555,0
5786.216,325.0886,0
5986.848,252.5503,0
6023.203,352.4194,0
5483.061,340.7996,0
6134.273,270.8547,0
5772.579,348.9792,0
5154.725,243.6536,0
5780.672,221.8972,0
5577.573,357.1975,0
5664.554,330.3691,0
6055.067,293.7952,0
6121.983,255.8567,0
5675.771,206.124,0
5972.093,380.1509,0
5640.497,275.6785,0
5118.545,255.3174,0
5656.675,345.7515,0
5815.474,292.4373,0
5193.286,371.9834,0
5352.313,297.728,0
5951.722,337.5786,0
6084.272,362.3914,0
5938.657,384.8533,0
5593.676,314.7817,0
6158.708,314.2441,0
5836.361,433.8071,0
5683.199,229.3103,0
5889.202,328.3372,0
5582.14,300.8672,0
5884.834,446.6108,0
5329.603,307.781,0
5759.145,262.9268,0
5318.913,180.7866,0
5935.716,412.1985,0
5716.56,212.5901,0
5939.873,312.1528,0
5250.325,338.5439,0
6006.028,252.9377,0
5921.206,383.8501,0
5975.447,296.3462,0
6082.825,356.6509,0
5107.207,352.3164,0
5652.512,298.3906,0
5970.776,399.1035,0
5736.136,263.9609,0
5956.884,429.4556,0
5303.049,264.2593,0
5949.114,350.1785,0
5590.924,378.2061,0
6057.171,348.7437,0
6035.134,283.0449,0
5619.607,460.7014,0
6010.47,284.417,0
5906.042,378.4124,0
6011.98,345.0881,0
5971.697,324.8508,0
5905.229,363.8196,0
5575.954,355.6758,0
5626.94,215.147,0
5585.458,306.6484,0
5910.08,392.1553,0
5851.998,327.4539,0
5520.021,434.7078,0
6035.889,294.7932,0
5685.373,263.9263,0
5597.668,255.1387,0
5887.629,322.7134,0
5514.239,253.9543,0
6028.869,313.2871,0
6002.808,339.7727,0
6156.31,402.821,0
5402.06,330.2905,0
5947.033,468.5974,0
5305.611,302.0618,0
5508.208,344.8298,0
5478.297,174.0232,0
6067.211,324.021,0
5884.492,317.9441,0
5186.851,272.7944,0
5966.98,443.1018,0
5912.613,239.938,0
5448.314,257.9434,0
6173.323,267.2671,0
5941.971,337.1638,0
5558.417,327.9155,0
5409.73,311.6638,0
6019.17,383.8523,0
5475.328,301.0378,0
5782.956,345.2976,0
5278.146,340.0837,0
6102.396,238.0706,0
5493.099,261.6895,0
5793.874,470.3921,0
5632.923,219.4292,0
6070.519,214.0498,0
5429.189,316.512,0
6204.648,389.6265,0
5902.401,331.9385,0
6187.287,249.8779,0
6063.299,291.9741,0
5654.579,334.1995,0
5934.77,295.6316,0
5750.7,373.8486,0
5888.042,244.6357,0
6111.447,371.6738,0
5845.271,348.1509,0
6199.346,425.8008,0
6133.975,251.0403,0
6100.367,350.1875,0
5945.855,317.7983,0
5714.79,311.5327,0
5808.86,294.561,0
5249.635,244.0923,0
5838.566,298.2092,0
5942.01,426.8843,0
6039.957,266.3069,0
5761.187,341.6448,0
6005.058,175.5627,0
5933.868,315.2925,0
5725.331,309.998,0
6087.021,262.6912,0
5808.879,262.0645,0
5998.946,257.2373,0
5623.83,358.0112,0
6082.619,327.5605,0
5872.135,160.135,0
5809.021,234.1638,0
5568.71,211.6057,0
5894.239,381.8306,0
5814.321,323.1992,0
5750.97,247.855,0
5242.896,236.0557,0
5522.69,174.7778,0
6064.263,304.2576,0
5280.457,334.762,0
5984.861,249.5349,0
5302.969,288.8044,0
6063.728,280.5735,0
6030.085,517.5681,0
5867.813,396.6514,0
5745.794,384.4521,0
5887.375,376.1064,0
5529.206,233.533,0
5796.29,334.1929,0
6033.266,252.0212,0
6001.512,273.2434,0
6002.862,241.8247,0
5988.109,372.9919,0
5862.487,317.2051,0
5557.51,237.9841,0
6005.404,404.5627,0
5766.83,394.2993,0
5540.001,269.0542,0
5695.114,288.3638,0
5584.192,390.4521,0
5480.473,291.6865,0
5667.176,384.2974,0
5382.174,324.2063,0
5679.292,323.1128,0
5734.955,324.0063,0
6027.364,378.1648,0
5824.907,345.7236,0
5875.357,307.2563,0
5731.735,365.4597,0
5840.879,280.9429,0
6034.637,298.1819,0
5606.763,300.6064,0
5369.487,256.6448,0
5637.914,312.8623,0
5674.176,273.0237,0
5782.198,292.947,0
5731.606,413.9756,0
5933.708,335.0444,0
5796.086,361.4648,0
5595.828,287.2026,0
5787.529,386.4714,0
6017.526,375.9993,0
5668.842,380.0386,0
6092.978,218.0286,0
5537.198,370.0774,0
5966.446,320.4944,0
5820.685,441.0051,0
5807.455,336.7852,0
5421.77,290.1504,0
5901.005,302.3706,0
6104.083,345.0952,0
5443.867,314.2695,0
5469.595,331.8516,0
6174.395,292.4812,0
5874.676,308.3821,0
5950.797,426.9155,0
5978.219,425.1057,0
5784.188,359.8328,0
6005.462,445.0786,0
5641.418,325.0977,0
5516.961,241.603,0
5586.097,368.7734,0
5596.908,339.082,0
6097.363,240.1477,0
5498.348,345.6101,0
6192.067,228.7419,0
5245.991,283.907,0
5981.796,177.6765,0
5844.451,321.6863,0
5715.664,259.5586,0
5966.584,327.0127,0
5731.271,222.8875,0
5588.946,428.3464,0
5631.884,349.1096,0
5313.139,257.0037,0
5895.47,399.6636,0
5426.828,354.1401,0
6041.48,365.9705,0
5705.556,364.3706,0
5989.685,304.2852,0
5508.23,227.3469,0
5659.065,350.3586,0
6037.424,363.5874,0
5766.688,294.2861,0
6172.943,268.8955,0
5449.886,341.2722,0
5620.134,249.0391,0
6056.261,344.0518,0
5189.729,301.3354,0
5840.203,246.3772,0
5970.185,336.522,0
6185.217,392.0828,0
6009.141,320.116,0
6148.077,365.7251,0
5661.388,252.4102,0
5150.073,238.6646,0
5385.704,270.593,0
5867.376,341.2,0
5360.216,318.6206,0
5821.713,334.9036,0
5823.931,302.6265,0
5943.667,311.5454,0
6021.486,337.427,0
5819.328,384.1521,0
5921.344,266.4797,0
5909.75,403.4707,0
5201.167,341.467,0
6042.854,310.748,0
5877.646,332.9575,0
5864.479,302.2229,0
6034.71,396.0435,0
5265.653,228.4458,0
6057.651,369.8506,0
5838.796,260.7632,0
5903.577,313.0247,0
5471.17,292.2119,0
5610.407,397.2058,0
5782.185,187.9565,0
6050.19,237.9905,0
5971.259,339.4844,0
6035.169,345.6423,0
5554.996,319.3196,0
6109.04,263.1975,0
5579.527,246.5569,0
6143.792,282.2183,0
5658.315,282.394,0
5840.528,390.3225,0
5346.847,240.9268,0
6085.174,292.4932,0
6015.705,298.2893,0
5127.039,285.6367,0
5602.04,260.4001,0
5445.096,296.0894,0
5184.531,219.8523,0
6102.89,346.6396,0
5936.164,380.6252,0
5702.116,270.0132,0
5418.981,334.3645,0
5876.322,372.6353,0
5108.136,269.762,0
5752.922,283.1729,0
6058.748,359.4324,0
5528.357,296.3738,0
5673.401,328.063,0
5849.504,407.2385,0
5426.253,288.9187,0
6014.244,276.9575,0
6125.264,341.2954,0
5767.003,310.614,0
5971.984,311.6543,0
5881.347,431.886,0
5773.04,362.1794,0
6021.016,341.4541,0
5673.627,395.4602,0
5912.997,331.1008,0
6105.515,338.0176,0
6212.378,379.0798,0
5662.163,336.6934,0
5331.383,301.8796,0
5762.813,362.4692,0
6015.702,388.2893,0
6041.943,374.634,0
5754.896,323.3276,0
5182.435,285.3462,0
5744.452,265.9636,0
5962.679,414.3154,0
5544.712,232.7078,0
5789.974,337.2319,0
5777.781,428.2266,0
5812.435,437.1589,0
5868.863,364.4846,0
5739.754,326.47,0
6128.946,304.7034,0
5965.598,452.0955,0
5929.515,294.9382,0
6020.159,371.5378,0
6180.059,305.8008,0
5757.274,358.7881,0
5879.061,481.0815,0
5409.041,254.6089,0
5335.048,257.2026,0
5491.645,334.3115,0
5674.445,332.2783,0
5754.817,334.9546,0
5360.144,473.0496,0
5412.531,353.2625,0
5373.561,321.5642,0
5929.639,398.7,0
5906.845,231.3821,0
5911.28,355.54,0
5281.436,298.7898,0
5880.923,402.4839,0
5573.658,347.5259,0
6073.388,393.6113,0
5902.897,423.1445,0
6035.76,343.0393,0
5687.41,400.6885,0
5502.784,270.3262,0
5385.652,257.4749,0
5617.756,261.6926,0
5662.641,339.7319,0
5530.072,235.2891,0
5199.11,331.0413,0
5656.164,171.2744,0
5705.028,215.4097,0
6185.531,317.6392,0
5813.912,362.092,0
5587.538,247.2854,0
5277.151,323.6816,0
5924.591,271.7788,0
5585.593,359.9766,0
5475.035,288.8018,0
5307.574,242.3416,0
5965.593,374.27,0
6152.846,393.4961,0
5175.766,274.0188,0
5988.934,228.6653,0
5494.615,321.8218,0
5860.111,337.7375,0
5994.951,334.4585,0
6007.354,437.2712,0
5599.259,200.5354,0
5888.718,286.4045,0
6186.318,408.4563,0
5827.98,255.0776,0
5519.355,294.7788,0
5922.387,404.8965,0
5842.876,376.3953,0
5190.907,311.5181,0
5605.518,272.5542,0
5908.433,297.4431,0
6103.463,216.5566,0
5956.203,277.4951,0
5954.229,382.9258,0
5892.957,403.8923,0
5220.086,231.4143,0
5945.985,297.125,0
5957.844,211.0039,0
5865.51,274.5835,0
5708.538,290.9768,0
5378.638,248.179,0
5712.72,298.6619,0
5690.625,305.9541,0
6057.655,338.1865,0
5665.765,327.7603,0
5960.019,272.5488,0
5760.677,302.3098,0
5992.545,341.4004,0
6272.006,225.0569,0
6088.767,293.9519,0
5871.28,413.4875,0
5743.036,379.407,0
5801.252,314.1221,0
5790.394,244.7295,0
5514.072,314.2339,0
6011.85,219.1072,0
5526.87,242.2446,0
5862.335,358.4709,0
5663.679,364.5203,0
6111.85,366.5562,0
5874.104,180.4438,0
5895.048,306.2012,0
6115.08,233.6367,0
6120.24,294.8967,0
5966.653,347.7639,0
5657.968,298.8486,0
5884.203,244.8159,0
6041.613,305.5811,0
5810.148,332.0417,0
5602.369,283.3496,0
6059.967,250.4463,0
5848.218,217.1167,0
5765.286,331.4019,0
5534.104,314.6687,0
6077.544,369.3557,0
5973.214,350.3616,0
5472.424,281.1133,0
6070.69,321.7505,0
5682.479,373.8542,0
5543.71,362.8342,0
5348.887,274.6746,0
5479.554,238.3076,0
5502.891,269.3286,0
5952.079,437.4395,0
6029.845,261.3301,0
6056.107,297.1079,0
5721.902,290.1194,0
5386.428,321.2649,0
5718.25,339.9666,0
5716.317,326.2322,0
5740.591,431.7283,0
5697.03,392.1235,0
5421.267,197.021,0
5135.152,325.5073,0
6057.688,318.8308,0
6158.784,417.6467,0
6101.996,437.2678,0
5827.25,278.0303,0
5299.55,169.3359,0
6153.678,152.8755,0
6164.443,237.2285,0
5773.331,442.4438,0
5716.848,336.5745,0
5598.172,377.2666,0
5288.66,347.6514,0
5442.967,380.6892,0
5863.602,387.613,0
5779.35,323.7627,0
5877.021,375.1501,0
6022.864,327.0635,0
5772.756,284.4548,0
5362.225,271.5747,0
5885.941,335.5408,0
6263.52,402.345,0
5636.247,245.5408,0
5931.357,243.99,0
5742.872,384.3025,0
5846.36,312.4824,0
5978.844,204.0364,0
6002.08,385.0227,0
6104.83,423.4724,0
5593.414,276.8667,0
5853.26,451.2554,0
5469.711,299.8462,0
6067.799,224.0933,0
5979.738,237.2754,0
5711.981,258.8345,0
6032.269,345.7832,0
5917.793,274.1558,0
5191.291,243.8433,0
5922.22,320.2515,0
5701.197,266.2888,0
6056.559,277.4878,0
6120.031,410.9963,0
5940.127,374.5845,0
5036.409,375.4512,0
6064.881,299.3972,0
6018.963,250.9705,0
5471.158,275.3328,0
5327.363,252.5508,0
6055.94,325.1665,0
5522.625,352.2983,0
5362.047,265.9458,0
5856.853,192.9187,0
5637.813,336.0469,0
5886.016,388.3232,0
5069.883,301.5144,0
5570.579,321.9531,0
6101.76,262.3396,0
6204.75,269.408,0
5849.872,298.7329,0
5789.241,309.8777,0
5359.265,161.7747,0
5703.032,262.8679,0
5893.73,330.8679,0
5924.601,254.3713,0
5955.47,401.5325,0
5504.545,309.3625,0
6102.458,271.0972,0
5136.312,287.6411,0
6143.873,267.5752,0
5851.884,333.5598,0
5941.743,354.29,0
6029.303,347.5552,0
5962.239,259.7695,0
5760.091,211.1965,0
5730.591,438.8376,0
5798.646,253.4963,0
5168.089,370.6455,0
6066.737,291.605,0
5693.713,364.562,0
5794.822,211.3442,0
5967.359,432.5713,0
5560.175,333.1895,0
5841.997,413.0925,0
5969.561,234.7405,0
5405.415,211.9053,0
6040.052,273.1326,0
6156.125,291.1343,0
6107.459,340.7859,0
5927.235,349.437,0
5427.852,398.8369,0
5614.173,312.6279,0
5508.24,322.9053,0
5848.488,350.7861,0
5980.119,323.071,0
5902.761,409.5132,0
5401.984,353.5586,0
5583.42,388.0847,0
5302.11,284.3513,0
5735.276,443.9827,0
5732.422,339.0381,0
5992.724,322.9182,0
5809.013,353.6707,0
5509.505,216.6289,0
5228.445,286.5073,0
6021.96,371.5647,0
5655.712,273.7065,0
5994.017,287.2104,0
5879.659,405.1489,0
5625.05,361.8181,0
5904.181,335.8489,0
6151.075,290.4241,0
5714.346,310.0632,0
5823.424,371.4207,0
5889.516,340.8123,0
6100.157,173.3484,0
5850.454,358.3413,0
6029.944,313.4844,0
6007.432,306.4148,0
5458.611,383.0474,0
6171.471,301.9907,0
5666.148,323.5625,0
5943.716,436.6812,0
6028.721,394.9988,0
5654.813,261.8191,0
5890.151,274.6865,0
5542.956,324.0315,0
5938.048,300.3381,0
5637.307,470.1426,0
5840.866,289.5815,0
5855.427,319.3716,0
5608.734,399.8528,0
5528.684,322.4753,0
5728.393,313.3567,0
5920.148,413.0867,0
5805.501,264.2637,0
5950.894,403.5684,0
5946.729,301.5869,0
5866.66,309.7485,0
5929.885,413.196,0
5508.083,223.9131,0
5610.212,416.3667,0
5564.943,210.1196,0
5470.781,351.9177,0
5697.094,329.6716,0
5768.516,259.4604,0
5893.138,366.1382,0
5690.673,234.1831,0
5938.568,208.6382,0
5702.017,232.5374,0
6155.75,421.707,0
5835.826,418.2,0
5277.087,223.844,0
5723.99,443.2031,0
5889.568,304.9746,0
5277.423,288.6116,0
5958.417,308.3787,0
5721.589,316.4895,0
5653.808,318.1123,0
5934.485,314.1753,0
5234.724,394.6375,0
5886.3,431.6931,0
5248.055,343.532,0
5536.152,335.0178,0
6103.854,263.002,0
5458.067,274.2913,0
5969.387,360.0425,0
5241.27,299.0195,0
5770.463,375.2112,0
5520.386,318.6704,0
5647.626,282.906,0
5944.921,372.8164,0
6043.847,382.1079,0
5949.159,391.4199,0
5871.569,291.9966,0
6746.427,418.0742,0
5955.974,257.9846,0
6141.754,422.1592,0
5348.235,307.8093,0
5814.583,191.1902,0
5747.622,386.6035,0
5889.621,324.2859,0
5551.296,335.8096,0
5379.292,295.0083,0
5282.043,288.0569,0
5801.306,321.2937,0
5976.152,416.8298,0
5346.018,319.7405,0
5891.812,275.8535,0
5943.919,419.4187,0
5222.879,230.0457,0
5611.299,309.5493,0
5945.89,238.4866,0
5369.685,336.4351,0
6065.553,332.5347,0
5970.899,495.2612,0
5835.287,396.5349,0
5833.244,340.1826,0
5980.019,291.9021,0
5868.557,360.6582,0
5848.646,413.9434,0
5245.318,362.7534,0
5985.563,262.4658,0
6109.226,396.5813,0
5577.885,355.6248,0
5865.093,413.8337,0
6006.643,276.1702,0
5980.172,332.7195,0
5849.593,280.7214,0
5504.456,276.4675,0
6050.853,360.9619,0
5246.354,340.5891,0
5201.096,302.0977,0
6132.739,295.4233,0
5716.783,405.0925,0
6177.753,232.6621,0
5419.14,453.6335,0
6004.267,264.6016,0
5942.437,268.8149,0
5417.506,191.6682,0
5922.988,269.3445,0
5791.417,296.8381,0
5415.441,421.5613,0
5767.006,377.8337,0
5996.975,232.2158,0
5954.592,326.3076,0
5888.041,322.6025,0
5844.05,368.3792,0
6124.515,283.1726,0
5449.341,249.3308,0
5979.935,355.2444,0
5724.833,340.5972,0
5861.535,390.687,0
5697.059,379.3599,0
5863.227,370.4553,0
5524.17,285.6348,0
6068.311,306.1431,0
6024.914,174.4846,0
6084.671,296.675,0
5828.625,277.9561,0
5987.468,337.8545,0
5871.806,211.6057,0
5887.601,359.5159,0
5973.401,441.0315,0
6141.397,423.0889,0
5657.615,273.2607,0
5746.841,293.3418,0
5948.708,328.093,0
5605.832,355.1147,0
6231.367,248.4858,0
5842.825,303.2288,0
5674.41,341.501,0
5581.728,357.7285,0
5908.913,184.469,0
5561.142,320.2964,0
6059.666,250.8901,0
6127.924,285.5876,0
5559.894,245.3079,0
5971.607,356.6243,0
5788.904,441.4417,0
5956.463,290.7158,0
5250.748,247.6121,0
5739.469,255.9641,0
5637.032,341.592,0
6091.042,394.7666,0
5760.914,439.0598,0
5807.56,281.2458,0
5597.619,340.1096,0
6103.685,238.4431,0
5800.145,307.2427,0
5897.246,424.9336,0
5916.772,326.0635,0
5869.581,295.335,0
5902.809,391.6101,0
5482.238,402.7493,0
5722.349,314.5674,0
5567.927,373.0796,0
6017.407,392.2698,0
5238.669,349.4019,0
5949.646,345.6682,0
6031.897,345.1699,0
6036.071,278.8628,0
5894.773,259.3044,0
5777.356,228.6489,0
5896.772,490.9541,0
5428.94,368.9636,0
6186.983,405.6948,0
5872.363,357.3982,0
5670.59,296.4702,0
5889.211,415.4551,0
6104.505,301.9951,0
6137.896,275.9573,0
6116.884,443.2336,0
5979.118,320.3682,0
6126.839,222.5161,0
5501.409,407.8096,0
5517.867,365.0073,0
5888.583,297.4783,0
5926.997,242.9207,0
5646.479,282.6731,0
5807.199,372.8137,0
5730.519,331.6216,0
5809.536,342.8169,0
6021.898,345.4614,0
5903.76,313.0627,0
5853.611,332.3887,0
5962.41,201.9224,0
5349.569,283.7,0
6194.973,264.4197,0
6163.313,268.9646,0
5735.29,258.8511,0
5602.542,269.1018,0
5830.756,343.9885,0
5863.46,231.7529,0
5702.282,305.449,0
5407.052,219.7896,0
6092.172,351.5864,0
6031.375,232.9675,0
6069.468,250.0334,0
5768.624,336.8882,0
5667.405,320.3892,0
5878.463,499.936,0
5820.198,368.1216,0
5911.751,323.0122,0
5954.545,342.0754,0
6116.071,324.9031,0
5785.38,128.3386,0
6006.794,393.2351,0
5629.427,336.6145,0
5921.422,554.6362,0
5876.042,296.5522,0
5804.656,373.875,0
5398.76,298.3547,0
5946.699,288.2825,0
5886.94,266.7546,0
6031.162,386.9321,0
6112.837,244.7776,0
5722.902,358.3186,0
5938.231,245.7795,0
5825.12,397.2734,0
5286.992,233.2068,0
5624.278,217.6069,0
5911.314,316.2261,0
5792.341,248.168,0
6004.463,372.5259,0
5365.575,297.115,0
5551.521,282.3274,0
5459.934,274.2329,0
5900.649,311.4712,0
5900.627,432.6101,0
5902.047,344.9329,0
5865.574,348.0027,0
6151.012,406.7175,0
5636.324,327.4956,0
6071.923,391.3115,0
5202.736,308.8716,0
5134.988,288.3892,0
5976.475,279.8232,0
5952.203,282.1797,0
5295.893,223.5591,0
5778.762,253.2935,0
5089.038,358.811,0
5937.388,9346.0,
5346.598,286.9099,0
6051.271,410.751,0
5989.552,382.478,0
5811.039,341.7498,0
5633.194,319.3779,0
5996.592,253.5635,0
5919.67,373.7881,0
5219.101,361.8721,0
5432.335,431.2068,0
5703.935,318.8613,0
5835.49,346.4893,0
5673.422,464.9019,0
5899.382,426.0249,0
5853.296,277.4619,0
5753.726,440.9004,0
5780.14,463.4587,0
5924.326,317.4827,0
5798.2,269.5686,0
5821.146,415.0801,0
5782.559,457.3228,0
5641.026,334.1438,0
5818.93,404.2625,0
5928.21,285.3342,0
5687.111,283.4185,0
5719.617,383.4456,0
6197.894,347.8447,0
5993.307,432.2026,0
5990.288,296.1702,0
5714.94,281.7888,0
5904.342,285.2957,0
5715.118,323.0486,0
5397.158,276.7292,0
5627.518,271.8755,0
5414.032,297.7529,0
6089.141,459.5166,0
5722.095,360.6777,0
5907.676,273.5559,0
5074.715,303.7439,0
5799.851,427.3186,0
5835.533,399.3914,0
5697.099,349.9253,0
5970.619,272.5515,0
5583.39,318.7288,0
5322.609,327.314,0
5884.075,323.2329,0
5666.164,269.4541,0
5970.552,280.2356,0
5819.858,303.5186,0
5571.729,249.9004,0
6004.559,358.4126,0
5634.449,330.9707,0
5683.239,332.0354,0
5886.328,404.3379,0
5907.35,403.2415,0
5782.286,360.677,0
6026.875,262.6418,0
5553.493,347.4399,0
5820.78,439.9795,0
5629.407,408.0137,0
5404.818,227.6875,0
5433.961,264.283,0
5541.798,364.5823,0
5926.892,368.4482,0
5738.954,251.3276,0
5482.99,241.501,0
5708.406,231.355,0
6058.24,361.2244,0
5389.394,313.9297,0
5966.95,389.4009,0
5895.037,246.8354,0
5324.364,228.3904,0
6006.807,310.3716,0
5959.55,341.5447,0
5317.284,354.3835,0
5424.073,291.6038,0
5807.696,329.4526,0
5526.389,313.5591,0
5473.615,233.9529,0
5773.921,420.4341,0
5388.512,296.4995,0
5845.527,393.8091,0
5727.023,237.9482,0
6199.801,291.5791,0
5766.219,341.5178,0
5315.582,236.5981,0
6291.13,331.7319,0
5908.543,394.9407,0
5844.318,389.3704,0
5854.523,273.8306,0
5850.097,457.4548,0
5489.496,476.6816,0
5355.773,230.6665,0
5855.844,354.8679,0
6143.128,175.9678,0
5566.66,253.6155,0
5976.622,331.4368,0
6069.414,260.1873,0
5819.9,409.1333,0
6025.117,399.9021,0
5897.058,383.8501,0
5775.324,305.8406,0
5989.275,438.5334,0
6166.963,391.9573,0
5702.452,383.0674,0
5606.962,377.9746,0
5642.291,328.1086,0
6032.017,296.2766,0
5899.936,334.4775,0
5309.524,280.365,0
5585.21,364.0176,0
5941.048,373.946,0
6168.241,284.3792,0
5685.64,309.7012,0
5954.018,377.9661,0
5544.409,333.24,0
5405.591,363.687,0
5144.37,277.1067,0
5262.94,274.675,0
5509.819,340.4255,0
5931.447,274.2766,0
5848.324,334.5664,0
5344.336,371.8364,0
5872.469,369.8545,0
5809.839,300.282,0
5980.373,395.0342,0
5989.405,367.1941,0
5839.965,354.4038,0
5654.414,358.4487,0
5830.147,406.5281,0
5515.447,197.46,0
5710.971,442.4529,0
5397.312,211.6636,0
5759.297,386.8789,0
6079.513,454.876,0
5764.429,415.5999,0
5572.167,191.865,0
5702.831,284.8132,0
5923.792,487.8582,0
6038.785,326.2375,0
5807.539,410.7395,0
5452.67,196.3088,0
5776.507,364.3813,0
5872.874,169.6545,0
6000.732,441.5369,0
5811.646,376.4158,0
5253.67,152.2366,0
5609.119,260.9011,0
5737.481,220.6201,0
5934.646,353.208,0
6015.195,322.2524,0
5448.178,386.7146,0
5823.253,289.2568,0
5732.064,346.6458,0
5895.087,425.2097,0
5869.264,211.877,0
5460.493,326.8435,0
6034.939,459.5938,0
6063.745,308.5718,0
5747.336,312.2583,0
6007.145,280.9285,0
5608.503,371.6631,0
5831.45,399.6985,0
5576.242,339.9978,0
6000.684,378.1096,0
5887.34,278.644,0
5747.77,232.4004,0
6064.424,382.4954,0
5972.721,363.2395,0
5875.596,372.405,0
6129.12,296.7441,0
6250.899,423.1907,0
5899.125,306.3091,0
5823.349,447.5061,0
5896.344,370.1284,0
5527.628,276.1001,0
5453.844,302.9624,0
6062.157,246.1331,0
6107.38,396.5669,0
5914.399,301.1406,0
5875.372,285.1602,0
5402.252,278.1326,0
5978.246,310.5959,0
5885.125,364.4131,0
5838.108,307.3467,0
5949.555,396.7493,0
5793.954,362.6108,0
5877.614,334.1147,0
5456.693,389.3662,0
5578.608,364.071,0
6008.42,354.8052,0
5764.593,317.8784,0
5505.95,331.4648,0
6024.164,358.2852,0
5625.959,349.543,0
6109.483,299.2124,0
6095.452,320.0183,0
5830.128,377.7961,0
5244.342,295.6152,0
5498.592,258.719,0
6065.957,294.7917,0
5886.829,273.0049,0
5885.535,380.8711,0
5734.957,383.9814,0
5396.601,304.5554,0
6119.57,319.8953,0
5796.667,314.8796,0
5738.229,301.6919,0
6010.969,278.7192,0
5829.258,347.5325,0
5988.408,210.2688,0
5882.709,382.4661,0
5829.612,239.9109,0
5948.063,255.9429,0
5616.957,265.6548,0
5962.964,308.0815,0
5371.177,291.7744,0
6068.844,370.8914,0
5865.379,237.3826,0
5611.21,236.8538,0
5614.564,227.1042,0
6176.669,225.0732,0
5333.1,322.7754,0
5747.525,250.5813,0
5474.523,190.0828,0
5355.843,299.6262,0
6657.047,398.4741,0
5949.655,259.6567,0
5932.535,308.4263,0
5726.958,347.2861,0
5449.384,316.2842,0
6098.037,312.2383,0
5747.575,250.2744,0
5815.712,368.0959,0
5959.883,314.3044,0
5793.032,307.3569,0
5973.035,339.7383,0
5858.966,389.8037,0
5982.266,301.9026,0
5839.438,219.1917,0
5743.775,265.6418,0
5699.689,291.7891,0
5415.257,223.113,0
5831.189,365.113,0
5869.375,414.0256,0
5274.98,226.7883,0
5790.643,278.281,0
5901.854,385.5481,0
5568.331,281.6282,0
5781.542,341.125,0
5878.12,298.3262,0
6098.597,265.989,0
5857.845,358.7937,0
5656.44,248.1421,0
5681.785,343.1978,0
5921.708,331.1914,0
5201.264,318.4575,0
5978.58,342.333,0
6086.958,328.0974,0
6131.216,364.3743,0
6136.347,390.8906,0
5824.088,436.6692,0
5967.781,375.271,0
5944.558,302.1199,0
5683.589,380.3789,0
5924.688,410.2417,0
5874.627,275.0779,0
6197.059,376.127,0
5446.574,435.7927,0
5950.97,266.9937,0
5945.097,286.55,0
5529.014,232.7693,0
5765.921,409.8789,0
5942.229,266.9702,0
5744.33,280.4807,0
6050.057,312.5066,0
5920.381,408.2361,0
5777.305,263.3562,0
6093.438,303.3372,0
6080.418,348.2583,0
5512.301,309.2932,0
6055.132,346.4094,0
5360.404,267.8796,0
5339.414,289.4111,0
6005.852,332.374,0
5955.824,421.0508,0
5676.698,288.0349,0
5852.609,334.0955,0
5777.323,288.8652,0
5236.776,274.0151,0
6065.169,276.2852,0
5549.587,322.2131,0
5557.642,425.1699,0
5841.029,297.5171,0
5246.797,283.5044,0
5575.394,248.4639,0
5669.839,388.0227,0
5576.759,363.178,0
5723.477,383.7554,0
5503.024,188.3347,0
5530.089,282.5945,0
5322.345,306.9751,0
6060.887,355.8765,0
5878.193,463.2212,0
5877.45,324.0474,0
5764.323,274.0486,0
5920.098,298.5405,0
5927.228,259.593,0
5565.673,273.2605,0
5925.647,322.5698,0
5902.249,381.0425,0
5867.993,443.9856,0
5956.439,374.7786,0
5811.876,397.8059,0
5678.311,398.4019,0
5549.924,347.7151,0
5845.994,498.5598,0
5722.538,477.9573,0
5990.195,302.2932,0
5174.423,314.5554,0
5543.75,312.5618,0
6057.616,353.0559,0
5824.808,365.9614,0
5714.655,390.1257,0
5746.93,291.8999,0
5500.302,261.9441,0
6228.419,266.4001,0
5852.157,342.2102,0
5845.755,245.1042,0
6058.561,315.1721,0
5171.645,229.7627,0
5206.165,301.3174,0
5982.564,319.0215,0
5987.415,359.9719,0
5931.948,341.4358,0
5327.354,260.0701,0
5956.901,337.0234,0
5930.209,441.387,0
6010.555,308.9377,0
5781.597,348.063,0
5733.94,269.8242,0
5462.967,261.2668,0
5872.896,334.7437,0
5622.165,313.75,0
5846.068,328.4016,0
5810.462,366.2979,0
5863.276,275.1843,0
5563.005,424.7209,0
5658.945,321.2122,0
5845.999,341.0667,0
5796.729,518.3845,0
5214.783,370.9094,0
5781.596,428.2358,0
6070.096,320.6201,0
6008.441,213.6611,0
5938.702,343.8115,0
5569.206,412.6887,0
5344.811,235.0327,0
6006.424,355.4663,0
5300.958,216.1204,0
5369.349,294.4124,0
6041.675,311.49,0
5967.675,453.6504,0
5882.864,309.2847,0
5867.047,297.457,0
5798.643,336.8921,0
6075.279,402.1401,0
5076.734,221.907,0
5606.578,362.0313,0
5973.482,314.6362,0
5568.953,218.7463,0
6167.962,332.2976,0
5844.798,292.4275,0
5903.071,435.0137,0
5788.205,299.2021,0
5615.514,333.9766,0
6014.982,464.7209,0
6047.137,330.2954,0
5759.133,296.0535,0
5513.284,243.2444,0
5831.913,325.2483,0
5933.385,363.0012,0
5628.195,266.9343,0
5716.324,302.8933,0
5947.992,244.7778,0
5597.721,313.603,0
5760.92,244.1287,0
5854.664,264.6179,0
5862.253,267.488,0
6178.275,381.5313,0
5850.731,388.8047,0
5981.918,348.4902,0
5351.084,413.6875,0
5742.789,371.5425,0
6137.249,357.2256,0
5766.549,334.5679,0
5898.393,274.9895,0
5682.142,452.9644,0
5940.486,495.1853,0
5988.431,389.1067,0
6127.27,351.0366,0
5849.761,452.1799,0
6012.681,313.3376,0
6157.378,324.4255,0
5944.995,237.2505,0
5841.613,350.7969,0
5942.256,6958.0,
6019.779,286.927,0
6179.672,289.834,0
5984.533,327.9956,0
5457.098,327.9138,0
6024.253,325.4053,0
5835.379,331.3545,0
5923.508,296.731,0
5927.263,283.5447,0
5961.606,295.4448,0
5161.88,258.0793,0
5873.376,399.8467,0
5819.975,227.782,0
6009.206,352.2373,0
6083.885,375.9597,0
5633.943,348.6011,0
5142.708,274.356,0
5890.382,352.8186,0
5776.171,227.6895,0
5534.874,292.4465,0
5898.49,315.7803,0
5790.243,436.5012,0
5728.535,399.9224,0
5866.924,358.3135,0
5637.467,281.1792,0
5979.802,282.0251,0
5804.152,336.5017,0
5484.69,332.7422,0
5861.616,349.1843,0
5765.207,253.8464,0
5990.984,389.9575,0
5155.018,358.1926,0
5524.907,345.4878,0
5696.505,341.8877,0
5278.339,382.1147,0
5161.791,284.8186,0
5363.723,383.0437,0
5263.389,198.6196,0
6049.854,252.8386,0
5376.717,278.6804,0
5868.377,344.7336,0
5354.638,321.8909,0
5654.13,401.5063,0
5965.768,427.6121,0
6071.427,348.009,0
5932.026,334.0139,0
5303.578,220.8999,0
5896.201,380.1538,0
6225.163,237.8362,0
5308.648,269.2573,0
5906.365,253.5283,0
5507.404,144.9346,0
5652.896,362.7537,0
6040.328,307.6409,0
5792.418,227.7021,0
5996.175,325.3242,0
6159.155,339.8994,0
5857.459,306.7129,0
5757.894,432.8962,0
5771.371,290.0859,0
5077.91,279.1038,0
5486.872,263.2119,0
5921.651,348.28,0
5955.657,274.4614,0
5881.138,366.8455,0
5820.259,311.262,0
6029.749,344.9941,0
5970.99,271.8154,0
5299.808,271.394,0
5841.092,376.1677,0
5933.068,277.6091,0
5983.442,267.3325,0
5849.978,468.1157,0
5343.431,330.0833,0
5730.003,384.9175,0
5927.638,255.592,0
5612.942,251.7273,0
5955.423,384.3723,0
6067.678,357.2058,0
5717.711,349.3123,0
5649.921,310.6013,0
5798.199,283.2705,0
5531.285,355.1204,0
5676.686,281.3262,0
5671.676,277.8857,0
5801.582,365.4377,0
5818.282,345.6228,0
5319.204,277.0747,0
5753.313,224.5708,0
5392.448,473.3638,0
5848.455,241.2402,0
6150.756,324.478,0
5557.09,312.9084,0
6109.856,333.405,0
6033.223,404.2468,0
5964.141,339.8704,0
5979.895,207.0999,0
6068.259,251.105,0
5733.84,476.3711,0
6106.124,306.1865,0
6076.61,359.407,0
5714.006,341.3706,0
5362.62,246.7607,0
5557.68,267.7864,0
6029.541,363.905,0
5677.345,211.5879,0
5873.727,425.7708,0
5756.758,317.2183,0
5432.586,312.2615,0
5843.953,299.78,0
5163.124,377.2739,0
6129.523,334.2036,0
5744.763,352.4846,0
5913.837,321.1465,0
6024.419,371.387,0
6046.873,483.7986,0
5919.659,229.2949,0
5370.815,244.0227,0
6041.298,242.0999,0
5942.529,337.2139,0
5360.752,354.9614,0
5332.308,245.0718,0
5875.761,357.2305,0
5387.345,266.2942,0
5763.445,250.9187,0
5969.187,353.6433,0
6035.463,390.907,0
5924.452,329.7834,0
5915.238,299.3567,0
6030.94,341.0686,0
6134.84,252.2134,0
5883.045,378.28,0
5722.026,376.4932,0
5580.483,324.2556,0
5896.67,298.0879,0
5350.98,357.5454,0
6017.458,268.9224,0
5938.756,265.0391,0
6036.99,293.9822,0
6084.81,273.3479,0
6005.33,358.387,0
5669.007,359.1675,0
5582.431,350.7214,0
5212.517,296.5044,0
5435.308,291.9253,0
5706.874,413.0957,0
6033.761,340.3315,0
6102.52,421.313,0
5699.689,304.9053,0
5861.451,302.3059,0
5470.603,369.9983,0
5697.935,282.2778,0
5943.004,367.9065,0
5955.568,498.791,0
5673.881,333.7158,0
5823.832,483.8767,0
5507.687,264.9146,0
5873.897,433.0779,0
5773.252,408.6453,0
5966.453,435.2119,0
5902.748,308.3372,0
5390.918,154.6396,0
5962.041,337.8315,0
5771.322,294.4216,0
5490.719,243.2937,0
5474.119,254.5847,0
6014.049,341.2961,0
5973.734,588.2888,0
5820.14,292.8203,0
5055.814,259.6011,0
5916.716,339.7078,0
5612.698,212.7424,0
5457.686,378.3413,0
5792.728,392.0911,0
6032.346,7529.0,
5521.51,268.2095,0
5865.567,188.4553,0
5863.562,306.7976,0
5738.318,407.7002,0
5836.707,298.9705,0
5695.207,249.8098,0
6015.881,312.3733,0
5146.405,254.1318,0
5931.023,297.334,0
5933.865,323.1011,0
5993.621,338.8357,0
5489.85,212.1707,0
5930.76,296.2053,0
5938.651,288.0645,0
6130.893,313.6221,0
5562.712,298.4226,0
6024.189,290.8994,0
5774.785,376.7314,0
6090.698,450.3264,0
5287.895,219.1499,0
5605.593,264.1379,0
5240.292,268.4077,0
5841.06,345.7273,0
5874.677,533.5876,0
5351.203,381.5564,0
6164.854,360.7065,0
5598.341,189.8271,0
5604.41,310.0598,0
5749.353,506.8958,0
5649.331,295.5347,0
5520.237,230.4097,0
5760.185,156.6636,0
5964.928,396.7234,0
5603.402,350.4836,0
5393.001,310.5498,0
6068.992,333.3337,0
5840.504,293.0474,0
6013.282,411.4158,0
5834.973,392.1807,0
6087.799,181.3059,0
5832.209,256.9036,0
5359.8,257.6323,0
5546.663,198.7366,0
6055.188,266.8359,0
5976.428,274.9668,0
5607.347,242.7046,0
6025.378,394.2373,0
5830.777,385.3777,0
5993.272,418.2388,0
5362.737,286.5161,0
5708.578,356.6868,0
5953.078,397.4167,0
6000.325,479.7214,0
5929.597,356.4705,0
5976.179,404.1565,0
5372.028,320.4441,0
6043.074,370.5049,0
5216.813,357.3857,0
5627.967,328.313,0
5992.351,325.3025,0
5934.08,322.0759,0
6011.406,341.6758,0
6149.363,291.8042,0
5886.448,361.9976,0
5793.034,243.1428,0
5584.506,330.2288,0
6095.748,283.7639,0
6001.714,399.405,0
5831.727,398.6338,0
6261.771,452.5029,0
5896.812,350.053,0
6002.731,372.8374,0
5850.467,462.2271,0
5393.655,326.1802,0
5950.41,386.8591,0
5502.825,224.5508,0
5911.317,389.2205,0
6103.297,357.9595,0
5800.137,347.0215,0
5756.973,327.6318,0
5989.77,460.7048,0
5830.562,386.8484,0
5399.307,272.9351,0
5852.36,489.2185,0
5741.214,362.4834,0
5590.063,304.6472,0
5341.891,211.7979,0
5329.539,242.7095,0
5901.722,237.5874,0
5688.607,370.606,0
5982.601,237.3706,0
5875.091,343.5029,0
5899.237,313.8352,0
5531.93,387.6343,0
5855.677,391.9902,0
5656.347,352.3704,0
5525.007,353.7388,0
5071.72,262.3008,0
6176.32,344.1992,0
5904.245,250.9006,0
5624.232,273.1611,0
6118.599,359.3547,0
5585.945,278.1997,0
5721.482,268.1682,0
5789.362,404.3376,0
6158.04,361.9829,0
5503.167,440.6597,0
5572.375,392.342,0
5849.704,376.5994,0
5532.802,349.8223,0
5768.839,423.2644,0
5503.482,297.2104,0
5331.482,375.7236,0
5602.346,308.6074,0
5783.888,323.8499,0
6065.34,351.1726,0
5332.612,246.0813,0
5902.744,296.0532,0
5715.782,167.74,0
5884.096,299.0356,0
5834.72,278.4272,0
5790.21,281.9656,0
5888.059,425.7886,0
5999.103,225.9329,0
6029.741,337.2842,0
5976.092,358.688,0
5176.065,304.217,0
5615.573,329.4705,0
5894.028,336.9216,0
5879.854,446.4739,0
5950.437,288.0249,0
5821.331,367.3794,0
6043.491,332.105,0
5988.08,324.3484,0
5653.788,347.0867,0
5490.585,318.9524,0
5639.246,393.0537,0
6068.342,339.6814,0
5999.113,285.9165,0
5733.108,253.2168,0
5436.118,411.4702,0
5581.146,183.1545,0
5385.358,348.5996,0
5486.931,241.9468,0
5197.027,266.5244,0
5718.249,250.0388,0
5848.019,362.7581,0
5340.99,297.2351,0
5659.23,206.6086,0
5770.076,286.4973,0
5936.832,247.5122,0
5501.627,427.7488,0
5620.998,309.5,0
5963.164,271.9358,0
5975.901,293.3872,0
5775.353,591.2917,0
5857.721,322.752,0
5898.65,334.688,0
5467.9,311.5598,0
5839.866,304.0103,0
5811.241,220.7798,0
5908.226,367.8726,0
5523.525,354.7908,0
5982.264,399.6597,0
5747.499,258.9924,0
5383.959,432.2339,0
5675.559,412.3716,0
6158.673,203.9888,0
5137.227,322.0171,0
5825.572,338.0918,0
5282.62,263.4746,0
5291.844,341.7134,0
5987.251,267.8145,0
5648.806,378.3081,0
5574.778,311.7031,0
5902.805,177.4097,0
5860.201,304.3733,0
6007.115,318.9436,0
5742.898,333.3918,0
5892.453,386.0137,0
5784.988,322.1211,0
5852.106,316.4653,0
5548.147,395.9307,0
5730.424,370.0425,0
5954.463,392.0605,0
6075.909,366.1655,0
5429.361,337.7625,0
5954.041,305.7705,0
5872.56,317.6028,0
5941.971,396.1675,0
5989.254,323.7188,0
5545.747,271.9097,0
5433.329,261.4893,0
5567.271,317.9268,0
5277.022,338.3716,0
5831.485,201.3992,0
6006.424,390.2026,0
6004.359,332.4072,0
5717.959,348.2605,0
5927.208,265.1873,0
5922.08,340.5376,0
5983.031,468.6765,0
5893.226,395.7791,0
5449.953,339.2998,0
5717.964,398.7488,0
6080.793,283.8137,0
6116.451,356.0171,0
5576.361,368.3696,0
5324.865,253.116,0
5939.674,329.9883,0
5927.634,343.3345,0
5733.643,301.5645,0
5873.569,320.1526,0
5605.661,346.6133,0
6078.561,339.2207,0
5139.524,390.8181,0
6053.991,412.2896,0
5960.999,290.0798,0
6108.489,331.9629,0
5320.771,289.509,0
5690.593,344.6816,0
5928.549,330.614,0
5780.516,342.0688,0
5706.197,304.0422,0
6085.184,245.9417,0
5748.64,306.9299,0
5987.715,297.0591,0
5808.131,269.8047,0
5088.396,331.4832,0
5694.702,260.5107,0
6101.993,211.7534,0
6148.917,379.1797,0
6012.207,317.4341,0
6068.598,386.2393,0
5971.156,390.9204,0
5756.857,403.7085,0
5979.227,342.7649,0
5734.788,333.7634,0
6148.759,344.8032,0
6008.235,397.7361,0
5996.531,239.1265,0
5958.56,378.2268,0
5685.47,445.0049,0
5528.467,350.2544,0
5419.325,333.0518,0
5686.546,366.1069,0
6163.938,394.0151,0
5915.279,320.7297,0
6048.111,285.4937,0
5279.239,327.6404,0
5775.321,364.3564,0
5347.466,240.8076,0
5863.548,360.6665,0
5814.244,540.1213,0
5746.135,330.9133,0
5744.446,263.1277,0
5746.895,348.8174,0
5307.487,239.8677,0
5904.706,375.6707,0
5902.486,434.8643,0
6139.444,314.5649,0
5899.822,319.3206,0
6022.754,247.5112,0
5761.909,375.2021,0
5151.005,356.9915,0
5898.339,341.7329,0
5850.036,481.4023,0
5948.749,281.5173,0
5744.728,320.5813,0
5285.681,189.6194,0
5764.039,393.593,0
5371.602,298.6355,0
5699.005,263.3911,0
6143.346,274.8057,0
5930.155,413.5623,0
6006.134,270.0566,0
6043.78,391.1655,0
6114.797,226.772,0
5389.449,275.2656,0
5883.338,268.5601,0
6023.883,353.979,0
5368.015,318.7808,0
5903.755,263.4629,0
5751.5,304.3254,0
5761.151,427.1702,0
5946.516,280.5076,0
5736.876,337.5142,0
5929.584,373.7615,0
5298.374,326.658,0
5334.222,306.522,0
5848.202,401.9309,0
6010.605,314.125,0
5612.645,324.8389,0
5875.998,371.5278,0
5857.699,365.8616,0
5810.494,347.5767,0
5638.703,426.8174,0
5755.423,325.8743,0
5221.704,314.4719,0
5795.894,404.6738,0
5953.925,252.0293,0
5764.13,162.4775,0
5896.239,305.4858,0
6014.842,285.8162,0
5863.658,329.7163,0
6006.994,250.7883,0
5554.954,285.0193,0
5814.581,327.3186,0
5844.74,319.1401,0
5912.843,239.6675,0
5390.105,298.0798,0
5926.825,337.3623,0
5516.841,351.322,0
5276.707,150.7263,0
5422.375,328.4944,0
5534.908,202.8521,0
5949.442,351.5173,0
5960.582,190.415,0
5813.542,516.3572,0
5350.299,200.4153,0
6209.509,250.5818,0
6110.366,265.5874,0
6076.651,337.9651,0
6159.223,243.5149,0
5997.585,340.1863,0
5928.641,262.2771,0
5742.36,274.1028,0
5575.964,166.9292,0
5439.274,206.8794,0
5928.679,311.3684,0
5777.778,344.9414,0
5774.399,366.3801,0
5927.525,194.7095,0
6101.694,322.7461,0
5716.657,269.9167,0
5980.925,346.2214,0
5435.667,258.1125,0
5297.3,318.3281,0
5571.896,336.0515,0
5730.88,180.3374,0
5971.291,278.9478,0
5905.455,354.1521,0
5684.166,311.0759,0
5940.847,275.4727,0
5997.795,231.459,0
5541.83,272.2034,0
5792.632,235.0564,0
5666.961,301.7612,0
6014.013,407.4597,0
5613.131,253.7126,0
5486.595,390.9951,0
6195.857,301.6743,0
5935.399,263.0591,0
6103.435,474.3826,0
5288.769,239.3232,0
5705.203,232.8804,0
5771.784,186.623,0
5338.38,379.3928,0
5681.796,269.8206,0
5829.127,307.5198,0
5695.116,175.623,0
6040.874,332.103,0
5914.225,429.8459,0
5979.255,344.4429,0
6104.698,334.8254,0
5848.187,370.0432,0
5932.144,337.896,0
5959.596,228.1172,0
5518.505,344.1628,0
5408.475,307.9221,0
5849.128,332.1785,0
5582.816,257.6179,0
5908.078,367.7454,0
5802.43,298.0156,0
6635.779,451.8069,0
5923.618,516.9031,0
5910.544,400.5054,0
5880.711,310.854,0
5987.471,329.4888,0
5996.69,287.7534,0
5577.658,309.8557,0
5817.286,277.4941,0
5709.544,390.5605,0
5983.766,269.2732,0
5932.79,251.929,0
5455.143,257.2874,0
6087.406,296.5239,0
5865.91,281.8569,0
5312.82,247.4197,0
5756.299,260.9702,0
6045.522,303.1365,0
5776.007,364.197,0
6008.959,379.9028,0
5242.307,242.031,0
6040.493,275.4729,0
5937.522,296.6953,0
5823.738,232.5471,0
5783.288,362.0725,0
6188.12,258.791,0
5684.538,292.752,0
5893.543,263.6677,0
6025.662,401.5134,0
5483.862,331.6128,0
5898.409,309.0818,0
6010.292,219.1016,0
6087.66,351.0132,0
5324.382,250.3962,0
5638.594,330.9456,0
6040.33,278.0991,0
5472.083,309.5356,0
5812.874,238.8086,0
5947.096,256.251,0
5749.347,328.0835,0
5481.342,200.7385,0
5897.724,219.0378,0
6021.5,375.3484,0
6182.512,117.1655,0
5929.687,250.2593,0
5417.19,300.606,0
5755.15,366.0679,0
5194.504,248.0779,0
5751.046,348.3577,0
5699.371,373.448,0
6112.542,277.0002,0
5434.479,300.2349,0
5848.309,367.4517,0
5825.865,337.853,0
5627.839,357.3313,0
5907.561,227.6501,0
5698.765,315.0315,0
5548.874,398.3201,0
6084.69,324.593,0
5438.992,331.552,0
5362.096,253.939,0
5970.382,286.2024,0
6139.071,420.7058,0
5752.16,297.1555,0
5530.291,351.0969,0
5935.583,355.4404,0
5977.695,356.8647,0
5946.853,374.0461,0
5709.222,356.6411,0
5459.402,316.644,0
5164.973,294.7612,0
5824.966,311.3806,0
5145.995,260.4495,0
5567.452,315.5989,0
5594.135,325.2117,0
5381.008,240.0654,0
5818.079,265.1462,0
5947.692,281.8547,0
6000.069,428.2061,0
6081.42,322.3137,0
6178.52,311.6953,0
5694.892,336.5127,0
6053.228,338.3276,0
5837.27,355.7437,0
5738.332,251.6284,0
5857.066,354.1265,0
5549.29,417.7947,0
5805.438,491.512,0
5937.223,370.6099,0
6009.787,325.3081,0
5389.57,306.5991,0
5930.793,194.6062,0
5729.854,302.605,0
5627.839,194.7175,0
5304.222,224.5337,0
5994.531,314.8865,0
5986.579,350.4397,0
5906.576,407.1033,0
5695.512,333.939,0
6215.297,321.533,0
5609.882,330.1255,0
6036.085,348.553,0
5506.793,285.0369,0
6122.292,388.0969,0
5747.796,256.1875,0
5581.107,248.7446,0
6155.425,312.0952,0
5371.74,278.9919,0
5979.418,273.8337,0
5726.165,367.1428,0
5819.167,331.9282,0
5313.153,341.9329,0
5800.121,282.2634,0
5559.059,315.0476,0
5611.215,296.02,0
5700.878,299.7285,0
5136.266,259.0315,0
6160.054,272.334,0
5874.882,183.9846,0
6103.221,348.136,0
5486.207,378.2656,0
6033.313,366.7905,0
5853.604,326.0334,0
5503.795,377.9763,0
6039.324,270.811,0
5508.326,305.6968,0
5899.718,382.6147,0
5652.971,338.1719,0
6078.892,250.4058,0
6056.238,321.6379,0
5502.81,328.9373,0
5996.6,377.4741,0
5997.882,408.1038,0
5532.716,343.48,0
5918.43,323.4534,0
6006.74,366.3806,0
5985.065,400.4841,0
6176.492,207.1445,0
6045.265,341.9768,0
5807.954,273.0918,0
5767.199,288.1816,0
6072.679,377.0789,0
5981.428,321.7874,0
5307.664,314.3074,0
5566.196,297.7781,0
5942.101,228.6887,0
5731.748,335.4805,0
5709.458,245.2729,0
5934.523,314.4944,0
5609.918,385.9185,0
5947.605,345.0635,0
5525.64,230.5791,0
5511.378,357.0066,0
5818.702,339.0049,0
5858.027,417.9072,0
5822.588,401.3823,0
5906.425,396.7192,0
5695.783,235.3965,0
5315.539,358.9861,0
5890.927,409.2249,0
5469.583,373.1511,0
5894.007,406.323,0
6074.246,246.2124,0
5049.017,318.1353,0
6073.445,332.2737,0
6082.556,421.6797,0
5561.807,344.4202,0
5843.284,331.9795,0
5814.583,306.9277,0
5501.937,323.0063,0
5804.334,354.4087,0
5996.954,435.8511,0
5628.723,277.4587,0
5570.381,379.4573,0
6088.115,381.5032,0
6066.423,304.8206,0
5834.541,353.3889,0
5863.007,204.2659,0
5958.21,360.1306,0
5716.12,339.2151,0
5372.055,303.519,0
5280.001,213.573,0
5196.077,172.7444,0
5852.73,360.7078,0
5941.97,368.8074,0
6057.013,299.364,0
5554.932,298.4392,0
5895.298,282.1125,0
5862.316,285.1235,0
6029.354,341.5552,0
5415.137,373.0662,0
5809.297,423.8481,0
5759.593,367.0806,0
5920.6,320.396,0
5750.932,311.6575,0
5682.17,358.8254,0
5262.964,269.8879,0
6104.384,249.4509,0
5977.822,202.3274,0
5521.083,246.4851,0
5567.681,360.9172,0
6090.472,325.6228,0
6063.964,409.489,0
5738.087,218.1038,0
6068.439,360.0862,0
5933.39,323.7849,0
5432.279,298.085,0
6086.144,371.6204,0
5900.971,457.5833,0
5538.417,354.8948,0
5417.75,301.8772,0
6118.506,329.9204,0
5228.051,280.3491,0
6020.373,228.9475,0
5790.869,408.8015,0
6184.813,271.2295,0
5386.963,309.7915,0
5436.534,268.4309,0
5637.258,141.5789,0
6049.114,422.2385,0
6039.235,286.5479,0
5505.692,226.9094,0
6020.313,262.5962,0
5278.215,275.1628,0
5194.391,345.0422,0
6034.314,413.1663,0
5413.644,300.5037,0
6219.102,208.2061,0
5935.434,272.8477,0
5646.43,323.3706,0
5285.323,269.3118,0
5775.713,316.0437,0
5493.346,225.584,0
6188.112,292.8345,0
5578.811,320.302,0
6041.382,297.7078,0
6080.099,378.406,0
6102.134,327.1406,0
5690.396,309.23,0
6058.9,353.9673,0
5537.046,294.1123,0
6098.995,247.2896,0
5371.011,312.72,0
5957.509,340.0925,0
5258.562,272.0393,0
5939.657,348.7205,0
5549.146,312.1609,0
5931.39,310.4028,0
5805.793,329.3218,0
5511.489,161.4202,0
5758.588,369.4685,0
5539.109,243.4482,0
5942.882,362.8286,0
5820.052,482.5535,0
6019.219,321.5881,0
5907.04,347.1384,0
5764.807,346.5369,0
5458.244,277.7954,0
5682.589,302.665,0
5502.995,235.3179,0
6004.128,394.9563,0
5982.556,358.2173,0
5984.312,218.7861,0
5884.974,281.2278,0
5895.64,325.2324,0
5572.356,248.3311,0
6085.726,317.0693,0
5823.221,358.4275,0
6095.971,303.3237,0
5770.951,264.5837,0
5543.974,305.1912,0
5539.943,264.4133,0
5478.435,333.9463,0
5396.668,261.0115,0
6016.189,341.9238,0
5734.718,272.6016,0
5730.511,243.458,0
5884.553,377.7461,0
5722.046,277.2927,0
5657.22,228.4807,0
5897.321,457.6492,0
5927.819,264.6096,0
5920.442,293.9451,0
5870.393,380.2827,0
5482.182,246.5139,0
5884.077,432.2151,0
5231.789,229.8474,0
5020.078,305.8953,0
5874.794,337.104,0
5444.75,207.3162,0
6101.618,285.7688,0
5868.88,218.437,0
5239.253,263.8052,0
5796.458,349.9224,0
5805.355,367.2119,0
6206.837,283.3279,0
6244.929,306.2039,0
5483.927,227.8479,0
6024.245,348.5974,0
6067.221,378.1877,0
5894.002,286.5698,0
6096.208,239.5266,0
5775.062,429.2834,0
5885.293,249.1201,0
6088.341,385.2019,0
5493.574,289.3772,0
6017.732,299.0349,0
5566.255,410.6079,0
5433.606,258.4988,0
5508.628,249.3484,0
5774.341,267.5864,0
5474.929,375.0759,0
5564.297,306.7185,0
5307.364,299.9475,0
5881.15,396.7043,0
5574.908,238.0757,0
5616.64,240.9114,0
5826.818,258.9551,0
5436.659,310.7769,0
5877.693,341.6528,0
5501.303,377.5923,0
5432.265,222.0273,0
5678.6,395.2771,0
5186.148,334.9949,0
5969.653,341.2964,0
5889.495,362.9861,0
5915.196,337.2717,0
5967.24,292.9365,0
5336.314,227.7402,0
5998.314,347.0376,0
5947.055,270.0044,0
5400.278,201.3892,0
5330.524,228.7371,0
5263.192,399.0291,0
5681.04,317.8171,0
5926.154,531.3479,0
5805.355,307.8528,0
5487.631,343.1096,0
5851.703,269.3909,0
5975.145,394.6902,0
5487.333,285.793,0
5929.706,360.489,0
5777.925,421.6113,0
5785.015,292.6433,0
5257.531,180.4573,0
6156.459,366.2644,0
5529.591,263.585,0
5704.207,300.1804,0
5403.436,241.613,0
5868.7,318.2649,0
6033.199,292.7678,0
5855.012,573.1001,0
5719.325,340.4976,0
5612.575,407.6255,0
5933.672,307.7507,0
5896.485,406.3169,0
5272.925,337.6123,0
5732.84,320.2495,0
5744.651,282.8074,0
6151.316,293.1309,0
6030.574,316.5188,0
5229.394,258.4126,0
5597.083,322.9749,0
6075.441,315.3206,0
5373.652,281.0637,0
6002.246,388.2175,0
5847.717,422.8057,0
5858.556,332.5942,0
5919.434,390.4116,0
5870.758,325.8206,0
5618.176,242.5657,0
5394.442,213.6963,0
5993.191,348.9258,0
5474.359,395.8162,0
5897.86,469.4141,0
5961.41,350.4382,0
5455.313,313.6604,0
5276.211,218.9229,0
5387.244,272.5024,0
5899.454,463.0432,0
5936.243,229.6165,0
5568.071,160.8635,0
5168.921,191.6387,0
5684.515,397.8547,0
5511.323,379.6382,0
5673.891,354.6575,0
5889.774,461.3416,0
5942.592,364.8713,0
6020.18,385.1543,0
6030.02,349.1516,0
5234.996,251.7131,0
6039.807,264.4131,0
6069.81,283.2659,0
5704.836,398.1409,0
5922.965,352.7463,0
5780.762,427.4075,0
5842.803,361.761,0
5752.735,330.2051,0
5936.621,251.4778,0
5599.332,316.9934,0
5366.788,274.25,0
5810.615,346.3201,0
6047.081,312.2332,0
6066.75,291.7188,0
5743.512,249.3052,0
5503.252,300.823,0
5293.098,388.8594,0
5639.289,407.7144,0
5849.689,274.4504,0
5676.519,387.844,0
5445.09,231.0918,0
5684.003,343.301,0
5284.115,244.2271,0
5714.063,278.6018,0
5525.957,244.4304,0
5415.47,303.0774,0
5967.433,275.5332,0
6033.645,289.894,0
5646.655,284.46,0
5803.779,277.9243,0
5974.339,244.3501,0
6222.362,256.4114,0
5300.087,252.9387,0
6001.889,234.283,0
6004.581,296.7986,0
5322.164,376.8123,0
5805.278,331.3167,0
5674.143,160.1704,0
5224.355,286.6807,0
5965.253,346.8225,0
5910.001,347.0044,0
5432.042,270.5435,0
6098.053,363.177,0
5901.624,388.6477,0
5972.54,365.5076,0
5602.248,324.8789,0
5899.441,348.1726,0
5597.332,452.6069,0
5897.693,369.4063,0
5957.958,324.7688,0
5358.454,264.074,0
5695.588,346.3259,0
6000.532,336.6365,0
5844.31,194.2598,0
5698.29,274.166,0
5341.551,378.6948,0
5724.387,365.4243,0
5828.61,431.6392,0
5910.85,340.3618,0
5910.24,463.3765,0
5667.146,424.1399,0
5946.457,448.1528,0
5385.775,280.7854,0
5907.637,360.531,0
5885.542,489.1228,0
6051.388,256.4958,0
6023.311,395.0005,0
5916.798,422.3108,0
5936.368,352.3284,0
5532.973,251.6365,0
5272.029,396.4832,0
6014.351,310.8271,0
5905.108,426.1528,0
5770.535,282.7744,0
5636.664,236.666,0
5489.577,219.5398,0
5401.893,285.9045,0
5302.714,302.3616,0
5970.289,334.2275,0
6001.702,409.5024,0
6144.646,314.7781,0
6212.037,167.9177,0
5594.93,304.9587,0
5442.091,336.3423,0
5846.338,427.5396,0
5776.812,429.7297,0
5804.052,360.6011,0
5881.21,407.3235,0
6061.606,334.4751,0
5991.364,384.9084,0
5861.047,194.051,0
5722.151,281.2974,0
5847.166,202.8965,0
5833.063,316.8623,0
5833.887,453.2234,0
5365.119,255.095,0
5866.494,302.218,0
5962.485,344.6123,0
5867.949,303.8535,0
5940.174,327.1445,0
6038.864,318.5085,0
5851.607,423.3694,0
5925.311,469.3613,0
5245.059,207.3828,0
5533.603,275.2925,0
5921.876,317.5415,0
6129.95,249.1936,0
5805.927,446.0229,0
5406.168,387.5024,0
5766.121,360.3975,0
6020.041,377.6692,0
6013.789,277.262,0
5820.171,238.323,0
5706.17,274.4077,0
5949.875,371.5444,0
6006.878,320.1667,0
5490.813,347.2405,0
5645.75,268.6677,0
5893.781,309.2168,0
5995.522,271.3752,0
5751.257,270.0662,0
5979.986,428.0393,0
5736.971,248.8257,0
5506.038,231.6172,0
5967.557,347.021,0
5601.217,258.2744,0
5750.371,405.4241,0
5222.26,227.1785,0
6010.235,348.2185,0
5939.958,334.9009,0
5953.548,306.6499,0
6216.242,390.5708,0
5771.068,294.563,0
5789.32,420.0198,0
5973.33,246.8938,0
5950.711,359.7729,0
5751.471,428.1968,0
6068.81,291.4526,0
5826.293,386.5454,0
5475.039,496.5764,0
5855.018,369.3018,0
5819.51,297.3875,0
5762.531,264.4363,0
5861.85,410.7715,0
5974.579,397.9219,0
5619.693,313.4353,0
5265.596,334.1941,0
5685.322,364.1072,0
5676.323,338.0391,0
5985.251,367.4429,0
5749.159,436.4219,0
5751.269,278.0723,0
5931.845,229.1245,0
5957.594,337.5806,0
5189.69,247.4951,0
5877.77,297.7634,0
5605.347,243.5532,0
5650.973,432.0317,0
5320.275,217.551,0
6000.052,353.7476,0
5355.145,332.8528,0
5993.392,416.395,0
5358.478,246.4309,0
6157.05,330.5569,0
5859.706,262.3713,0
5229.067,289.5505,0
5904.02,452.7905,0
5850.1,453.6648,0
5151.94,405.624,0
5991.542,372.1548,0
5966.304,374.928,0
5858.123,282.9993,0
5348.712,269.635,0
6098.414,233.6357,0
5866.417,370.8325,0
5989.412,439.4094,0
5575.262,372.2273,0
5907.562,232.3645,0
5872.711,374.9521,0
5754.746,368.3926,0
5439.54,275.6453,0
5460.295,228.0381,0
5800.521,402.6509,0
5820.342,357.6375,0
5701.635,367.2402,0
5505.327,440.7637,0
5438.92,425.3291,0
5569.967,331.0205,0
5886.806,464.7544,0
5576.651,295.0112,0
5826.328,342.5537,0
5708.354,279.2312,0
5143.301,297.5066,0
5928.211,277.6321,0
5875.841,331.2344,0
5702.353,343.9004,0
5170.547,350.9019,0
5879.621,317.2729,0
5691.335,250.9731,0
5915.08,375.4058,0
5792.242,333.4724,0
5991.193,257.0017,0
5783.401,376.1516,0
5778.571,359.7261,0
5851.121,431.084,0
5411.656,281.4856,0
5703.415,273.8223,0
5880.474,370.9641,0
5999.972,291.886,0
6033.373,309.0042,0
5681.451,193.7712,0
5690.447,431.4517,0
5779.209,412.3882,0
5678.616,324.697,0
5460.64,408.2395,0
5924.474,425.2,0
5105.991,219.5925,0
5732.632,270.1206,0
5758.148,474.1675,0
5863.318,270.3596,0
5671.204,266.4587,0
5929.126,339.6272,0
5932.364,428.5151,0
5810.781,393.606,0
5750.765,418.3975,0
5596.71,301.6782,0
5933.868,374.6152,0
5389.569,307.4678,0
5868.884,366.3545,0
5648.163,309.1819,0
5071.458,311.7744,0
6124.954,439.468,0
5794.149,285.1416,0
6022.421,313.2444,0
5604.893,251.8928,0
5364.667,213.6653,0
5296.443,194.4792,0
5755.557,338.3596,0
5919.632,262.4673,0
5973.266,333.1162,0
5518.185,410.6724,0
6189.322,274.8555,0
5224.27,215.9956,0
5677.518,329.6094,0
5206.827,292.4529,0
6207.666,398.6277,0
5957.065,374.3821,0
5786.947,311.5371,0
5907.874,323.1528,0
5809.908,373.6016,0
5949.364,430.3774,0
5925.527,208.4939,0
5970.114,324.2913,0
5829.033,378.1174,0
5940.624,372.8047,0
5813.593,329.792,0
5684.216,318.0515,0
5161.511,256.2073,0
5630.002,330.3286,0
5933.661,326.9663,0
5435.268,288.3933,0
6057.956,394.2166,0
6024.646,282.8979,0
5879.919,369.7917,0
5716.715,315.9507,0
5863.201,325.1802,0
6031.361,285.0527,0
5692.583,321.1658,0
5268.536,240.2856,0
6098.488,348.45,0
5664.423,316.489,0
5244.89,277.5735,0
5977.326,417.1096,0
5897.103,431.3074,0
5584.201,310.4954,0
5907.137,286.541,0
5835.235,339.2192,0
5881.41,449.3174,0
6024.944,315.4241,0
5931.315,385.2388,0
5848.286,436.7563,0
5971.372,257.9495,0
5273.683,326.074,0
5984.452,392.9121,0
5919.294,346.3623,0
5837.539,305.2209,0
5580.931,419.9216,0
5902.138,369.8521,0
5855.965,305.0208,0
5918.304,419.0305,0
5392.033,252.6101,0
5901.301,418.6226,0
5550.868,376.1699,0
5862.179,357.8379,0
5900.659,353.2732,0
5773.647,386.6196,0
5786.181,267.5542,0
6002.419,387.6902,0
5909.912,326.7288,0
5875.904,337.8623,0
5883.573,281.6467,0
6009.437,277.5129,0
5724.844,277.9622,0
5631.06,388.4431,0
5606.295,382.5317,0
5946.793,269.8989,0
5202.28,301.7651,0
5610.454,309.9197,0
6013.368,380.0107,0
5898.078,395.8398,0
5664.046,273.7307,0
5786.317,289.9976,0
6116.372,235.1345,0
5692.238,408.5864,0
5993.075,358.7449,0
5565.099,316.3652,0
5861.242,471.9487,0
5241.375,316.3152,0
5839.019,254.623,0
5824.928,372.5461,0
5830.649,361.8997,0
5857.111,410.3787,0
5449.167,391.1943,0
5961.113,427.6013,0
5766.592,274.2395,0
5728.517,347.292,0
5862.927,415.2961,0
5939.202,457.4368,0
5958.704,202.3562,0
5741.344,246.0422,0
5706.409,275.7813,0
5404.434,210.6653,0
5975.146,293.2595,0
5893.278,331.3877,0
5963.845,288.4346,0
6033.049,131.8965,0
5322.583,303.894,0
5894.023,278.7888,0
5951.346,282.76,0
5971.364,402.7815,0
5848.198,292.5664,0
5797.718,216.1826,0
5901.09,354.8914,0
5599.138,208.3552,0
5489.717,237.0723,0
5877.128,302.0674,0
5968.952,188.6301,0
5731.184,275.6748,0
5818.153,258.0554,0
5861.314,244.0225,0
5608.993,304.8516,0
5655.972,374.8066,0
5698.252,350.6633,0
5462.021,324.2808,0
5931.745,332.2576,0
5736.03,334.0005,0
5433.57,290.8284,0
5143.754,305.9519,0
5892.483,454.6438,0
5504.571,308.1062,0
5274.75,335.8296,0
5845.698,200.4722,0
6134.501,371.4888,0
6018.55,308.0688,0
5882.614,251.156,0
5530.383,258.0637,0
6048.927,261.9458,0
5935.176,383.8684,0
5331.516,262.7747,0
5250.743,314.2524,0
5924.012,276.7803,0
5960.313,395.6177,0
5969.58,353.3098,0
5337.135,305.7495,0
5413.526,179.6926,0
5945.888,303.929,0
5307.843,234.5117,0
5841.115,378.9888,0
6148.722,380.5688,0
5358.485,204.1741,0
6074.779,212.7939,0
5915.987,188.7183,0
5835.198,300.2698,0
5792.255,304.7478,0
5863.844,265.9019,0
6034.146,437.5327,0
5925.619,384.1035,0
6004.943,348.3506,0
5668.276,236.9275,0
5487.064,210.8369,0
5944.952,449.9858,0
5680.807,264.9751,0
5933.748,235.981,0
5359.649,320.3794,0
5371.596,449.9949,0
5963.816,341.3914,0
5969.654,268.1904,0
5379.981,393.0371,0
5518.354,293.0566,0
6090.186,290.98,0
6078.969,304.7712,0
6089.249,329.5925,0
5937.065,323.6394,0
5998.621,285.9685,0
5959.373,372.6787,0
5737.725,329.9814,0
5922.082,266.4409,0
6089.556,280.3967,0
6038.206,260.7292,0
5772.849,305.084,0
5249.624,290.6006,0
5511.606,177.4761,0
5941.933,396.0867,0
5416.27,349.6536,0
6125.441,219.2256,0
5503.491,244.2354,0
5376.427,320.1692,0
5860.981,310.6489,0
5577.946,301.2451,0
5458.749,350.7095,0
6055.855,291.0972,0
5840.628,323.8896,0
5975.793,346.0425,0
5402.956,303.2358,0
5931.655,378.5564,0
5336.692,281.4822,0
5779.49,451.8777,0
5173.174,413.2905,0
6038.854,269.9917,0
6125.625,315.4724,0
5376.163,324.0767,0
5743.695,332.9211,0
5259.642,277.0833,0
5633.174,307.2017,0
5827.82,461.2229,0
5654.943,322.1199,0
6047.783,317.0715,0
5699.948,273.5654,0
6014.856,408.7751,0
5841.343,268.7358,0
6144.553,273.4741,0
5430.018,258.124,0
5554.422,220.4717,0
5903.374,283.365,0
5290.263,315.4722,0
6005.005,322.4221,0
5539.713,328.5569,0
5827.067,392.1565,0
5968.134,400.7095,0
5246.189,322.3943,0
6086.173,306.3418,0
6038.938,276.0618,0
5959.956,420.0513,0
6024.618,370.5171,0
5566.785,453.8892,0
5339.576,338.5391,0
5794.736,376.46,0
5964.989,376.7996,0
5342.459,284.9761,0
6029.792,301.2961,0
5897.696,437.9575,0
5930.736,223.6833,0
5815.423,312.8918,0
5856.901,415.8101,0
5802.373,263.5142,0
5954.742,350.115,0
6114.581,294.5222,0
5836.086,231.6626,0
6100.905,347.9841,0
6143.869,291.9138,0
5784.531,265.5056,0
6086.457,252.6006,0
5817.423,277.8909,0
6117.121,395.624,0
5673.899,373.481,0
5507.122,465.1145,0
5799.702,469.49,0
5188.652,388.9082,0
5976.415,389.7683,0
6024.827,380.1809,0
5091.296,252.8154,0
5903.848,328.302,0
5737.231,326.2014,0
5941.189,331.3979,0
5700.871,288.9097,0
5813.446,332.4065,0
5851.118,305.488,0
5555.214,356.449,0
5448.905,333.3594,0
5954.291,311.9307,0
5991.388,357.3298,0
6131.734,306.1836,0
5415.158,404.7468,0
5492.555,269.2559,0
5933.791,408.6365,0
6184.873,416.9282,0
6097.692,417.511,0
5866.266,285.573,0
5875.962,292.7759,0
5915.521,307.0234,0
6088.826,367.2126,0
5781.659,365.4695,0
5914.882,383.425,0
5817.124,429.6484,0
5860.608,287.3062,0
5780.696,328.5269,0
5952.921,361.2942,0
5705.394,370.0071,0
5715.927,419.4768,0
6040.229,345.1973,0
6017.468,305.9966,0
5815.784,285.5227,0
5896.243,389.7507,0
5364.201,317.4551,0
5806.778,260.6707,0
5866.704,347.0347,0
5762.673,224.3782,0
5950.422,301.6033,0
5974.786,396.8552,0
5517.625,378.0195,0
5958.344,371.2476,0
5883.687,356.9407,0
5957.796,318.593,0
5855.313,389.2449,0
5837.582,308.6233,0
5579.008,190.5195,0
5252.076,389.7937,0
5943.596,313.4097,0
6070.438,326.1326,0
5602.699,365.8411,0
5685.809,305.7634,0
5806.413,333.3271,0
6048.123,245.7849,0
5240.068,376.4392,0
5864.3,279.355,0
6100.325,373.2847,0
5442.117,314.3623,0
5766.614,333.9517,0
5963.398,295.8701,0
5959.69,426.8855,0
5488.301,399.5774,0
5682.005,413.7778,0
5881.245,306.627,0
5401.155,292.0068,0
5887.672,354.8232,0
5556.617,327.0808,0
6001.401,235.9148,0
5828.203,264.2258,0
5878.22,297.0828,0
6112.391,361.0144,0
5880.996,334.5051,0
5931.1,294.7976,0
5320.369,278.7749,0
5929.856,257.144,0
5161.843,270.8916,0
5641.017,381.4028,0
5931.13,276.2192,0
5899.744,340.9517,0
5660.232,268.4187,0
5453.143,281.9961,0
5485.262,190.1584,0
6028.522,403.542,0
5295.438,311.4492,0
5558.263,377.6467,0
5448.274,243.2944,0
5384.282,280.147,0
5528.005,200.2444,0
5813.193,265.7859,0
5907.125,324.948,0
5906.121,264.5493,0
6042.872,266.0991,0
5662.76,180.9373,0
5655.342,257.0767,0
6062.798,350.4626,0
5673.525,322.5386,0
5942.569,273.719,0
5740.863,384.5784,0
5295.221,194.8867,0
5857.831,324.811,0
5660.348,186.3433,0
6039.909,313.0527,0
5463.31,415.3184,0
5504.548,291.9048,0
5893.164,277.4199,0
5832.358,281.7026,0
5544.198,297.6016,0
5398.021,333.6355,0
5419.962,217.7559,0
5942.042,399.4675,0
5973.446,324.8962,0
6017.953,252.1372,0
6020.938,272.9883,0
5754.485,224.1504,0
5495.981,340.8328,0
6080.089,305.199,0
5646.676,416.8911,0
5619.183,290.3638,0
5841.664,278.145,0
5519.633,223.2341,0
5635.034,370.0757,0
5845.596,391.1621,0
5775.224,333.2156,0
5930.314,334.9805,0
5656.428,420.3611,0
5226.589,368.8206,0
6000.222,320.6567,0
5613.655,324.1001,0
5820.014,312.4407,0
5601.433,279.7903,0
5366.235,304.9509,0
5691.709,319.6064,0
5993.732,390.0837,0
5049.125,258.6099,0
5109.005,294.0903,0
5798.194,417.2019,0
5850.251,400.3206,0
5779.099,376.2964,0
5915.137,387.1833,0
5735.75,470.937,0
6006.168,353.5217,0
5865.069,387.4385,0
5842.983,366.9519,0
6014.729,350.3967,0
6140.906,258.447,0
5934.012,442.5308,0
6038.304,393.5632,0
5435.539,270.4292,0
5768.955,377.7644,0
5148.388,217.1228,0
6117.356,259.7324,0
5581.765,288.8059,0
5954.604,205.0249,0
6000.385,381.0129,0
6026.387,291.6162,0
5871.644,301.2832,0
5302.588,328.2383,0
5641.756,260.4221,0
6025.541,372.0413,0
5472.19,250.4575,0
5655.839,388.6855,0
5845.842,280.0229,0
6127.012,315.6484,0
6001.847,293.4089,0
6036.874,310.5259,0
6059.542,354.1946,0
6022.44,284.0386,0
6220.337,379.8843,0
5873.005,336.0464,0
5719.228,355.8914,0
5888.66,375.5322,0
5598.959,340.906,0
5867.885,357.9495,0
5829.458,312.1777,0
5742.002,307.6138,0
5793.008,272.1392,0
6109.314,342.606,0
5201.216,272.8191,0
6081.643,279.3652,0
5877.3,347.0674,0
5916.896,329.6609,0
5413.399,393.0303,0
5636.306,304.7207,0
5938.337,428.0881,0
5859.725,314.0752,0
5516.603,288.2451,0
5969.246,293.8286,0
5372.716,243.9402,0
5061.983,351.3948,0
5788.502,330.8896,0
5731.392,288.762,0
5275.786,187.6875,0
5677.226,191.5703,0
6042.46,314.5471,0
5387.943,256.5701,0
5859.474,328.3047,0
5950.229,322.9209,0
5521.44,306.2317,0
5839.967,231.0498,0
5682.095,271.6108,0
5890.448,432.2542,0
5248.265,293.1238,0
5353.656,256.293,0
5698.683,328.5857,0
5409.747,306.9438,0
5571.341,272.9421,0
6008.162,355.0515,0
5807.987,314.7605,0
5873.267,326.9316,0
5703.335,384.3438,0
5736.829,229.6733,0
5209.616,300.4675,0
5965.504,292.603,0
5995.76,292.1904,0
5401.046,414.9438,0
5747.673,263.5029,0
6121.492,357.8181,0
6009.711,375.0137,0
5173.1,327.1882,0
5676.153,238.5137,0
5241.925,245.7837,0
5718.783,339.637,0
5850.611,343.4854,0
5970.042,275.7703,0
5876.724,380.3857,0
5780.468,346.6125,0
5934.026,525.8696,0
6036.729,377.6428,0
5403.377,391.293,0
6016.382,178.8093,0
5615.974,241.3667,0
5860.338,359.0073,0
5757.606,282.0872,0
5775.034,360.4485,0
5859.098,365.4229,0
6024.075,424.4849,0
5853.344,240.2454,0
5955.24,270.5334,0
5917.955,368.7375,0
5975.273,396.6333,0
6036.883,215.0005,0
5584.213,232.3635,0
5997.571,360.3413,0
5225.093,326.2925,0
5163.875,292.7749,0
5380.992,372.781,0
5541.553,317.2764,0
5746.62,407.5051,0
5306.446,239.9592,0
5581.428,323.1936,0
5662.135,276.4087,0
5558.894,243.4937,0
5749.461,273.7322,0
5764.823,295.6448,0
5745.479,398.553,0
5113.029,252.3955,0
5954.167,283.5315,0
5839.094,235.5681,0
5976.859,360.6582,0
5858.96,244.2161,0
6008.221,353.0154,0
6023.681,372.7764,0
5940.543,402.5393,0
5428.455,325.5291,0
5596.093,294.8896,0
5688.503,286.4395,0
5699.239,312.0134,0
5953.53,406.8528,0
5269.19,234.8599,0
5849.56,378.946,0
6007.004,227.2207,0
5469.812,194.0911,0
6194.264,231.5972,0
5880.679,275.8174,0
5461.741,204.6406,0
5958.521,294.6582,0
5917.247,291.3799,0
5932.374,346.2964,0
6000.794,387.5002,0
5629.757,339.3542,0
5955.525,301.2188,0
5867.651,392.219,0
5550.742,321.1001,0
5874.521,290.9272,0
5516.838,242.6711,0
5512.497,263.4746,0
5818.96,151.2234,0
5605.297,475.106,0
5814.013,278.5762,0
5869.864,243.9592,0
5735.636,379.4102,0
5857.059,371.845,0
5742.675,339.7014,0
5396.793,266.0093,0
5953.595,315.0181,0
6108.468,415.0813,0
5675.58,287.7908,0
5840.064,374.8882,0
5959.771,292.677,0
5864.482,407.4338,0
6044.273,232.0105,0
6037.788,329.0691,0
6003.719,380.4802,0
6108.092,295.5542,0
5971.41,229.8279,0
5415.827,224.6587,0
5837.416,257.4868,0
5797.798,291.5862,0
5963.594,327.8191,0
5862.939,327.7026,0
5881.858,379.0996,0
5517.996,236.3293,0
5847.325,336.3357,0
6234.538,238.3264,0
5663.903,374.6243,0
5928.471,398.3174,0
5392.66,185.4817,0
5822.213,333.292,0
5832.118,381.582,0
5768.69,438.5876,0
5383.582,216.6885,0
6063.28,274.8462,0
5944.702,372.6113,0
5915.918,368.3398,0
6143.914,389.9402,0
5954.252,330.377,0
5810.254,215.1436,0
6208.459,384.0313,0
5282.111,324.7771,0
5543.58,260.7654,0
5661.547,242.7366,0
6013.849,308.325,0
5453.823,262.9502,0
5958.99,398.1323,0
5847.36,378.1172,0
5894.065,268.3391,0
5918.546,295.2346,0
5959.145,267.1016,0
5327.796,193.072,0
5250.917,264.6853,0
5748.515,372.7998,0
5824.091,288.5693,0
5706.026,141.6948,0
6116.751,328.5364,0
5494.732,233.551,0
5614.795,387.0022,0
5279.993,274.1426,0
5830.263,327.166,0
5892.257,411.2725,0
5890.326,291.3372,0
5405.065,238.2998,0
5447.614,356.8486,0
5774.238,305.2808,0
5980.558,299.4954,0
6173.378,307.48,0
5939.629,296.7834,0
5937.128,367.916,0
5793.065,279.2754,0
5977.473,299.6865,0
5666.84,306.8325,0
6063.865,278.7068,0
5874.309,359.6472,0
6077.259,216.781,0
6015.378,317.2139,0
5928.688,368.7766,0
5880.714,339.396,0
6057.121,245.4556,0
6023.695,263.043,0
6021.595,312.2161,0
5372.389,209.4851,0
5930.591,401.4004,0
6079.906,348.021,0
5973.724,331.2224,0
5706.008,361.6064,0
5907.091,389.512,0
5850.496,314.3743,0
5288.255,294.7344,0
6020.06,353.3025,0
5787.517,368.001,0
5879.452,480.9646,0
6014.179,358.0437,0
5830.046,256.0103,0
5544.013,307.2625,0
5848.031,358.6116,0
5802.159,275.3701,0
5806.652,346.4646,0
5507.816,463.7488,0
5525.303,265.948,0
5961.707,338.7422,0
6030.368,310.8364,0
5505.743,311.1411,0
5841.842,383.5352,0
5813.786,305.3555,0
5831.057,350.2214,0
6004.457,384.6306,0
5731.037,381.5854,0
5883.831,347.366,0
6049.527,523.5034,0
5775.127,296.5962,0
5949.717,397.7583,0
5466.644,285.1833,0
5846.803,480.6477,0
5672.732,418.0701,0
5501.058,274.9622,0
5828.789,449.0249,0
5699.156,324.6528,0
6061.659,264.5742,0
5533.867,277.2036,0
5318.712,345.4641,0
5743.144,269.647,0
6079.765,295.7441,0
5840.664,383.7632,0
5254.217,388.4226,0
6032.684,324.6011,0
5608.636,341.415,0
5237.778,323.9785,0
5919.317,287.8696,0
6016.015,203.8281,0
5862.382,461.5659,0
5354.112,273.3853,0
6034.871,323.1152,0
5782.553,292.2673,0
5871.514,334.7166,0
5556.703,449.396,0
5591.191,333.2756,0
5848.328,363.1914,0
5900.078,508.2603,0
5905.819,426.7917,0
6060.17,388.8972,0
5593.804,281.9812,0
5521.059,346.1899,0
6190.07,407.8352,0
5941.327,301.2273,0
5887.003,319.9629,0
5840.984,435.8,0
6015.194,402.176,0
5822.269,300.5999,0
5900.058,395.8486,0
5977.273,377.2427,0
6129.977,350.6287,0
5994.532,303.3643,0
5629.907,246.1909,0
6037.558,293.8735,0
5601.263,337.1565,0
6127.972,309.9614,0
5911.487,328.8391,0
6189.635,402.6863,0
5636.033,268.635,0
5866.604,354.7292,0
5401.092,369.7849,0
5672.611,313.6746,0
5681.81,341.7288,0
5791.359,344.6194,0
6079.146,247.0632,0
6023.969,188.3052,0
5875.378,363.6724,0
5857.886,326.7036,0
5714.252,371.7153,0
5416.279,428.7144,0
5997.548,284.6572,0
5532.528,309.918,0
5746.412,367.0024,0
6118.104,221.1096,0
5961.158,384.7532,0
5555.631,253.2617,0
6023.952,411.3245,0
5705.378,607.5745,0
5320.337,348.0215,0
5380.171,339.554,0
5806.395,319.2551,0
6084.262,390.7551,0
5942.396,250.9968,0
5637.077,241.1682,0
6164.095,396.0903,0
5250.922,344.5266,0
5902.3,285.438,0
5291.278,311.9023,0
5800.281,353.9541,0
5966.167,270.8887,0
6008.742,277.7769,0
5408.668,215.1577,0
5485.939,295.0347,0
5401.487,356.262,0
5888.907,361.1658,0
6239.941,389.7168,0
5665.034,372.1313,0
5968.413,293.3904,0
5853.565,325.9021,0
5191.511,343.7283,0
5982.369,348.5144,0
5943.562,293.6318,0
5909.229,416.0703,0
5581.355,355.7463,0
5912.129,425.833,0
6125.322,429.8992,0
6129.366,259.1152,0
5821.644,341.8147,0
5645.325,229.6069,0
5914.75,591.0386,0
5845.084,254.2861,0
5382.367,228.1462,0
5459.912,427.6489,0
5147.556,281.0718,0
5779.402,411.9829,0
5903.864,344.156,0
5937.8,337.8054,0
5811.242,312.3127,0
5826.885,314.176,0
5352.282,231.5469,0
5585.985,230.9128,0
6174.499,471.5095,0
6096.328,378.0974,0
5463.716,260.2976,0
5663.51,348.0515,0
5438.303,241.0671,0
5636.787,340.563,0
5998.983,308.2832,0
5551.017,293.625,0
5753.292,345.0989,0
5803.156,386.2783,0
6092.27,268.1284,0
5863.257,360.9768,0
5247.986,298.3088,0
5670.8,407.9868,0
5447.347,283.1143,0
6127.207,385.7627,0
5680.987,355.3184,0
6084.764,283.7585,0
6037.68,213.9089,0
5707.115,299.9602,0
5750.238,291.4958,0
5955.594,377.092,0
5684.634,288.8931,0
5766.959,408.676,0
5412.35,336.666,0
5684.071,284.3501,0
5886.635,214.0396,0
6035.88,373.3494,0
5915.927,313.5974,0
5478.417,364.2004,0
5849.699,289.0435,0
5646.273,298.9194,0
6007.581,444.116,0
5803.84,362.3938,0
6114.972,511.9407,0
5829.115,386.7542,0
5763.687,346.3096,0
5850.886,326.6741,0
5268.584,225.2178,0
5850.893,334.7678,0
5765.938,322.5403,0
5726.08,219.876,0
5545.774,390.8123,0
5522.428,306.7603,0
5988.638,327.8916,0
5202.635,389.4312,0
5733.443,355.312,0
6025.664,238.7427,0
5920.637,299.2729,0
5891.541,229.4094,0
5691.928,345.5222,0
5564.615,339.2727,0
5937.164,280.0386,0
5184.736,370.834,0
5816.974,392.5205,0
5608.173,330.2949,0
5784.066,299.0737,0
5710.922,361.8906,0
5753.778,355.3154,0
5262.929,227.8606,0
5419.931,253.1892,0
5835.44,358.9756,0
6103.185,318.3093,0
5785.346,382.0344,0
5825.552,341.0789,0
5181.606,232.668,0
5541.395,317.9973,0
5975.812,279.1655,0
5744.999,452.5371,0
5760.556,245.4617,0
5508.917,314.3955,0
6050.375,354.019,0
6080.14,354.7339,0
5948.607,316.116,0
6058.416,354.9492,0
5980.426,371.8159,0
5269.208,261.9275,0
5938.237,247.1926,0
5914.265,309.3933,0
6243.928,441.8105,0
5897.998,480.5989,0
5694.57,308.7554,0
5542.304,218.1238,0
5688.74,305.5298,0
5819.849,456.3682,0
5808.385,392.9651,0
6013.45,258.6213,0
5802.359,273.4226,0
6068.453,512.7271,0
5883.5,390.4045,0
5433.663,425.3667,0
5459.979,297.7808,0
5374.136,265.4363,0
5460.749,390.76,0
5542.698,366.5867,0
5689.378,394.7756,0
5265.354,263.5466,0
5955.271,297.5549,0
5863.365,369.5659,0
5730.64,335.1216,0
5896.355,355.7534,0
5993.809,225.0852,0
5947.777,453.1606,0
6034.408,419.6833,0
6066.358,294.1646,0
5965.584,270.311,0
5542.79,293.3962,0
6099.088,293.8779,0
6055.518,469.4399,0
5501.073,318.4399,0
5651.087,352.9863,0
5343.904,305.5286,0
5879.581,317.7849,0
6161.82,455.0193,0
5550.242,317.3574,0
5766.885,389.9592,0
5331.314,331.9209,0
5178.386,219.2874,0
6011.194,396.2693,0
6017.166,282.8152,0
5420.704,329.0535,0
6172.878,316.6165,0
5937.032,261.1902,0
5702.824,375.5889,0
5772.729,517.5637,0
6084.937,319.7646,0
5658.408,399.1179,0
5843.962,237.9993,0
5799.735,280.3208,0
6000.49,388.5073,0
5509.125,339.5049,0
5985.447,335.6709,0
5997.779,339.5422,0
5894.498,398.9768,0
6187.271,308.9807,0
5986.605,327.9419,0
6090.817,411.4448,0
5330.06,272.2227,0
5726.29,267.2979,0
5420.776,246.3025,0
6226.276,450.5259,0
5858.955,350.1306,0
5222.112,376.4849,0
6120.662,349.9419,0
6048.343,305.978,0
5676.26,273.0945,0
5906.285,291.1655,0
5860.556,359.2424,0
5680.61,240.7922,0
5846.921,306.656,0
5791.87,381.2202,0
5950.474,309.7515,0
5579.049,330.5469,0
6052.579,342.5857,0
5561.015,394.6501,0
6053.922,474.1853,0
5906.673,449.0732,0
5919.412,283.8733,0
5731.2,282.9812,0
5617.021,150.2759,0
5799.482,240.4641,0
6066.137,239.2,0
5979.769,355.689,0
5619.577,398.3416,0
6019.026,386.6885,0
5566.492,265.2917,0
6006.622,366.6465,0
5859.887,325.9722,0
5311.351,303.6279,0
5898.006,213.5588,0
6034.022,318.3093,0
6077.546,412.2666,0
5965.643,315.2913,0
6019.048,286.6274,0
5234.023,261.3081,0
5975.371,371.4097,0
5836.674,223.1382,0
5982.419,567.228,0
6067.87,332.1724,0
5759.723,378.6602,0
6073.955,462.8381,0
5996.958,291.9941,0
5812.124,386.9304,0
5728.207,335.979,0
5818.545,398.4175,0
6075.235,393.0745,0
5911.117,336.6768,0
5766.135,389.8828,0
6037.031,320.2878,0
5998.979,304.7734,0
6087.647,321.5466,0
5553.103,273.0405,0
6006.886,303.1467,0
5848.328,335.7061,0
5232.646,283.4749,0
5899.797,304.5476,0
5917.908,310.0703,0
5659.949,302.2947,0
6071.218,345.2122,0
5555.602,359.6604,0
5234.967,220.0144,0
5193.43,275.0403,0
5933.858,297.9175,0
5531.61,292.6733,0
6239.604,282.1633,0
5394.944,293.085,0
6118.449,296.5122,0
5606.96,239.866,0
5966.687,266.0037,0
5455.424,285.9631,0
5662.146,315.4932,0
5727.045,329.072,0
5741.164,296.2942,0
6010.502,282.1567,0
5932.916,339.9204,0
5310.523,381.582,0
5595.658,288.074,0
6000.774,299.2158,0
5669.043,255.137,0
5831.729,322.1863,0
5703.778,369.4272,0
5843.117,406.719,0
6060.747,417.4111,0
5885.567,414.2981,0
5569.629,336.9814,0
6007.465,401.2581,0
6065.542,342.8191,0
6011.542,360.4299,0
6065.877,312.9856,0
5947.23,363.1428,0
5995.929,351.9858,0
5834.257,358.8079,0
6060.205,461.2881,0
5863.795,433.2537,0
5305.974,353.8779,0
5657.376,274.9832,0
5907.185,390.5203,0
6159.707,269.092,0
6115.096,283.2771,0
6089.825,365.9146,0
5906.854,357.4146,0
5549.438,330.3425,0
5434.09,313.9622,0
5972.208,367.4851,0
5937.471,405.1541,0
5815.01,386.9197,0
5545.778,274.5449,0
5476.832,212.7024,0
5680.218,289.9849,0
5913.887,408.2407,0
5658.128,306.6138,0
5880.405,380.6685,0
5954.056,182.6487,0
6071.649,344.5928,0
6079.715,288.5588,0
5737.557,314.5247,0
6027.508,333.9871,0
5566.629,269.4851,0
5883.315,395.1135,0
5764.549,494.1917,0
5956.345,392.0383,0
5865.628,414.5713,0
5219.814,253.1958,0
6008.706,221.5244,0
6062.004,427.9631,0
5499.157,268.2578,0
5568.512,332.8242,0
6023.403,276.394,0
5752.969,344.6707,0
5734.729,374.2646,0
5961.681,500.0317,0
5924.49,379.3501,0
5784.495,304.3926,0
5975.381,335.1631,0
5991.23,454.9077,0
5355.443,317.7458,0
5975.816,340.7771,0
5973.119,260.5764,0
5718.832,294.0273,0
5005.072,300.9399,0
5697.682,322.2651,0
5779.623,283.6265,0
5097.648,310.8723,0
6176.939,312.012,0
5524.209,364.5015,0
5800.204,337.9729,0
5582.053,247.4485,0
5568.194,374.5332,0
6137.635,360.6729,0
6031.034,235.79,0
5558.308,330.0232,0
6047.761,425.9045,0
6070.684,375.7681,0
5878.358,402.011,0
6100.653,349.4722,0
5915.385,217.5767,0
5912.612,428.4448,0
6068.044,376.9172,0
6005.146,373.5164,0
5851.901,355.021,0
5827.896,381.054,0
5823.323,363.8215,0
6038.211,295.4993,0
5833.993,433.5073,0
5660.745,322.1851,0
6044.339,322.3389,0
5921.039,276.1179,0
5843.167,357.2686,0
6035.613,463.2595,0
6040.039,287.0276,0
5932.433,303.5747,0
5748.465,285.782,0
6173.961,255.1028,0
5852.936,378.2947,0
5630.06,425.2568,0
5980.444,302.5073,0
5816.528,239.7415,0
5542.184,387.7859,0
5963.395,418.8774,0
5901.813,394.9102,0
5876.539,292.2808,0
5972.102,404.7751,0
5628.715,237.8369,0
5720.985,451.3999,0
6022.711,322.9019,0
6087.063,284.6729,0
5825.601,378.5225,0
6083.998,396.7473,0
5954.756,393.7295,0
6077.77,497.7085,0
5616.137,276.2144,0
6025.447,407.8191,0
5336.646,209.2415,0
5460.229,325.7156,0
5908.223,381.75,0
5879.372,248.3113,0
5738.924,346.1746,0
5850.199,326.6655,0
5624.609,261.5964,0
5693.159,291.9595,0
6112.267,287.0864,0
6117.567,292.2886,0
5962.413,257.7554,0
5453.259,298.7495,0
6000.521,291.4014,0
5991.055,407.7615,0
5942.727,368.636,0
5559.576,336.7859,0
5660.998,365.5305,0
5303.761,265.3184,0
5986.745,386.6743,0
5893.544,338.0801,0
5775.962,279.98,0
5789.673,294.5659,0
5623.012,353.783,0
6023.094,300.0256,0
6040.593,280.1804,0
5885.547,319.8289,0
6220.567,378.3979,0
5770.749,323.3684,0
6026.202,307.2437,0
5776.288,241.7607,0
5832.037,244.7336,0
5848.742,276.2085,0
6098.077,350.4451,0
5948.87,335.4006,0
5593.574,369.9768,0
6036.306,357.5105,0
5319.174,399.7317,0
5520.242,340.5674,0
6068.132,194.9304,0
6029.984,367.2693,0
5884.297,394.8333,0
5692.886,295.2578,0
6027.712,286.5417,0
5969.323,349.2764,0
5834.982,309.5999,0
5729.303,381.2041,0
5849.646,260.8936,0
5738.077,284.5486,0
5816.378,390.5444,0
5982.115,238.8057,0
5951.127,286.1101,0
5518.459,351.2544,0
5438.221,386.2334,0
5914.322,220.9841,0
6071.155,347.4463,0
5999.906,269.4287,0
5806.679,503.3728,0
5634.692,407.0024,0
5387.12,379.4312,0
5408.781,327.1736,0
6047.243,362.2483,0
5727.363,328.4263,0
5927.897,314.895,0
5867.101,346.5859,0
5879.051,391.0718,0
5344.095,229.8628,0
5732.898,264.6963,0
5770.08,340.2314,0
5105.958,287.7319,0
5658.247,318.1511,0
5840.175,424.9807,0
6012.551,410.2263,0
5645.559,259.158,0
5994.913,350.5691,0
5923.66,358.8789,0
5958.192,252.7253,0
5983.287,302.7261,0
6037.818,448.3557,0
5987.748,354.4192,0
5722.491,346.968,0
5906.442,299.8147,0
5828.549,346.9224,0
5943.048,407.9634,0
5702.142,379.6099,0
5809.632,423.0435,0
5398.744,263.6282,0
5987.197,390.2983,0
5824.961,445.2859,0
5862.444,229.0916,0
5981.127,309.6763,0
5971.118,473.1372,0
5892.538,311.2556,0
6008.64,369.8142,0
5995.56,464.0186,0
6164.639,390.3628,0
5367.076,389.0688,0
6014.485,314.7058,0
5968.762,392.1807,0
5890.315,427.679,0
5634.232,400.832,0
6077.15,232.4578,0
6005.297,302.1606,0
5567.931,316.9697,0
5944.15,412.5208,0
5798.545,318.4268,0
5558.262,410.658,0
5706.709,463.0481,0
6075.616,422.9558,0
5972.145,255.6287,0
5572.837,426.8762,0
5695.36,295.1235,0
5932.236,270.1975,0
5872.937,382.3667,0
5874.812,412.1321,0
5651.792,454.116,0
6148.888,460.9802,0
5908.699,325.9431,0
5846.604,382.8496,0
6109.621,433.3252,0
5610.193,195.8347,0
5217.573,375.4734,0
6007.748,274.8447,0
5596.501,285.4934,0
5977.753,325.9924,0
5331.951,320.9189,0
5781.854,396.1487,0
5897.653,470.4133,0
5093.192,309.5857,0
5977.73,358.176,0
5968.525,274.0415,0
6012.932,316.5918,0
5736.639,323.989,0
6002.634,365.5442,0
6036.929,380.4038,0
5255.665,186.9365,0
6200.056,316.0281,0
5675.596,354.4565,0
5587.412,284.2322,0
5324.277,356.9255,0
5524.99,285.8201,0
5924.794,220.1194,0
5893.16,387.8694,0
5316.276,465.6882,0
5358.377,320.6025,0
6055.014,356.0288,0
5954.7,365.9661,0
5033.561,293.1548,0
5690.153,328.1667,0
5884.215,227.9148,0
6110.94,152.9648,0
5600.185,352.4919,0
5975.999,297.6677,0
5951.345,484.7429,0
5544.73,281.1497,0
5924.599,383.0212,0
6020.658,332.9158,0
5980.786,369.9863,0
5644.294,336.0662,0
5147.152,317.126,0
5750.352,342.4983,0
5759.775,297.0552,0
5977.99,380.1062,0
5290.6,321.7878,0
6079.132,305.8787,0
6162.761,489.8364,0
5851.261,267.6755,0
5930.589,324.0347,0
5330.337,275.5671,0
5443.583,358.0918,0
5758.581,391.8579,0
5402.144,294.1726,0
5721.353,379.863,0
6050.278,279.2937,0
5925.785,380.481,0
5736.845,420.8506,0
5651.261,306.1108,0
5804.009,337.8442,0
5726.872,327.7126,0
5431.563,252.1621,0
5529.423,269.9312,0
6032.52,338.9209,0
5288.122,277.0444,0
5973.552,455.2832,0
5604.752,238.0911,0
5970.596,403.6733,0
5838.322,294.9275,0
5882.063,300.4795,0
6219.423,332.3862,0
5804.155,321.2937,0
5521.541,345.8044,0
5471.944,274.6484,0
5304.523,281.9648,0
5234.975,247.1836,0
5583.343,353.4619,0
5392.993,341.8616,0
6149.831,284.8601,0
6437.183,269.3384,0
6010.805,227.093,0
6006.338,267.7468,0
5411.464,264.4341,0
5778.053,364.1638,0
5393.295,276.4873,0
5807.512,380.7554,0
5916.241,291.5227,0
5145.175,376.7656,0
5632.982,328.636,0
6070.516,315.5972,0
6042.777,233.4707,0
5966.989,387.5762,0
5785.561,322.3176,0
5508.855,315.509,0
5904.271,239.5662,0
5936.267,311.741,0
5307.726,320.8633,0
6059.113,273.2939,0
5679.357,316.8562,0
5241.813,340.895,0
6131.972,336.1011,0
5785.707,421.6438,0
5938.499,189.7339,0
5819.563,235.7729,0
5779.019,310.5154,0
6077.332,300.3535,0
5864.283,404.5664,0
6007.008,326.4651,0
5798.027,340.5811,0
5981.154,320.8801,0
5326.88,298.3384,0
5855.557,337.5527,0
5929.424,444.8647,0
5762.54,339.3376,0
6085.712,312.5979,0
5779.221,445.3926,0
5897.044,347.4854,0
5636.545,431.0127,0
5490.03,280.6831,0
5897.768,432.8528,0
5334.328,290.0259,0
6044.224,403.1475,0
5340.294,390.4509,0
5888.808,373.6357,0
5522.599,370.8845,0
5190.43,326.46,0
5528.584,325.3982,0
5878.993,346.8391,0
5585.112,278.9573,0
5909.823,396.3159,0
5989.588,250.8665,0
5831.241,341.4124,0
5680.82,267.7688,0
5814.663,320.7966,0
6102.016,172.3936,0
5962.507,280.3333,0
5831.935,445.8965,0
5703.526,298.928,0
5931.39,306.2947,0
5277.385,347.0569,0
5824.063,304.2708,0
5379.13,272.2954,0
5665.815,249.0005,0
6096.976,373.6072,0
5849.355,449.5874,0
5781.114,364.0342,0
5988.528,321.3413,0
6017.628,388.1218,0
6217.671,490.2998,0
5710.469,331.9846,0
6005.899,276.9656,0
5606.161,281.5156,0
5487.69,379.9014,0
6155.06,285.0874,0
5858.069,269.8088,0
5858.229,367.281,0
6139.403,253.4861,0
5501.254,319.8914,0
6035.131,444.0933,0
5292.946,264.6738,0
5886.705,307.408,0
5590.628,300.2708,0
5817.001,379.0049,0
5699.072,362.5188,0
5938.206,421.6174,0
5872.759,362.6399,0
6155.904,468.698,0
6075.162,291.469,0
5771.4,371.2209,0
5856.654,284.0225,0
5965.506,266.3828,0
5885.574,319.7722,0
5972.236,540.592,0
5557.331,245.8623,0
6086.701,291.7776,0
5695.32,230.2087,0
6031.098,273.543,0
5969.255,358.7039,0
5414.069,238.6084,0
5267.493,272.3225,0
6043.53,316.3447,0
5600.187,438.3467,0
5952.613,428.1594,0
5954.313,336.8994,0
5619.123,276.7371,0
5488.836,324.7097,0
5800.779,447.2666,0
5873.81,356.6799,0
5682.215,260.4976,0
5499.525,297.5444,0
5917.259,389.5925,0
5912.858,415.2134,0
6131.225,263.8657,0
6087.654,359.4443,0
5430.349,281.3853,0
5822.469,231.5,0
5646.318,350.323,0
6085.716,395.3826,0
5973.273,312.7012,0
6193.453,399.8254,0
5826.522,496.1028,0
5790.721,443.0525,0
5782.762,383.0288,0
5815.393,423.229,0
5828.473,377.8711,0
5912.397,364.4004,0
5886.03,310.1731,0
5692.199,388.302,0
5848.598,438.9778,0
5835.327,321.7627,0
5438.871,343.5554,0
5525.669,258.4451,0
5769.899,241.8391,0
5677.389,328.2239,0
5712.464,351.5547,0
5906.646,398.0193,0
5855.963,375.7693,0
5929.563,452.7878,0
5917.266,486.5505,0
5782.772,417.9016,0
5907.165,310.4143,0
5950.547,284.1362,0
5753.142,342.9053,0
5661.406,419.6504,0
5948.97,364.103,0
6023.82,358.7847,0
5949.667,412.8232,0
5891.575,433.3777,0
6034.758,373.6785,0
5834.174,308.0818,0
5277.094,344.3835,0
5339.502,201.614,0
5818.797,379.4546,0
5892.802,291.4692,0
5384.52,310.887,0
5730.75,481.3171,0
5800.924,345.4099,0
5845.865,331.9167,0
5326.188,382.6724,0
6132.576,368.8198,0
5879.032,268.9641,0
5661.322,263.75,0
5728.072,304.8489,0
5916.751,376.0769,0
6062.945,462.4561,0
5391.005,295.6887,0
5837.841,380.0159,0
5312.388,389.5845,0
6021.538,260.2847,0
5994.586,440.1533,0
5972.604,398.3394,0
5465.407,250.2151,0
5760.306,325.8059,0
5453.23,374.1814,0
5563.351,225.1875,0
5546.887,270.7566,0
6062.675,410.896,0
5841.175,270.7559,0
5776.603,360.4478,0
5409.108,300.1321,0
5406.689,288.374,0
5814.721,255.9583,0
5793.209,329.7939,0
5906.128,320.884,0
5911.219,391.7666,0
5796.379,397.1587,0
5702.442,376.3391,0
5697.013,352.3613,0
5880.084,322.4436,0
5806.461,178.1609,0
5855.781,309.2429,0
5466.293,300.0635,0
5684.141,324.0547,0
5212.197,322.8726,0
5775.823,195.7466,0
5773.877,264.6799,0
5861.098,398.5154,0
5692.119,234.0576,0
5420.713,292.05,0
5484.321,400.2322,0
5706.93,436.6201,0
5842.587,449.948,0
6197.967,387.3826,0
5198.289,332.7444,0
5513.247,311.1099,0
5897.112,339.0239,0
5768.109,316.6904,0
5881.449,377.0713,0
5830.747,354.8557,0
5940.979,318.3359,0
5919.461,399.7866,0
5685.658,308.332,0
5904.537,357.0188,0
5965.991,368.5034,0
6089.389,366.7178,0
5758.926,179.1794,0
5843.023,352.6055,0
6173.219,369.9155,0
5578.285,351.1792,0
6157.451,314.9338,0
5939.402,412.626,0
5897.178,398.929,0
5869.333,344.813,0
6222.261,355.6753,0
5884.404,304.5498,0
5893.432,295.7588,0
5651.82,271.8733,0
5490.632,359.1528,0
5294.665,316.6523,0
5941.701,303.9202,0
5493.35,272.8127,0
5725.736,318.8096,0
5736.454,417.98,0
5967.46,324.908,0
6220.834,433.8291,0
6000.586,290.3254,0
5409.631,220.1313,0
6088.276,452.8652,0
5778.15,187.623,0
5974.504,310.0864,0
5721.074,323.4673,0
5444.593,244.7231,0
5494.369,321.2368,0
5672.324,370.6973,0
5817.046,409.2019,0
5883.971,380.8027,0
5447.793,402.0249,0
5630.211,341.251,0
5745.318,260.6033,0
5441.146,388.4021,0
5519.185,253.2957,0
5572.69,353.1423,0
6018.631,433.0049,0
5810.506,331.2368,0
5853.849,355.9338,0
5992.415,297.3569,0
5883.093,440.1362,0
5373.812,271.4001,0
5149.726,318.4539,0
5771.49,360.6797,0
5767.068,473.4785,0
5820.565,312.1321,0
5218.862,238.2522,0
5915.763,360.6497,0
5597.74,276.8699,0
5781.164,304.7869,0
5916.36,377.4336,0
6203.19,368.813,0
5377.498,365.6721,0
5454.778,341.2813,0
5930.122,179.5366,0
5769.485,231.0835,0
6078.323,371.4907,0
5744.283,322.6089,0
6230.115,388.4482,0
6108.79,439.3594,0
5650.986,360.3074,0
5867.097,335.5083,0
6007.651,331.874,0
5929.42,373.907,0
5302.374,288.8167,0
6033.202,357.9822,0
5408.626,285.3118,0
6017.15,325.5994,0
6077.156,262.2173,0
5364.155,274.8567,0
6117.436,282.1345,0
5927.129,382.5271,0
5879.489,402.1941,0
5951.101,457.2095,0
5945.304,311.0383,0
5913.071,348.3748,0
5828.111,360.7229,0
5935.111,420.6997,0
5992.403,302.8506,0
5924.133,449.7864,0
6083.371,270.2285,0
6155.168,306.5313,0
5440.169,268.5503,0
6118.068,305.1917,0
6111.37,296.668,0
5984.464,297.7842,0
5552.547,356.894,0
5910.706,343.1348,0
5887.576,295.3179,0
5133.595,276.5916,0
5704.482,251.0222,0
5652.07,288.3816,0
5875.386,411.5671,0
5906.213,317.2781,0
5470.692,333.4907,0
6113.01,370.5527,0
6039.299,335.6738,0
5896.368,363.5237,0
5927.43,364.8665,0
5968.572,274.4536,0
6057.561,233.5046,0
5879.71,228.3123,0
5859.186,313.7637,0
5946.393,447.3901,0
5828.297,385.4011,0
5482.748,356.9136,0
5437.945,267.7986,0
5593.677,194.1587,0
5942.713,342.1321,0
5915.239,318.158,0
5953.079,382.5696,0
5675.881,351.936,0
5316.521,297.9609,0
5831.483,430.9539,0
5939.521,272.0422,0
6074.056,320.2659,0
5932.644,302.053,0
5579.555,342.312,0
5940.131,303.041,0
5856.231,266.9746,0
5798.895,301.3489,0
5036.716,234.0769,0
5763.091,371.7036,0
6232.283,287.7329,0
5916.526,367.6492,0
5970.678,280.5991,0
6254.612,223.6575,0
5972.66,314.7776,0
5959.985,297.4265,0
5972.092,352.6555,0
5804.11,402.9307,0
6088.497,440.792,0
5979.455,344.4485,0
5756.163,335.311,0
5971.507,314.9673,0
5700.398,337.696,0
5847.266,321.696,0
5889.748,377.2695,0
5751.745,413.0974,0
6059.051,299.5203,0
5871.22,344.3459,0
6171.646,428.6011,0
5795.295,302.8828,0
5595.092,286.8977,0
5800.165,385.7271,0
5855.873,307.5986,0
5807.58,485.063,0
5684.402,298.2078,0
5654.145,309.52,0
5900.232,343.7305,0
5823.067,301.6235,0
5990.856,427.1125,0
6015.809,343.74,0
5616.773,305.9172,0
5926.724,301.5906,0
6100.059,341.2039,0
5805.274,285.7498,0
5867.039,331.6553,0
5986.287,429.7695,0
5848.418,324.9807,0
6017.538,437.8721,0
5876.492,263.3379,0
5769.923,290.7712,0
6088.911,404.9519,0
6018.717,386.395,0
5397.439,2197.0,
6005.954,312.5339,0
6153.507,317.2273,0
5827.821,544.8665,0
5871.271,464.7134,0
5724.633,365.6816,0
5868.641,264.4207,0
5932.498,350.2654,0
5965.562,340.9192,0
6022.182,411.3169,0
5844.753,413.3672,0
5555.021,333.0134,0
5706.739,405.6816,0
5652.829,297.8958,0
5989.604,450.8074,0
5959.079,343.4358,0
5937.732,317.4011,0
5781.984,381.3755,0
5335.549,269.6277,0
5934.44,377.3081,0
5384.891,343.5928,0
5795.93,248.218,0
5288.937,319.6233,0
5836.91,377.1768,0
5943.446,358.4126,0
5489.373,268.9351,0
6032.871,319.583,0
6082.093,326.9419,0
5999.457,370.324,0
5889.904,341.7014,0
6048.832,489.6628,0
5344.535,267.7639,0
5901.334,386.9067,0
6280.996,206.0754,0
5937.317,381.52,0
5859.91,351.6245,0
5818.370,1108.0,
5861.358,308.2717,0
5433.307,418.4368,0
5936.397,327.5996,0
5828.63,233.6812,0
5207.671,273.2251,0
5267.496,197.8506,0
5730.43,163.0066,0
5933.371,464.7349,0
5875.067,385.1782,0
5962.056,242.0654,0
5868.947,279.8667,0
6040.525,341.9988,0
5714.822,309.123,0
5656.304,335.7397,0
5994.503,349.6436,0
5621.827,358.9949,0
6148.818,341.5325,0
5807.529,297.9971,0
5431.099,382.4883,0
5652.343,241.7671,0
5420.545,368.4565,0
5537.969,335.636,0
5967.525,372.5842,0
5487.295,342.5767,0
5941.166,308.7114,0
5163.699,302.0991,0
5527.62,206.3303,0
5816.827,302.1477,0
5550.314,329.6152,0
5710.566,274.4951,0
5965.627,355.6284,0
5926.679,399.6042,0
5103.334,219.8398,0
6252.813,291.001,0
5887.257,342.5557,0
5616.185,301.4404,0
6077.249,381.095,0
5885.93,264.4272,0
5792.863,277.0508,0
5637.554,411.0574,0
5778.225,385.9851,0
6103.26,434.1567,0
6073.363,252.0178,0
5831.22,363.6443,0
5968.283,338.1472,0
5783.315,308.8474,0
5948.559,445.0994,0
5886.953,376.3047,0
5015.913,379.3582,0
6229.854,341.7605,0
5922.581,375.1479,0
5484.622,349.3474,0
5490.982,326.6704,0
6229.41,311.366,0
6099.875,267.6819,0
5726.364,408.8948,0
5647.18,379.385,0
6769.743,534.3259,0
5941.073,328.1875,0
6065.283,263.3911,0
6144.677,469.449,0
5961.333,428.0569,0
5943.551,273.9561,0
5316.226,388.3728,0
6047.397,322.0667,0
6011.488,273.1445,0
5598.023,368.3845,0
6095.141,393.8372,0
6088.401,341.1853,0
5747.967,279.3853,0
5824.093,387.7019,0
5905.538,435.8674,0
6105.161,510.5647,0
5237.895,299.9194,0
5908.896,310.6138,0
5914.386,433.5425,0
5257.892,334.751,0
5942.681,469.134,0
5965.101,410.0903,0
5947.712,351.4524,0
5739.108,329.9285,0
5714.799,413.4893,0
6128.028,395.5891,0
5753.544,329.9407,0
5768.448,418.1785,0
5826.761,425.1743,0
5778.15,339.0969,0
6040.069,296.6497,0
6025.637,403.6724,0
5554.24,295.4268,0
5421.769,268.9377,0
5520.844,348.2803,0
5548.856,311.9707,0
6049.989,256.9524,0
5856.766,342.043,0
5781.271,221.2876,0
5556.311,263.4609,0
5847.894,290.48,0
5500.524,307.0696,0
5953.87,347.3271,0
5517.427,435.9224,0
5909.852,375.7036,0
5597.186,337.4792,0
5847.783,369.6067,0
5620.676,306.5239,0
6031.16,426.7908,0
6061.676,272.6858,0
5919.905,308.9287,0
5641.069,300.9021,0
5288.861,266.4648,0
6250.851,352.9573,0
6126.196,350.0696,0
5806.728,312.8169,0
5799.716,350.0901,0
5516.731,204.7759,0
5631.276,320.1211,0
5652.478,238.8069,0
6069.781,348.0315,0
5993.208,300.8723,0
5380.969,240.4343,0
5584.815,282.7778,0
5945.473,304.5283,0
6044.489,215.2512,0
5913.747,572.0798,0
5375.724,295.8418,0
5436.349,330.3872,0
5740.271,303.6294,0
6104.601,340.9866,0
5817.184,360.0032,0
5553.908,290.2971,0
5484.787,371.5217,0
5765.833,390.4211,0
5749.247,378.8403,0
5965.091,303.3469,0
6089.869,334.7031,0
5898.563,372.769,0
6028.638,407.624,0
5661.276,296.6904,0
6164.779,370.53,0
5759.253,341.8059,0
5821.72,372.3423,0
5952.695,383.7329,0
5930.222,314.0923,0
5846.469,366.8267,0
5869.207,328.5227,0
5158.354,195.5796,0
5470.076,381.6582,0
5739.998,338.1643,0
5725.596,415.4058,0
5805.938,315.6162,0
6091.989,399.1748,0
6062.934,311.4009,0
5753.487,289.0247,0
5631.197,298.7781,0
5972.374,354.0828,0
5591.574,292.6208,0
6097.666,359.2102,0
6146.11,444.8044,0
5920.773,312.4355,0
6099.63,345.3042,0
5758.016,383.7651,0
5553.639,279.9341,0
6074.212,258.0537,0
5334.118,303.4521,0
5592.572,340.4529,0
6034.371,329.2192,0
6189.897,421.5366,0
5948.718,351.9995,0
6059.616,408.6021,0
5870.902,348.0227,0
5043.793,245.2434,0
5731.825,268.2375,0
5969.704,338.9136,0
6004.305,409.9756,0
5998.529,307.0742,0
5841.733,285.0544,0
5398.671,324.6809,0
5897.837,319.3787,0
5721.38,321.1443,0
5933.623,289.5286,0
5189.893,195.6184,0
5565.014,379.9575,0
5600.288,304.0034,0
5500.757,297.3452,0
6012.115,300.426,0
5685.091,321.6606,0
5475.327,273.6116,0
6012.901,227.5923,0
5907.761,347.0564,0
6034.89,379.2205,0
6099.1,342.675,0
5415.919,260.6643,0
5810.908,434.1963,0
5645.642,208.7581,0
5625.238,310.8042,0
5912.045,397.2793,0
5599.954,356.127,0
6088.535,350.4773,0
6188.371,333.2463,0
5955.06,336.5364,0
5635.915,365.2744,0
5581.474,377.5657,0
5421.823,320.9456,0
5503.395,278.5415,0
5701.653,391.1228,0
5928.146,445.9807,0
5093.377,367.3975,0
5751.808,260.8967,0
5738.018,274.3105,0
6011.064,360.0925,0
6160.36,483.5747,0
6221.629,386.8975,0
5635.611,302.519,0
5892.944,407.0449,0
5737.217,452.8533,0
5889.401,356.0313,0
6229.436,420.106,0
5983.795,318.239,0
5718.694,401.823,0
5797.976,347.9241,0
5771.358,310.1309,0
5862.716,410.1106,0
6029.354,300.8433,0
5600.022,368.1265,0
5955.26,418.3801,0
5921.784,326.74,0
6061.664,371.1233,0
6298.567,399.8027,0
5994.299,244.2874,0
5511.183,337.1082,0
5989.967,426.3442,0
6061.408,393.6013,0
6015.766,371.0227,0
5987.093,293.6455,0
5985.997,377.0056,0
5593.537,227.9797,0
5671.707,298.2339,0
5858.815,274.9617,0
5852.023,259.4377,0
5435.184,329.7275,0
5569.042,346.4736,0
6063.885,285.5115,0
5663.482,340.5447,0
5279.074,370.7439,0
5647.755,330.896,0
5905.265,358.5537,0
6080.916,343.0332,0
5985.67,343.3047,0
5972.637,285.9844,0
5176.669,250.1528,0
5882.883,270.6228,0
5874.992,461.3191,0
5689.442,395.2439,0
5962.104,289.7385,0
5879.979,463.8906,0
5704.087,443.8364,0
5433.367,339.9512,0
5413.246,281.0212,0
6109.788,382.0256,0
6046.872,294.9563,0
5890.955,369.2244,0
5742.43,357.4709,0
5812.523,394.0017,0
5359.953,311.5908,0
6111.408,254.9602,0
5234.146,231.3057,0
5337.077,260.1089,0
5832.613,341.9546,0
6147.435,265.2224,0
5978.984,372.1829,0
5223.621,359.8076,0
5530.687,327.2717,0
5734.971,406.0701,0
5937.196,307.0269,0
5155.239,319.3074,0
5420.688,262.668,0
6196.015,260.2473,0
5508.325,279.2722,0
6079.021,271.658,0
5400.571,285.2061,0
5991.298,357.5432,0
5992.474,313.3552,0
5323.283,253.282,0
5574.657,301.7092,0
5987.834,294.97,0
5485.282,174.1448,0
5826.594,366.9041,0
5798.877,460.1919,0
6373.612,314.8164,0
5916.587,401.2561,0
5474.128,355.5718,0
5924.279,393.9404,0
5966.38,311.1216,0
5461.02,240.5898,0
5906.341,298.3948,0
5905.517,259.4753,0
6006.026,330.1326,0
5571.438,158.938,0
5874.023,322.2734,0
6214.408,400.0566,0
5749.018,321.0647,0
5378.975,215.3315,0
5618.038,274.1448,0
6029.845,364.6309,0
5805.243,340.176,0
5828.72,358.5532,0
5964.396,363.2332,0
5863.12,395.2119,0
6000.46,363.6196,0
5841.396,399.647,0
5882.229,263.8289,0
5726.165,427.3005,0
5786.261,370.0859,0
6000.718,343.7866,0
5716.101,314.374,0
5791.346,272.0764,0
5514.872,275.5625,0
5983.95,260.5215,0
5868.277,375.7712,0
6017.264,318.6843,0
5971.657,360.2808,0
5528.728,249.7139,0
5980.055,359.6089,0
6066.087,309.2854,0
5719.658,330.3188,0
5810.405,307.7056,0
5937.353,381.4146,0
5666.879,383.2256,0
5555.502,355.0269,0
5759.654,212.8638,0
5837.713,270.707,0
5971.9,397.4219,0
5898.303,334.6438,0
5924.082,349.8098,0
5653.503,320.9358,0
5417.719,382.717,0
6035.447,374.4583,0
5476.928,358.512,0
5652.616,383.2473,0
5819.533,318.8396,0
5866.312,319.9241,0
5339.396,359.4009,0
5820.467,456.416,0
5992.73,288.4846,0
5511.264,296.4829,0
5565.964,312.2798,0
5851.469,280.7671,0
5600.115,359.7957,0
5863.008,337.4758,0
5808.186,395.3804,0
6169.838,474.9143,0
5503.817,325.0159,0
5944.827,354.6555,0
5817.287,321.1958,0
5305.464,373.5522,0
5965.745,355.6975,0
5269.372,352.6084,0
5494.351,310.9773,0
6017.613,402.1523,0
5956.88,332.6143,0
5989.192,359.6636,0
6040.057,285.1357,0
6181.821,301.292,0
5957.996,345.959,0
5740.547,449.5667,0
5170.355,362.7195,0
5715.965,334.4287,0
5611.65,339.9048,0
5925.515,282.8154,0
5914.888,285.8577,0
5746.1,289.4377,0
5988.34,352.0652,0
5808.121,339.9805,0
5342.764,195.4797,0
5912.382,350.6934,0
5855.538,392.135,0
6090.401,385.0125,0
6043.638,324.9939,0
5354.913,257.9504,0
6029.549,359.1277,0
5822.43,396.9031,0
6141.643,187.7107,0
5952.906,339.9702,0
6123.358,447.7974,0
5402.786,277.6047,0
5634.18,353.3567,0
5724.933,388.5061,0
5974.566,444.0168,0
5887.356,373.0146,0
5743.959,297.7502,0
5924.098,347.8911,0
6406.574,543.3667,0
5259.026,319.8406,0
6048.729,506.6462,0
6078.552,357.5481,0
5846.5,336.8433,0
5629.734,328.4856,0
5854.371,332.2361,0
5948.702,486.7019,0
5838.597,337.2058,0
5956.471,336.6833,0
6078.963,366.9426,0
5636.898,422.6018,0
5740.79,466.5186,0
5564.646,388.0757,0
5891.49,314.45,0
5791.841,391.6306,0
6024.876,329.0232,0
6053.479,337.4724,0
6007.612,394.2393,0
5753.966,325.4771,0
5829.199,357.8325,0
6033.868,277.6821,0
5456.383,268.4609,0
5259.913,252.4602,0
5957.33,396.0559,0
5611.157,334.0691,0
5783.351,408.5437,0
5550.917,294.4465,0
5144.357,296.281,0
6051.183,315.5488,0
5594.3,242.3689,0
6144.191,302.7451,0
6033.707,377.8813,0
5518.82,308.7429,0
6183.161,347.2302,0
5987.835,368.4758,0
5539.452,349.6731,0
5841.739,235.7959,0
5542.139,381.469,0
6015.255,296.6807,0
6219.104,232.8774,0
5864.643,440.2974,0
5787.962,398.0249,0
5851.314,259.1123,0
5615.226,203.3784,0
5859.934,401.5583,0
6102.464,263.9319,0
5922.174,285.1035,0
5583.611,389.9172,0
5429.787,214.1975,0
5697.965,367.7932,0
5790.583,372.147,0
5649.376,324.3528,0
5989.379,359.8394,0
5993.816,311.9497,0
5741.088,317.3127,0
5846.756,481.843,0
5351.64,295.1409,0
5928.272,286.7947,0
5858.266,296.7876,0
5998.179,336.9604,0
5267.808,216.7686,0
5737.495,370.6746,0
5873.559,240.0144,0
5883.385,271.6719,0
5156.628,311.3113,0
5856.526,234.2095,0
5995.147,240.3914,0
5828.296,249.2153,0
6058.406,351.1086,0
6134.587,266.7922,0
6241.236,309.9661,0
5437.478,320.4043,0
5666.861,245.3308,0
5770.758,317.9751,0
5456.023,229.7122,0
5985.903,355.3362,0
5916.275,311.8013,0
5765.297,287.5859,0
5737.706,483.238,0
5700.396,345.7253,0
5776.857,333.2988,0
5919.988,384.5269,0
5846.974,281.354,0
6074.225,342.6851,0
6008.674,304.2153,0
5789.623,297.8909,0
6085.389,314.0647,0
5667.675,313.7471,0
5742.555,329.7212,0
5526.805,388.0564,0
5330.556,195.0833,0
5953.418,431.679,0
5606.755,295.53,0
6015.911,363.5334,0
5971.033,300.082,0
5592.371,258.428,0
5775.393,340.7581,0
6007.593,246.6472,0
5963.896,381.6299,0
5887.834,315.6365,0
6022.666,333.6414,0
6130.427,309.6887,0
5668.886,387.55,0
6043.183,261.7175,0
5981.26,248.4548,0
5344.402,407.6526,0
6117.58,475.8525,0
5883.634,368.2019,0
5619.682,361.7019,0
5973.623,313.9321,0
6124.285,318.8933,0
6072.893,421.1917,0
5923.577,434.3169,0
5566.521,256.0417,0
5745.321,283.5864,0
6001.243,334.7432,0
5731.708,368.6658,0
6094.042,262.8108,0
6062.711,328.0725,0
5930.635,329.7886,0
6030.231,296.2898,0
5889.603,340.0151,0
5995.895,404.4541,0
5880.793,431.9827,0
6117.943,263.8784,0
5632.452,282.3347,0
5311.059,285.0977,0
5870.943,226.8672,0
6093.928,300.7544,0
5962.085,250.0386,0
5338.34,201.2141,0
5938.358,305.5303,0
5765.237,279.3811,0
5456.485,259.1892,0
6167.424,239.2524,0
5687.321,346.3728,0
5937.944,356.7471,0
6086.84,365.521,0
5945.869,159.0085,0
5335.699,245.6492,0
5976.508,317.7578,0
5859.654,350.7883,0
5956.187,324.7068,0
6032.613,262.1663,0
6764.479,523.646,0
6118.675,234.4458,0
5569.026,325.1455,0
5739.838,313.1279,0
6108.153,381.1902,0
5923.267,354.1472,0
5977.104,344.8574,0
5354.139,355.3323,0
5936.354,372.4922,0
5370.308,307.7961,0
6264.311,395.978,0
5993.249,382.2866,0
6020.825,291.3828,0
5961.947,309.6626,0
5673.409,323.8428,0
5910.467,354.7725,0
6021.552,285.8113,0
5860.34,357.386,0
5519.71,326.0337,0
5267.077,301.5596,0
5660.322,298.73,0
5768.85,324.0891,0
5811.521,364.6492,0
6055.042,376.2405,0
5935.953,289.1658,0
5945.438,200.677,0
5833.563,230.4138,0
5622.058,340.209,0
5967.942,475.8137,0
5969.426,364.4712,0
6120.008,372.8364,0
5992.925,341.2236,0
5942.73,281.9473,0
6083.011,419.8582,0
5685.728,383.0881,0
6142.629,487.6135,0
6166.934,289.1301,0
5735.907,341.8323,0
5874.313,333.5002,0
5936.738,390.0339,0
5965.642,324.4548,0
6244.99,358.6648,0
5771.137,199.7881,0
5850.033,453.3799,0
6148.437,339.9067,0
6144.425,253.1306,0
5997.982,344.1804,0
5929.508,288.105,0
5899.659,307.3506,0
5708.602,264.9172,0
5206.705,255.9795,0
5500.781,233.4678,0
6023.725,217.5042,0
5637.71,299.5964,0
5478.137,334.8315,0
5824.581,331.533,0
6109.55,424.3792,0
5978.945,445.4177,0
5900.704,353.9722,0
5695.841,306.8477,0
5933.216,418.0059,0
5784.902,433.9722,0
5019.153,371.4409,0
5828.594,313.675,0
6051.003,390.5996,0
5875.294,265.7375,0
6008.108,367.8501,0
5764.406,338.7046,0
5774.993,239.6975,0
5911.847,424.9512,0
5656.259,322.6733,0
5861.784,229.8762,0
6060.121,447.0742,0
6186.246,290.1516,0
5806.961,331.3042,0
5947.835,327.7827,0
5520.19,315.6326,0
5726.84,333.271,0
5781.302,344.8967,0
6028.723,306.5674,0
6177.692,413.8906,0
6079.547,287.1528,0
5951.428,399.2446,0
6014.77,366.0942,0
5846.059,320.8213,0
5881.126,343.7727,0
6161.95,358.3125,0
5871.446,399.8154,0
5876.852,455.1409,0
6101.658,281.0273,0
5565.279,249.3354,0
5977.755,302.8447,0
5349.081,267.9756,0
5620.137,281.0488,0
5868.86,432.4944,0
5765.418,289.5249,0
5624.044,274.7761,0
6131.753,263.334,0
5835.298,266.9148,0
5538.106,350.0281,0
6079.13,254.4653,0
5384.5,240.5215,0
5500.562,441.5103,0
5928.707,339.3357,0
5966.552,312.8547,0
5916.212,237.7368,0
6183.65,369.4646,0
5821.096,345.9131,0
5727.682,230.4968,0
6106.229,312.2136,0
6095.515,369.3494,0
6193.945,353.0139,0
5699.617,272.8999,0
5777.681,175.0706,0
5787.395,326.0486,0
5910.354,303.6914,0
5681.834,315.855,0
5980.165,249.2925,0
5814.201,331.8088,0
5923.465,306.3735,0
5841.778,364.4802,0
5550.85,306.2327,0
5867.968,270.7375,0
5990.563,233.8262,0
6137.437,262.6418,0
6022.016,394.3274,0
6156.732,437.8257,0
5934.147,261.9749,0
5934.076,367.8782,0
5705.037,335.5769,0
6044.675,439.634,0
6084.78,260.4497,0
5902.797,292.1011,0
5680.396,331.5286,0
5985.102,333.8433,0
5983.527,480.1155,0
6033.266,447.2249,0
5869.834,434.5967,0
5521.551,350.9954,0
5893.232,373.3711,0
5417.572,216.158,0
5802.824,335.335,0
5878.854,341.7524,0
5861.918,359.9983,0
5705.688,279.3367,0
5636.779,158.3435,0
6030.002,315.4116,0
5729.207,419.9526,0
6051.106,400.0398,0
5588.979,309.8594,0
5750.621,486.0549,0
5404.149,286.8525,0
5714.847,323.5771,0
5764.205,359.2253,0
5774.313,270.5308,0
5962.364,299.2153,0
5573.003,249.7019,0
5834.833,340.5837,0
5768.032,310.7373,0
6126.453,370.4141,0
6146.745,391.8164,0
6124.862,251.9309,0
5997.036,259.8804,0
5889.706,338.908,0
5157.975,267.7302,0
5818.103,376.5981,0
5655.024,265.5266,0
5781.962,267.5095,0
5834.807,472.5996,0
5383.642,449.0093,0
5802.911,289.5952,0
5854.997,277.3533,0
5801.916,392.4702,0
6049.314,282.4646,0
5806.5,398.498,0
5328.786,283.6328,0
6082.303,269.5732,0
5574.82,262.0938,0
5815.949,260.6221,0
5781.704,304.8232,0
6097.484,363.063,0
5273.049,284.9731,0
5873.736,411.9568,0
5701.728,284.4836,0
5463.623,289.9949,0
5244.471,378.418,0
5668.934,396.4351,0
5822.372,264.0693,0
5953.671,294.8354,0
5974.787,283.5125,0
5549.285,307.8733,0
5820.533,368.1492,0
5808.941,271.2563,0
5814.234,308.948,0
5388.159,167.4478,0
5494.947,336.9702,0
5732.742,269.48,0
5415.912,295.7605,0
6024.798,433.5034,0
5640.885,319.7678,0
5565.139,340.3425,0
5585.537,350.833,0
6003.056,265.1194,0
5741.844,347.8118,0
5583.013,360.2339,0
5813.177,366.6431,0
5647.146,263.7136,0
5561.036,369.2126,0
5998.247,384.2041,0
5373.441,240.7227,0
5799.433,328.0457,0
5688.232,315.1357,0
5931.254,519.2913,0
5985.449,272.1787,0
5876.142,309.908,0
6291.886,410.0916,0
5792.098,261.4075,0
6087.589,339.3154,0
5147.317,280.1797,0
5840.011,365.8767,0
6006.628,462.2405,0
5864.501,282.6812,0
5946.512,369.0601,0
5924.745,328.0623,0
5869.775,326.0901,0
5853.463,379.4209,0
5566.958,313.3955,0
5768.108,400.5154,0
6020.804,321.6255,0
5866.53,340.7439,0
6075.628,367.0273,0
5598.989,286.2761,0
6137.429,393.158,0
5513.088,257.0103,0
6058.87,316.5745,0
5990.134,301.041,0
5477.293,366.4915,0
5520.147,240.729,0
6145.72,300.1064,0
5990.825,504.4001,0
6030.195,298.77,0
5436.296,323.6853,0
5965.224,282.3193,0
5775.158,369.0166,0
5917.182,327.2424,0
5834.385,363.5842,0
5901.519,321.9395,0
5880.496,469.9543,0
5723.718,313.8044,0
5857.581,253.0637,0
5330.053,245.7676,0
5318.66,309.8525,0
5792.425,232.9524,0
5462.7,326.1099,0
5700.684,367.1279,0
6047.035,447.2783,0
5775.605,464.1311,0
5765.274,277.9248,0
5872.15,441.1995,0
5651.734,327.9148,0
5324.739,286.27,0
5883.188,359.8916,0
6026.616,236.6174,0
6056.556,327.9043,0
6001.087,314.0281,0
5969.817,327.7759,0
5923.287,317.4966,0
5861.234,419.4824,0
5915.965,392.1855,0
5935.592,304.7048,0
5682.505,429.134,0
6147.395,327.2258,0
5750.237,352.3813,0
5329.305,125.8213,0
5939.554,296.3667,0
5710.181,228.6746,0
6132.895,416.9165,0
6001.24,270.3611,0
5318.745,262.157,0
6162.847,429.3296,0
6116.887,219.6138,0
5665.198,354.5474,0
5928.353,372.3884,0
6122.105,553.9265,0
5738.023,207.5193,0
6143.417,410.6252,0
6199.084,321.5427,0
5731.543,382.6873,0
6100.915,214.7568,0
6096.459,258.9023,0
5279.964,265.6353,0
5942.598,324.5723,0
5756.257,233.8628,0
5076.754,331.7864,0
5622.305,258.3469,0
5453.425,335.8674,0
5868.191,329.2085,0
6032.7,389.9451,0
5629.968,410.6179,0
5508.489,239.6555,0
6021.746,279.8914,0
5418.626,266.6956,0
5740.109,247.5886,0
5853.33,298.9321,0
6017.688,374.5999,0
5882.09,315.6514,0
5604.377,248.1284,0
6111.615,394.4829,0
5991.608,194.9482,0
6060.845,344.8057,0
5399.441,283.2671,0
5978.918,398.0005,0
5827.222,463.2185,0
5275.212,216.8721,0
6062.21,400.5256,0
5908.19,301.6582,0
5895.91,324.624,0
6017.866,348.4348,0
5564.191,263.033,0
5262.555,312.5007,0
5853.366,383.8325,0
5863.892,329.8901,0
5777.099,266.9246,0
5375.123,284.1475,0
5880.944,362.0254,0
5840.607,415.772,0
6089.1,415.2756,0
6028.33,166.8823,0
5828.978,399.3911,0
5861.069,354.0303,0
6030.379,391.1831,0
5900.044,334.9309,0
5597.798,337.7881,0
6016.735,313.4404,0
5939.856,427.4714,0
5730.034,424.1992,0
5587.283,217.1089,0
5816.982,345.5234,0
5856.822,213.2192,0
5795.578,380.3813,0
6160.59,336.0547,0
6104.614,279.384,0
6079.309,279.812,0
5681.036,273.7773,0
5749.356,372.8066,0
5755.575,431.9016,0
5970.793,307.696,0
5824.353,400.1819,0
5850.976,373.7632,0
5795.675,255.4355,0
6155.911,249.4529,0
6093.458,370.0811,0
6058.292,288.6331,0
6030.552,217.3665,0
5814.083,274.0117,0
5541.522,386.8909,0
5858.048,284.8813,0
6092.113,362.9084,0
5584.413,481.5889,0
6027.963,304.439,0
5947.733,332.4395,0
5725.708,224.2366,0
5997.611,282.4041,0
5846.703,316.886,0
5848.547,497.5066,0
5898.329,465.0188,0
5786.447,297.2185,0
5791.621,371.72,0
5962.494,318.1548,0
5992.617,416.7463,0
5813.885,314.4973,0
5622.947,404.4717,0
5906.228,264.978,0
5894.23,434.9863,0
5459.47,265.7261,0
5368.208,318.0369,0
6186.669,304.5852,0
5937.643,243.9863,0
6038.024,250.6921,0
5305.462,326.0447,0
5738.612,224.3743,0
6080.764,264.0061,0
6126.524,273.0664,0
5608.622,264.5808,0
5530.894,285.7021,0
5922.489,370.2676,0
6163.14,449.8186,0
5618.292,335.1787,0
5798.166,403.3152,0
5333.081,317.1382,0
5878.942,378.0662,0
6042.993,368.9224,0
5816.764,346.2163,0
5672.446,260.6572,0
5830.533,294.9421,0
5649.109,226.2449,0
5598.482,418.4485,0
5869.542,285.7515,0
5714.051,289.5574,0
6233.643,275.1177,0
6127.572,308.6687,0
5844.297,386.801,0
5820.418,330.3376,0
6049.881,456.3232,0
6016.57,336.2644,0
5937.451,417.6907,0
6024.984,385.822,0
5889.962,347.8662,0
5765.772,436.4302,0
6008.488,456.0999,0
5270.58,281.1765,0
5794.641,403.0293,0
5449.914,299.6311,0
5943.353,337.2114,0
5681.855,290.4602,0
6007.655,298.8308,0
6057.119,267.5762,0
5787.885,402.4568,0
5872.849,421.6394,0
5918.338,331.697,0
5791.569,391.9827,0
5043.054,314.4097,0
6005.007,365.2573,0
5829.108,389.1602,0
5917.533,379.3748,0
6079.684,306.8789,0
5589.493,313.6216,0
5617.522,265.0093,0
5785.995,390.1174,0
5985.365,294.4368,0
5953.204,282.2034,0
6005.802,515.4097,0
5792.379,435.2625,0
5887.087,263.2883,0
5998.271,261.4871,0
6034.403,339.4512,0
5926.609,336.6406,0
6030.103,432.4304,0
6028.264,424.3831,0
5851.732,323.439,0
5882.692,351.5024,0
6026.033,335.645,0
6023.822,278.1592,0
6004.543,410.2517,0
5615.515,463.4189,0
5716.266,386.9739,0
6300.092,354.5471,0
6090.008,343.5376,0
5842.87,269.8027,0
5913.456,240.8706,0
5576.972,304.1147,0
6071.343,398.8982,0
5850.976,272.571,0
5817.165,309.0237,0
5824.984,350.3801,0
5891.612,449.916,0
5849.496,490.2073,0
5737.609,214.1003,0
5937.862,264.4207,0
5920.473,351.3787,0
5604.566,339.9951,0
6015.783,491.7813,0
5804.994,379.5049,0
5839.025,312.8538,0
5673.99,300.5327,0
5686.105,364.1758,0
5923.9,438.9944,0
5940.879,377.9368,0
5694.986,355.1465,0
5779.766,379.6885,0
6034.359,338.4236,0
5944.356,421.6455,0
5872.18,379.0205,0
5923.621,517.4717,0
5676.6,289.7659,0
6006.786,314.2942,0
5629.474,344.801,0
5426.758,379.853,0
5673.19,292.2615,0
5558.078,314.2463,0
5813.206,288.4082,0
5933.144,212.0828,0
5943.911,418.3535,0
5854.935,263.1399,0
6038.163,309.2979,0
5884.344,361.2356,0
5948.091,380.6541,0
6124.065,338.9126,0
5633.139,345.7219,0
5159.898,310.8032,0
5880.214,453.5635,0
5414.211,341.2634,0
5954.556,211.2502,0
5944.182,523.2783,0
5836.584,463.6443,0
5937.301,387.5366,0
5603.661,302.8999,0
5818.826,369.1846,0
5888.932,314.2832,0
5967.521,336.1558,0
5929.094,419.7368,0
6036.92,327.7327,0
6047.614,422.5645,0
5889.775,352.6877,0
6003.685,375.7117,0
5822.398,308.4429,0
5242.281,273.1675,0
5693.082,211.5151,0
5782.145,407.1406,0
5712.46,477.0505,0
5962.219,340.2156,0
6015.55,343.5364,0
5338.249,311.9207,0
5236.556,243.0305,0
5869.984,387.1399,0
6244.086,299.0029,0
5914.213,293.1494,0
6048.405,341.0925,0
6053.057,400.375,0
5961.458,410.2896,0
6224.475,407.6821,0
6123.244,251.9954,0
5550.425,436.3086,0
5772.106,331.509,0
6120.514,390.3821,0
5804.731,235.2458,0
5906.31,413.6233,0
5966.109,297.262,0
5816.095,361.0366,0
5667.225,377.1318,0
5988.087,200.7688,0
5181.477,300.4524,0
6199.409,436.5867,0
5908.109,454.6367,0
5240.643,269.1355,0
5652.405,402.3354,0
5782.745,481.2212,0
5704.394,222.4971,0
5734.533,370.9175,0
5865.865,338.7686,0
5926.777,377.7739,0
5848.624,398.5874,0
5777.047,379.1631,0
5710.803,294.3328,0
5852.393,514.8081,0
6161.356,417.8833,0
6034.633,330.6458,0
6046.196,340.1924,0
6085.502,240.501,0
6001.626,290.5271,0
5941.448,307.2283,0
5796.638,234.7688,0
5724.635,249.9575,0
5826.998,393.8467,0
5823.23,354.5535,0
5915.732,315.4883,0
5953.467,302.4321,0
6069.146,318.2314,0
6043.648,278.2039,0
5724.933,281.2886,0
5329.016,330.9207,0
5966.469,273.0972,0
5249.242,351.2102,0
6069.603,318.7739,0
6134.924,487.2683,0
6056.126,460.3948,0
5896.548,241.4705,0
6047.684,263.9922,0
5988.78,277.2744,0
6055.799,451.8879,0
5807.097,372.981,0
5607.3,361.0278,0
6005.471,363.4707,0
5923.636,418.75,0
6056.276,428.0771,0
5768.735,366.5571,0
5933.39,480.866,0
5760.551,370.3811,0
5910.533,308.6553,0
5883.161,313.175,0
5585.102,225.3147,0
5842.092,403.3345,0
6100.39,323.9473,0
6104.774,316.2437,0
6091.347,465.4688,0
5527.15,206.3105,0
6177.865,294.9033,0
5950.767,284.1631,0
5980.849,385.8464,0
6095.034,298.6384,0
5733.335,305.6387,0
6164.517,341.8601,0
5645.649,343.4746,0
5719.139,365.1494,0
5810.038,349.7827,0
5929.016,388.9719,0
5941.124,513.105,0
6146.027,252.75,0
5674.961,286.4915,0
5335.529,254.6318,0
5716.225,455.3743,0
5483.399,425.1226,0
5807.796,431.5974,0
5882.882,369.1914,0
5401.473,321.5977,0
5926.812,313.1992,0
5889.274,368.8604,0
5953.762,287.4941,0
5465.162,330.9182,0
5853.788,291.0728,0
5560.767,392.2822,0
5982.059,312.8745,0
5589.536,313.6418,0
5963.374,308.6836,0
5881.406,355.8601,0
6033.996,359.4749,0
6161.454,400.3865,0
5736.133,289.8735,0
5980.588,439.636,0
5942.871,225.5369,0
6061.752,369.4426,0
5913.248,344.9131,0
5652.425,221.7947,0
5812.191,357.2673,0
5328.55,268.0723,0
5662.151,219.1897,0
5730.903,311.1318,0
6042.936,272.2549,0
5966.296,376.9802,0
6114.624,426.6345,0
6113.05,362.7446,0
5959.875,375.6697,0
5906.122,404.0957,0
5923.021,432.5352,0
5792.217,488.3445,0
6039.269,176.8843,0
6166.29,423.7361,0
5707.506,433.7305,0
5214.544,326.717,0
5892.261,456.1121,0
5744.502,417.3491,0
5731.112,414.6113,0
5430.305,347.0996,0
5848.673,291.093,0
6018.374,281.2505,0
5656.333,327.3225,0
6166.414,271.1265,0
6144.214,325.7551,0
5929.255,235.0698,0
5430.258,168.9192,0
6019.528,215.3193,0
5857.239,330.2732,0
5995.037,240.7842,0
6150.634,417.3435,0
6061.164,441.1023,0
6076.377,423.7537,0
5847.591,255.3877,0
5779.586,409.7092,0
5673.69,263.7798,0
5546.91,276.5193,0
5633.114,375.2219,0
6357.016,406.8745,0
5282.801,236.1035,0
5915.037,328.7451,0
6034.101,293.2495,0
5704.381,420.6763,0
5534.171,248.9749,0
5405.16,273.7634,0
5808.758,316.8394,0
5936.481,361.7029,0
5921.667,308.4714,0
5661.476,390.7517,0
6151.789,469.8206,0
6064.893,457.6472,0
5844.41,391.9041,0
5673.819,307.7422,0
6047.871,245.373,0
5701.487,330.4697,0
6133.384,392.4099,0
6033.417,336.8782,0
5784.216,341.3948,0
5406.331,233.1289,0
5667.173,325.9744,0
5565.513,279.5818,0
6103.175,435.616,0
5518.627,289.8354,0
5314.71,314.915,0
5889.565,237.5535,0
5879.402,305.9819,0
6133.437,362.0469,0
6216.554,460.4949,0
5820.404,254.4863,0
6226.847,342.8528,0
5954.02,231.9412,0
5475.23,341.6711,0
5497.967,314.1946,0
5923.824,389.3894,0
6207.484,295.7336,0
5370.13,200.4783,0
5931.83,273.062,0
5729.388,317.3992,0
5886.123,387.0774,0
5952.937,349.9055,0
5701.374,354.6382,0
5547.866,303.1516,0
5338.089,265.8647,0
6204.564,308.4978,0
5912.961,450.1846,0
6069.62,324.2424,0
5388.299,396.8145,0
5780.505,303.4314,0
5814.198,354.2488,0
5847.406,170.5779,0
5973.064,265.8538,0
5983.224,365.9954,0
5936.639,330.1367,0
5745.96,288.7554,0
5873.712,398.844,0
5976.95,278.6082,0
6101.503,461.387,0
5858.717,333.6702,0
5844.282,394.9265,0
5751.705,388.4238,0
5944.769,296.5679,0
5882.378,266.1802,0
5928.569,287.0583,0
6177.411,422.125,0
6054.286,301.9915,0
5456.401,309.9744,0
5781.167,239.0903,0
5991.958,267.4626,0
5886.631,315.645,0
5900.631,320.9331,0
5827.991,356.9866,0
5855.309,473.187,0
6029.507,308.1023,0
6074.599,331.0398,0
5948.43,392.3386,0
5737.196,346.303,0
5892.24,326.9912,0
5936.227,306.1128,0
5932.189,313.0615,0
5274.63,233.1343,0
5993.798,222.4883,0
5951.299,310.4673,0
5711.172,360.1448,0
5843.419,244.71,0
5920.126,353.5559,0
5874.93,469.2546,0
5991.782,311.8967,0
5929.701,317.2117,0
5795.571,395.0347,0
5991.771,379.2761,0
5892.108,491.9485,0
5864.948,305.76,0
6077.76,361.7827,0
5415.997,221.2813,0
5486.253,421.8665,0
5525.398,282.095,0
5846.537,334.8706,0
6061.78,306.1238,0
6059.976,388.4727,0
5629.606,302.1362,0
5841.936,375.6184,0
6186.954,341.9736,0
5832.62,445.0115,0
6232.348,261.2048,0
5753.994,378.2017,0
5635.043,297.6785,0
5878.499,340.6694,0
6048.298,291.4465,0
5812.03,313.7986,0
5756.122,252.2676,0
6021.505,388.8264,0
6239.467,324.2947,0
5931.027,295.8765,0
5746.105,268.7412,0
5598.186,262.1313,0
5846.16,411.0593,0
5819.166,389.0122,0
5910.453,274.7466,0
5661.979,347.718,0
5416.755,272.1929,0
5795.729,277.834,0
5906.083,349.4966,0
5969.697,353.3269,0
5913.525,327.6147,0
6026.108,398.104,0
5998.775,174.6277,0
5626.639,282.1907,0
6057.969,409.7681,0
5857.217,302.3599,0
5639.648,332.6023,0
5801.19,352.8467,0
5825.884,248.1211,0
5920.254,441.823,0
6094.905,446.873,0
6256.982,433.2742,0
5493.609,256.3445,0
5868.564,367.5061,0
5938.431,314.8892,0
5758.659,383.3687,0
5718.457,320.7319,0
6023.041,288.1006,0
5787.403,328.3384,0
5764.578,335.4753,0
6045.604,331.5015,0
6047.901,341.8591,0
6208.336,443.9473,0
5448.406,382.8384,0
5925.648,472.8149,0
5448.056,217.6685,0
5960.396,230.1694,0
5933.696,319.7085,0
6077.589,368.2043,0
5808.876,362.4961,0
5534.707,337.8206,0
5866.019,385.7021,0
5885.26,243.9524,0
5999.075,344.4895,0
5865.196,314.3921,0
5344.042,259.2593,0
6071.063,308.9683,0
5849.788,333.1875,0
6206.117,386.2131,0
5957.084,303.5212,0
5960.242,327.1462,0
5676.975,344.5598,0
5687.856,318.1687,0
6005.369,296.5935,0
6167.479,225.8699,0
5839.116,375.627,0
5941.609,250.4331,0
5626.273,340.8948,0
5726.994,374.4487,0
6042.269,370.7595,0
6051.2,372.8704,0
5458.276,252.4067,0
6177.073,390.5828,0
5498.628,313.1714,0
5456.45,333.1125,0
5591.901,340.8271,0
6176.679,453.6003,0
5737.961,364.8914,0
5897.411,246.801,0
5998.739,463.2231,0
5826.072,337.2864,0
6150.275,406.2739,0
5823.357,260.5969,0
6119.42,321.8523,0
5854.316,343.6121,0
5952.488,497.564,0
6143.804,474.3186,0
5887.566,452.5361,0
5960.324,295.4893,0
5905.629,392.3071,0
5646.151,253.4353,0
5983.233,393.2402,0
6152.717,338.0266,0
5999.768,488.2749,0
5513.515,397.5679,0
5904.491,263.7217,0
5675.747,280.9871,0
5998.821,311.3088,0
6013.566,403.0649,0
6160.132,326.9624,0
5518.974,325.7385,0
5653.864,345.7249,0
5805.062,368.0181,0
5842.667,430.376,0
5643.271,359.9316,0
5365.93,343.0879,0
5714.841,199.6052,0
5977.458,433.1658,0
5889.126,464.7939,0
5543.591,191.2295,0
5787.931,395.2449,0
5423.385,290.655,0
5785.542,335.0215,0
5905.126,354.6179,0
5850.834,374.1018,0
5789.707,264.9656,0
6051.823,348.2627,0
5776.387,343.613,0
5698.263,318.9141,0
5992.851,619.335,0
5752.294,297.7737,0
6049.914,407.2461,0
6032.715,363.6311,0
6274.68,332.8813,0
5469.028,259.9941,0
6086.688,359.4272,0
5469.125,325.1604,0
5826.35,470.2644,0
6052.995,238.7646,0
6129.06,288.2913,0
5769.63,361.5957,0
5974.555,387.0693,0
6016.826,401.2253,0
5987.555,349.5305,0
5835.726,256.0669,0
5835.356,380.5479,0
5832.977,341.5891,0
5941.993,332.5325,0
6120.901,378.8264,0
5906.72,381.7727,0
6064.589,431.033,0
6120.058,298.7041,0
5740.718,401.415,0
5713.818,313.3354,0
5864.948,285.4636,0
5764.561,293.4873,0
5895.569,348.2634,0
5908.425,272.6101,0
5963.618,278.8391,0
5619.054,447.5708,0
5820.872,290.8267,0
5724.425,409.5112,0
5464.146,283.2383,0
6028.2,406.5681,0
5972.885,407.9065,0
5904.511,458.71,0
5891.599,354.8743,0
5846.503,463.4854,0
6195.029,430.8704,0
5766.864,387.7356,0
5567.472,452.4619,0
5660.691,454.5581,0
5735.749,312.1963,0
5938.28,413.3435,0
5706.001,325.7231,0
5827.455,433.135,0
5872.883,488.7854,0
5282.968,421.0256,0
5865.094,445.248,0
6051.402,245.644,0
5835.62,363.4336,0
5875.102,437.5532,0
5865.154,319.77,0
6039.173,473.1128,0
5874.254,445.8555,0
5854.381,411.8772,0
5824.42,322.4905,0
5967.968,360.7424,0
5780.249,312.1902,0
5843.191,303.5774,0
5991.692,351.2722,0
5781.401,472.3867,0
5970.092,484.2734,0
6110.982,397.9468,0
6025.914,212.6155,0
5486.399,5015.0,
5988.896,305.6694,0
6001.872,403.0979,0
5912.103,321.1274,0
5440.183,361.9402,0
5792.277,413.6213,0
6139.009,245.3284,0
5253.201,305.9407,0
5384.093,314.5457,0
5740.248,445.3774,0
5841.457,353.3784,0
5850.878,357.7075,0
5801.653,306.2156,0
5908.437,328.1899,0
5462.455,227.6106,0
5960.419,366.3586,0
5801.041,337.3364,0
6019.815,378.3269,0
5826.208,411.7412,0
5706.402,395.9299,0
6159.878,343.7456,0
5337.121,384.2957,0
5426.288,282.4395,0
5936.864,332.5911,0
5689.907,420.6399,0
5656.966,317.1865,0
5671.921,279.7527,0
5960.059,252.0745,0
6002.038,367.5806,0
5840.549,439.1926,0
5741.688,363.417,0
5796.896,425.9561,0
5779.007,357.9004,0
5310.649,320.1169,0
5925.874,324.5737,0
5686.175,281.886,0
5961.968,255.1248,0
5948.104,531.1309,0
5876.417,475.9568,0
6002.678,319.9121,0
5886.031,364.7375,0
5491.42,281.8899,0
5390.43,301.4607,0
5969.001,397.6453,0
5988.509,369.7585,0
5583.919,400.7622,0
5717.882,331.5962,0
5842.254,368.0942,0
5712.329,342.2754,0
5336.689,379.9822,0
5768.09,355.0532,0
6039.381,414.3872,0
5918.171,327.1086,0
5990.262,351.626,0
5609.988,367.2302,0
5950.508,374.1533,0
5744.39,349.2681,0
6295.712,389.7839,0
5694.931,329.5701,0
5868.486,329.4724,0
5856.644,276.1309,0
6250.677,329.9778,0
5964.429,401.6997,0
6023.843,375.3081,0
5729.846,383.5859,0
6030.596,380.2788,0
5516.315,346.4028,0
5560.717,323.4336,0
5851.618,264.1978,0
6096.997,163.5037,0
5845.259,388.7148,0
5164.108,232.7439,0
5612.429,332.1833,0
5886.121,380.8059,0
6107.611,283.2666,0
5489.797,245.2227,0
5606.536,275.9387,0
5684.085,356.3259,0
5861.274,300.3367,0
6221.25,323.7617,0
5544.727,282.3914,0
5916.756,332.3086,0
5923.055,276.155,0
5693.584,367.7339,0
5300.461,211.1653,0
6049.366,460.4509,0
6102.461,295.6465,0
6055.664,431.5022,0
6020.715,350.8184,0
5858.775,324.3997,0
5758.252,443.9985,0
6021.32,354.2976,0
5868.362,365.1125,0
5453.314,316.4236,0
5485.371,267.8953,0
5712.757,465.0635,0
5973.635,319.4517,0
6067.887,274.4316,0
5956.982,393.7742,0
6043.315,343.7024,0
5737.058,408.4421,0
5639.396,281.9492,0
5666.674,287.5603,0
5959.774,402.5894,0
5759.547,193.3142,0
5743.364,259.9873,0
5710.148,355.4089,0
6035.088,310.5327,0
5835.868,470.3452,0
6046.148,509.8083,0
5786.568,421.7554,0
5783.637,354.6541,0
5966.731,384.8894,0
6090.756,428.4587,0
5878.473,386.9153,0
6063.067,500.5432,0
5733.1,284.3191,0
5931.207,291.4307,0
5693.72,361.1909,0
5780.576,272.5295,0
6005.416,347.9529,0
5906.632,396.5293,0
5802.389,397.075,0
5868.391,327.835,0
5882.643,410.7468,0
6014.519,421.2339,0
6120.056,286.2087,0
5543.739,426.0,
6001.513,252.2317,0
5896.826,292.9961,0
5867.242,429.1687,0
5907.648,280.6626,0
6168.134,384.9641,0
6055.463,382.4104,0
5849.271,297.4922,0
5836.359,297.1707,0
5500.164,292.6995,0
5700.241,425.554,0
5825.815,204.9856,0
5802.385,340.1287,0
5610.66,236.2678,0
5700.37,260.3413,0
5877.031,322.7439,0
6033.814,342.1248,0
5420.723,324.9546,0
5573.89,374.3596,0
5919.91,281.8496,0
5982.838,301.2507,0
5286.825,309.5708,0
5531.856,409.2017,0
5732.348,3914.0,
5367.18,309.2358,0
6011.283,366.1997,0
5768.514,400.6479,0
5365.864,420.1836,0
5602.949,331.0684,0
5786.456,447.2275,0
6257.875,297.177,0
5952.225,437.8838,0
6170.09,382.7612,0
5889.914,457.428,0
5706.175,361.5098,0
5987.945,276.178,0
5959.192,432.2852,0
5733.714,290.9941,0
5917.268,404.2805,0
5790.893,455.6104,0
5980.446,477.0376,0
5875.199,433.2122,0
5608.013,282.9941,0
5464.898,392.9619,0
5976.5,402.3237,0
5514.524,375.8135,0
5179.161,307.9207,0
5328.799,325.8799,0
5914.109,294.9084,0
5869.824,355.4243,0
6007.383,356.1353,0
5470.681,268.6519,0
5349.333,328.2336,0
5521.816,274.4392,0
5925.75,487.665,0
6126.197,278.7861,0
5816.634,487.7876,0
5845.803,349.874,0
5491.56,250.9395,0
6016.074,389.293,0
5688.082,281.4097,0
6029.288,438.6907,0
5700.411,433.8931,0
6193.224,320.363,0
5648.542,405.1958,0
5489.068,411.0183,0
5735.167,268.2866,0
6078.926,289.6868,0
5848.545,327.7488,0
5399.042,262.5645,0
5875.288,353.4668,0
5816.928,456.1106,0
6212.499,452.7886,0
6144.507,240.4285,0
5893.663,360.7151,0
5897.626,443.4834,0
5931.517,384.6721,0
6053.474,264.366,0
6151.108,296.6978,0
5545.016,286.2085,0
5074.649,289.2102,0
5902.298,270.3577,0
5897.832,314.6196,0
5597.232,337.002,0
5991.984,473.2451,0
5286.664,255.1333,0
5817.713,432.0076,0
5907.96,390.5891,0
5552.953,320.4175,0
6093.509,370.9028,0
5824.452,351.1616,0
5849.192,478.3728,0
5835.08,341.0022,0
6097.842,476.5073,0
5844.639,318.7627,0
5985.438,348.1843,0
5976.239,450.3994,0
5071.926,408.0601,0
5654.428,416.6072,0
5568.714,165.3611,0
6043.837,264.5664,0
5912.602,350.5596,0
5852.49,353.1191,0
5960.934,316.9238,0
5988.596,447.9937,0
5672.64,255.6956,0
5472.837,341.6511,0
6050.773,503.3625,0
5766.868,413.9133,0
5888.085,408.6367,0
5725.989,254.7993,0
5862.072,236.2979,0
6007.92,382.1721,0
5944.971,184.7141,0
5879.834,288.002,0
5735.797,242.7544,0
5661.791,468.5183,0
5917.848,490.4265,0
5876.942,410.3049,0
5590.793,298.2202,0
6064.238,449.3833,0
5405.895,284.502,0
6025.388,310.053,0
5685.564,367.7024,0
5337.013,321.8467,0
5987.216,397.594,0
5917.119,265.377,0
5959.395,253.5835,0
5550.017,312.8965,0
5861.993,290.3154,0
5772.588,317.052,0
5810.829,402.4636,0
5843.718,433.0146,0
5826.338,304.7178,0
5950.256,456.6489,0
6173.145,319.5144,0
5900.182,330.3201,0
5911.325,323.9377,0
5880.161,321.1133,0
5916.306,354.5349,0
5981.538,327.7737,0
6014.113,366.3464,0
5860.559,345.3042,0
6079.255,366.041,0
5615.423,338.1458,0
5630.335,351.1748,0
5422.02,262.1548,0
6011.691,361.05,0
6176.972,442.4446,0
5829.445,355.8879,0
5216.367,335.5437,0
5426.483,313.6528,0
5840.859,466.6589,0
5891.841,386.5479,0
5799.829,391.1541,0
5922.972,331.2073,0
5566.569,378.3547,0
6066.913,397.4185,0
6017.747,327.9209,0
5783.093,404.1638,0
5271.436,364.4585,0
5671.901,244.7512,0
5737.923,234.2778,0
5928.445,406.8411,0
5947.154,287.8523,0
5942.257,353.582,0
6068.103,234.7815,0
5873.243,401.2373,0
5679.008,412.8933,0
5928.111,274.6375,0
5961.494,405.677,0
5738.194,402.3623,0
5865.981,347.824,0
5889.356,388.9819,0
5875.41,273.9695,0
5630.42,369.6536,0
6048.33,328.8967,0
6004.935,429.3381,0
5954.983,314.6138,0
5581.042,341.3752,0
5636.868,418.5393,0
5770.381,431.1252,0
5529.817,303.7324,0
5949.41,368.1455,0
6048.028,344.2942,0
6062.272,289.8479,0
5456.821,337.3206,0
5977.669,275.1887,0
6073.661,465.9287,0
5781.217,205.2925,0
5613.266,367.5527,0
5720.886,410.0637,0
5871.756,325.2671,0
6004.118,427.9988,0
5951.658,287.2104,0
5923.807,376.4949,0
6003.66,270.7227,0
6048.593,313.6177,0
6056.391,226.7065,0
5982.125,363.3789,0
6115.647,319.5994,0
5603.11,396.6377,0
5879.921,455.7827,0
5924.191,323.6116,0
6042.266,346.1528,0
5806.285,326.4299,0
6064.77,282.6765,0
5492.056,289.7483,0
6041.592,240.3757,0
6089.668,396.7227,0
5562.695,294.4985,0
5618.598,265.095,0
5768.698,213.6304,0
5737.997,383.0623,0
5663.889,352.2358,0
5850.244,301.2886,0
5943.149,424.4187,0
5937.067,308.5085,0
5375.175,227.1782,0
5435.719,295.3418,0
5890.283,290.052,0
6065.512,430.7798,0
5604.761,329.0903,0
5438.573,297.3552,0
6207.113,376.9612,0
5933.644,213.9683,0
5802.054,408.3223,0
5876.12,271.54,0
5861.9,346.4023,0
5842.819,490.4351,0
6302.045,393.7925,0
5271.68,318.3279,0
5825.691,483.5447,0
5965.296,324.02,0
5950.926,375.644,0
6021.824,374.8718,0
5980.799,358.0083,0
6013.802,332.3508,0
5931.337,422.0259,0
5856.453,331.603,0
6020.494,522.8955,0
5744.24,404.9321,0
6063.255,315.6987,0
5887.959,434.9543,0
6082.307,331.9426,0
5639.687,280.6387,0
5765.123,459.4214,0
6004.638,448.5979,0
5486.073,265.3137,0
5650.541,325.032,0
5897.339,387.6042,0
5960.369,156.7808,0
5990.055,331.9077,0
5301.521,228.6052,0
5776.962,264.3997,0
5868.034,389.4004,0
6031.484,296.3196,0
5786.509,288.1621,0
6022.021,469.1182,0
5804.942,263.0493,0
5720.357,278.197,0
5627.733,338.8528,0
6044.36,352.2302,0
5921.382,355.7051,0
6127.883,450.6917,0
5942.135,292.0801,0
5305.934,317.0366,0
5884.742,388.8833,0
5460.887,238.9951,0
5912.374,337.8723,0
5408.309,326.1206,0
6077.332,293.595,0
5993.157,462.8872,0
5941.488,288.6553,0
5811.002,263.2612,0
5952.207,326.2129,0
5941.615,370.8757,0
6147.843,323.3792,0
5653.434,386.0933,0
5970.311,391.1423,0
5963.195,238.6511,0
5682.551,310.9199,0
5824.446,291.073,0
5319.289,256.998,0
5391.581,222.7366,0
6114.854,379.8953,0
5199.524,342.5249,0
5815.495,438.6919,0
5813.609,377.3181,0
5786.661,355.2859,0
5378.054,284.2307,0
5934.065,459.8826,0
5734.374,405.7639,0
5897.762,362.6826,0
5434.799,198.4629,0
5407.839,376.0203,0
5512.626,279.4341,0
5754.233,482.5242,0
5568.659,332.5242,0
5819.369,376.6533,0
5325.285,313.6279,0
5881.906,335.2688,0
5721.287,406.6846,0
5408.648,244.4255,0
5959.313,378.7258,0
6209.812,504.9575,0
5891.993,371.4709,0
6061.617,414.8835,0
5859.567,368.1431,0
6141.203,469.5388,0
6165.428,272.2271,0
5873.891,508.7158,0
5883.498,444.3804,0
5502.869,243.3364,0
5782.195,341.603,0
5927.119,260.6138,0
5299.957,306.8032,0
5155.369,283.5474,0
5826.654,339.2644,0
6002.108,351.0852,0
5892.478,241.5391,0
5942.367,375.4094,0
5971.583,387.2373,0
6123.865,402.5879,0
5290.848,259.2456,0
5927.374,346.9075,0
5814.306,338.1213,0
6019.64,422.1025,0
6068.227,388.98,0
5867.732,432.8042,0
5877.774,294.375,0
5827.862,414.5549,0
5900.285,281.0305,0
5888.505,351.4102,0
6228.452,327.3335,0
6206.101,407.655,0
5593.027,308.99,0
5660.806,281.741,0
5474.729,363.9915,0
5949.83,288.0759,0
5979.635,359.7046,0
5974.432,398.9382,0
5473.555,432.7957,0
5896.649,342.3037,0
5924.591,376.2471,0
5136.915,385.468,0
6110.81,285.2131,0
5896.471,231.1973,0
5880.375,334.3115,0
5985.478,311.4504,0
6008.779,410.0837,0
5851.142,331.0164,0
5702.815,300.1292,0
6101.542,314.1418,0
6012.48,410.803,0
5668.645,369.2197,0
6158.652,398.0923,0
5737.986,280.5261,0
6125.772,271.8308,0
5996.274,386.4983,0
6037.401,366.3921,0
5280.256,364.6711,0
6199.857,421.5981,0
5646.669,406.1304,0
6148.869,287.3796,0
5761.151,194.3428,0
5920.274,375.4731,0
6087.209,301.9702,0
5956.744,454.3196,0
5422.286,304.1399,0
5756.954,324.3823,0
5493.423,320.3147,0
5810.62,163.0212,0
5815.941,333.8687,0
5727.162,408.7424,0
5998.964,314.8945,0
6114.193,439.5732,0
5782.646,492.8035,0
5999.163,232.574,0
5710.657,306.5286,0
5703.973,262.8374,0
5777.459,352.2249,0
5764.226,268.7676,0
5940.709,308.0879,0
5701.014,351.8545,0
5342.831,199.5474,0
5162.35,260.3206,0
6172.823,226.2461,0
5941.876,383.6047,0
5882.845,388.0735,0
5777.338,400.2224,0
5846.463,353.5066,0
5943.092,242.7605,0
5912.088,394.9058,0
5872.913,381.8247,0
5925.464,364.2334,0
5619.819,358.2915,0
5857.139,317.5254,0
5900.404,414.5208,0
5565.903,271.8203,0
5996.413,354.0574,0
5987.729,328.3965,0
5740.078,399.5837,0
5618.296,319.5513,0
5651.628,335.7705,0
5920.493,339.1719,0
5743.539,413.3818,0
5899.967,207.4485,0
5890.144,324.5796,0
6017.988,440.7681,0
6060.122,199.0076,0
6033.197,364.8782,0
5444.901,309.9121,0
5766.202,311.4238,0
5966.642,337.7378,0
5736.704,412.7031,0
5841.02,337.344,0
5915.603,387.7383,0
5891.359,395.9639,0
5140.117,329.2141,0
5573.365,265.7075,0
5493.515,332.6584,0
6006.887,458.8015,0
5686.698,339.4668,0
5389.041,292.2944,0
5955.895,434.1213,0
5767.094,343.5552,0
5837.442,440.5781,0
5701.031,373.6006,0
5787.251,256.2407,0
6130.303,433.0642,0
6073.615,348.1875,0
5846.209,347.8638,0
6016.393,364.4055,0
5817.34,366.1919,0
6021.771,383.874,0
6134.371,333.1563,0
5901.416,223.8247,0
5445.551,298.4287,0
5914.45,385.7419,0
6147.929,378.1665,0
6101.657,279.1382,0
5836.632,440.6262,0
6301.373,344.1899,0
5780.281,454.0737,0
5592.854,174.6965,0
5567.585,403.0701,0
5892.756,367.7112,0
5196.97,295.5156,0
6080.532,375.3528,0
5949.552,336.3501,0
5786.905,413.2849,0
6056.196,347.562,0
6062.266,287.615,0
5849.527,348.5461,0
5456.763,336.2119,0
6056.614,349.8994,0
5598.682,268.8921,0
5592.781,373.6428,0
5978.558,352.8218,0
5980.11,340.1892,0
5783.798,355.8193,0
6159.248,347.699,0
6186.06,310.9421,0
5770.985,304.2883,0
5818.113,419.8914,0
5494.404,279.0662,0
5532.357,284.3057,0
5676.201,455.6443,0
5999.581,465.897,0
6002.535,296.0732,0
6111.527,423.0596,0
6230.492,369.2175,0
5966.762,437.1387,0
5823.782,357.1682,0
5905.545,316.6567,0
5325.415,296.147,0
5970.098,400.3542,0
6145.414,297.0579,0
5906.502,416.7744,0
5603.049,274.0005,0
5691.722,246.1145,0
6817.554,419.4099,0
5937.758,404.3076,0
5916.492,412.0947,0
5429.115,246.1731,0
5427.759,339.136,0
5835.499,159.2551,0
5409.811,224.2478,0
5633.229,472.1563,0
6104.111,373.2534,0
5199.377,248.2219,0
5658.623,365.4441,0
5571.655,339.2339,0
5506.151,285.2087,0
5331.737,224.7385,0
5778.493,274.8403,0
5887.277,319.53,0
5378.837,307.2263,0
5213.499,491.7756,0
5830.111,413.6829,0
6006.488,331.0742,0
5817.873,232.1284,0
5950.791,292.4043,0
5554.39,391.4458,0
5834.43,336.3169,0
5188.412,315.0913,0
5889.016,395.3728,0
5181.775,265.9729,0
6186.914,313.8503,0
5488.387,217.1357,0
6037.6,411.8875,0
5914.99,295.1482,0
5811.274,281.0994,0
5659.758,530.3342,0
6148.555,440.0239,0
5957.887,391.0369,0
5952.883,328.3018,0
6279.149,424.3977,0
5947.244,392.3013,0
5812.935,366.2773,0
5820.104,409.438,0
5327.893,270.9382,0
5968.975,363.5901,0
6207.529,358.7866,0
6135.627,302.2542,0
6061.938,276.8398,0
6116.28,519.6758,0
5976.886,515.5603,0
6130.915,442.2437,0
6160.606,375.4875,0
6198.315,405.6443,0
5927.779,265.0684,0
5721.565,364.4583,0
5925.906,280.9656,0
5874.126,319.0015,0
5609.852,391.0474,0
6037.193,369.2778,0
6109.65,363.324,0
5857.766,395.4932,0
5871.285,299.6555,0
5925.476,310.0295,0
5956.446,399.2126,0
6023.861,393.5503,0
6165.605,364.3521,0
5306.307,339.3135,0
5741.745,392.4854,0
6077.042,261.7178,0
5547.186,384.1011,0
6044.183,262.3833,0
5895.621,430.6282,0
6064.384,288.6743,0
5952.68,318.9458,0
5941.605,545.759,0
6086.628,286.4597,0
6001.127,379.8191,0
5919.226,173.6082,0
5929.45,317.4958,0
5909.211,292.8164,0
5943.46,506.2578,0
6009.751,286.4609,0
5983.321,283.3394,0
5876.929,280.7246,0
5647.869,359.3264,0
5896.04,348.0366,0
6037.146,391.6675,0
5810.549,349.8875,0
6023.848,298.1184,0
6072.52,322.157,0
5842.384,328.8123,0
5690.61,271.1401,0
6126.871,302.7549,0
5898.008,459.9712,0
5811.873,282.5103,0
5900.355,298.2021,0
5922.329,300.1897,0
5907.29,305.1082,0
5982.345,344.8296,0
6017.051,328.4744,0
5979.503,339.6978,0
5755.34,377.6997,0
5958.479,341.573,0
5569.451,354.3315,0
5695.93,400.1338,0
6086.9,424.3154,0
5628.987,332.2798,0
5924.971,401.2598,0
5975.404,307.9902,0
5609.715,430.2756,0
5900.824,425.3511,0
5977.866,381.2087,0
5783.646,328.6982,0
5581.896,418.7202,0
6119.986,420.3352,0
5783.983,277.7742,0
5924.856,205.5994,0
5992.442,305.2776,0
5637.193,327.3342,0
5620.786,310.2441,0
5669.256,325.3162,0
5844.511,281.9409,0
5937.431,327.4067,0
6207.069,326.7771,0
5931.591,328.616,0
5669.283,252.5979,0
5768.023,369.2781,0
5176.913,299.8901,0
6003.969,227.7649,0
6027.85,353.1274,0
5778.433,319.1377,0
5855.248,396.9846,0
5999.889,327.771,0
5906.956,297.4724,0
5677.766,478.127,0
5867.565,320.1953,0
5741.862,388.2468,0
5940.88,309.1538,0
6038.397,394.2205,0
5388.53,203.2529,0
6099.542,381.8708,0
5902.96,264.4026,0
6006.397,317.0803,0
6031.128,365.9019,0
5905.956,224.0725,0
5517.8,236.0146,0
5858.042,334.6594,0
6053.541,316.489,0
5559.629,212.1143,0
5616.877,224.7676,0
5626.166,299.4788,0
6064.203,202.094,0
5566.565,253.1211,0
5357.947,313.1021,0
5564.873,324.6086,0
5626.06,304.145,0
5671.64,399.5032,0
5212.491,294.4739,0
5425.671,344.6196,0
5786.435,327.6262,0
6142.119,306.0413,0
6118.604,330.2842,0
6019.633,234.5286,0
5777.035,216.9785,0
6079.185,333.3433,0
5680.088,415.2817,0
5963.204,429.7498,0
6215.276,437.2034,0
6124.018,426.0786,0
6079.637,431.7117,0
5940.084,406.1023,0
5944.652,248.0869,0
6029.734,373.95,0
6033.496,315.366,0
5906.991,391.3342,0
5120.799,223.8411,0
5889.537,379.2778,0
6117.074,207.3105,0
6073.794,400.2988,0
5946.563,340.4219,0
5871.649,380.0042,0
5443.769,300.2393,0
6029.348,372.1035,0
5698.783,454.3276,0
5953.387,323.5447,0
5856.54,517.7871,0
5967.23,366.2241,0
6167.68,321.0813,0
5919.05,469.5215,0
6033.673,400.7258,0
5821.022,328.7385,0
5959.759,295.127,0
5863.561,396.1782,0
5784.299,427.925,0
6055.293,287.1167,0
5717.135,355.1401,0
5794.817,279.3015,0
6052.928,147.4141,0
6244.749,446.7539,0
5744.262,393.1768,0
5915.785,190.1138,0
5733.406,347.2515,0
5599.985,319.0913,0
5940.696,418.8567,0
5786.625,352.7583,0
5752.995,321.168,0
5966.698,264.7725,0
5789.446,364.3152,0
5425.412,234.5044,0
5885.017,276.834,0
6059.599,417.4185,0
6004.731,313.9919,0
5766.451,325.4375,0
5293.551,342.5786,0
5818.012,380.76,0
6006.939,170.1658,0
5954.301,259.8259,0
5989.727,353.8027,0
5940.351,503.5083,0
6074.026,259.6104,0
6066.057,367.1199,0
5162.178,352.6511,0
5703.259,301.4434,0
5331.87,290.0203,0
5546.402,334.0366,0
5617.025,261.3079,0
5371.824,289.5613,0
5872.317,298.5596,0
5840.351,306.4248,0
6037.255,267.2415,0
6180.685,385.5247,0
5851.955,305.1362,0
5775.684,431.7097,0
5953.806,424.5723,0
5839.808,308.5002,0
5408.452,233.738,0
5814.021,315.0085,0
6012.793,295.4707,0
6136.955,393.9597,0
5936.876,294.6064,0
5886.716,324.739,0
5359.938,220.5217,0
5860.992,302.064,0
5715.412,297.4028,0
5952.3,352.6262,0
6019.45,366.4109,0
5955.001,328.916,0
5840.441,305.6689,0
5858.903,348.6384,0
5915.394,446.1226,0
6086.881,350.8032,0
5863.003,238.7844,0
6018.917,373.5139,0
5700.879,249.8225,0
5882.582,336.1785,0
5894.506,470.1421,0
5840.225,406.4482,0
5646.124,310.6147,0
6228.101,393.5557,0
6117.098,323.6602,0
5814.337,205.6204,0
5963.526,421.8406,0
5744.729,347.7983,0
6048.068,158.6926,0
5944.787,375.3452,0
5081.169,206.3384,0
6168.322,313.6155,0
6189.765,408.0784,0
5929.875,441.7458,0
5892.699,387.7664,0
5851.166,405.1606,0
5905.97,226.6252,0
5910.45,499.4092,0
5943.19,366.533,0
6145.925,446.7097,0
6034.259,288.2646,0
5617.381,387.3362,0
6170.447,261.9788,0
5968.348,414.7598,0
5875.607,521.7861,0
6080.592,317.1819,0
5967.367,267.9155,0
6172.23,326.8162,0
5644.271,327.7537,0
5453.657,238.2527,0
6016.029,264.7029,0
5451.392,284.5403,0
5754.851,419.092,0
6078.214,379.7109,0
5677.131,284.4053,0
5798.796,327.0742,0
5914.497,257.8059,0
6034.118,295.1897,0
5979.852,523.3396,0
5487.97,251.7312,0
5878.297,396.8855,0
5902.521,287.8911,0
6037.648,402.2449,0
5924.703,345.7561,0
6326.313,380.2466,0
5925.416,238.5808,0
6011.244,417.6541,0
6026.063,337.2969,0
5791.838,263.0083,0
6004.964,344.9272,0
5847.607,363.6062,0
5400.067,231.5161,0
5971.332,368.52,0
5762.309,338.2529,0
5937.077,369.0181,0
6036.026,292.7092,0
5288.975,385.8286,0
6005.551,278.4041,0
5896.124,204.4902,0
5505.561,351.2483,0
6209.166,273.6223,0
5988.077,349.5007,0
6085.712,350.3728,0
6022.087,467.6943,0
5673.84,385.6624,0
5942.338,380.2136,0
5528.684,326.7173,0
5809.721,432.4976,0
6180.928,364.667,0
5980.962,409.9553,0
5313.817,220.293,0
5948.913,281.8066,0
5995.323,351.2729,0
5744.38,359.4585,0
6090.368,394.3733,0
5776.139,400.9136,0
5990.024,568.5923,0
6008.804,214.8513,0
5514.882,213.1321,0
5959.541,267.4382,0
5923.328,438.334,0
5910.188,453.0571,0
6121.479,356.6592,0
5872.806,364.8357,0
5868.443,281.0637,0
5781.899,325.9531,0
5743.363,280.2593,0
5945.392,332.1094,0
5938.478,327.0833,0
6041.377,430.1995,0
5979.594,315.6575,0
6065.26,340.7839,0
6036.31,418.9429,0
5924.524,232.8872,0
5866.467,448.5867,0
5745.017,398.7749,0
5615.403,237.4492,0
5850.409,467.968,0
5644.602,268.6848,0
5990.354,362.7986,0
6012.874,333.6563,0
5815.093,392.9629,0
5578.515,251.8606,0
5978.24,328.3945,0
6202.042,337.2305,0
5988.712,313.7996,0
5955.947,341.0059,0
5822.893,424.8303,0
5774.964,375.3071,0
5797.472,333.6924,0
5246.334,289.0608,0
5942.411,269.1943,0
6122.554,517.0378,0
5673.3,235.8809,0
5820.902,343.6125,0
5813.517,412.9172,0
5890.575,353.4805,0
5837.461,353.3799,0
5584.419,301.7622,0
5320.296,321.3252,0
5673.1,259.8704,0
6055.754,326.77,0
6170.249,309.9219,0
5834.795,306.4714,0
5888.233,280.0981,0
5940.949,396.9473,0
5694.316,425.6731,0
5692.146,439.8679,0
5692.544,349.0767,0
5798.074,371.6086,0
5798.475,272.7783,0
6030.535,424.3855,0
5828.397,331.0737,0
5982.533,368.0117,0
5942.525,343.908,0
5882.116,384.8694,0
6141.759,247.9797,0
5978.969,347.2683,0
5823.117,424.9058,0
6011.734,325.3259,0
6174.313,399.0337,0
6074.339,428.1899,0
5989.833,346.2859,0
5118.114,315.6655,0
5492.149,421.5164,0
6105.452,305.8586,0
5748.047,337.7791,0
6080.747,416.6626,0
6043.431,284.9177,0
5830.16,401.9788,0
6071.517,264.4258,0
5770.279,311.8298,0
5163.54,269.7039,0
5651.313,237.5901,0
5492.663,242.8071,0
6078.688,488.6602,0
6031.531,348.2974,0
5946.983,390.9204,0
5972.639,348.6243,0
5988.233,392.1262,0
5655.097,326.158,0
5442.853,296.292,0
5863.927,395.9331,0
5783.452,396.5945,0
5767.133,404.2544,0
5775.753,435.8059,0
5970.935,474.1475,0
6131.862,262.7668,0
5748.755,339.6948,0
5858.897,280.5166,0
5814.818,322.3918,0
5999.141,369.1377,0
6116.326,278.926,0
5775.904,430.6804,0
5786.784,369.9707,0
6004.859,401.5273,0
5753.682,295.689,0
6089.191,291.7388,0
5744.689,206.7693,0
5735.319,377.8967,0
5526.257,254.8486,0
5921.828,282.9622,0
6036.155,338.5449,0
5522.706,270.1084,0
5795.488,283.4792,0
5768.758,186.2305,0
5952.268,301.1067,0
5806.939,400.7251,0
5890.138,279.5608,0
5900.411,333.1174,0
5801.873,340.0144,0
5685.264,345.2178,0
6110.292,334.4956,0
5913.802,302.9685,0
6179.16,254.4436,0
5806.717,382.4568,0
5975.917,396.9478,0
6241.012,314.821,0
5995.711,372.6018,0
6050.642,362.7302,0
5648.406,434.4531,0
5941.183,367.53,0
5768.54,398.6565,0
5560.456,279.668,0
6187.672,313.075,0
5916.36,399.6895,0
5852.852,266.6938,0
5986.306,280.7942,0
5910.326,358.614,0
6048.708,389.9004,0
5783.365,332.9275,0
6198.854,319.2244,0
5828.835,331.9734,0
6207.967,294.7605,0
5843.551,426.1201,0
6002.064,248.7175,0
6188.404,309.5679,0
5314.872,267.8333,0
6001.956,427.0425,0
6017.363,426.6626,0
5753.211,337.7668,0
6151.695,482.7686,0
5692.133,202.4714,0
5563.833,289.1277,0
5997.964,380.8467,0
6088.288,290.6165,0
6233.53,333.0977,0
6011.84,163.1763,0
6018.414,229.7578,0
5447.865,299.0605,0
5925.364,366.9214,0
5960.413,438.8704,0
5896.29,238.3521,0
5970.328,277.748,0
5569.905,301.5579,0
6077.963,449.7957,0
5770.521,260.6487,0
5492.654,285.1643,0
5976.888,345.8298,0
6091.371,407.4241,0
5798.959,286.854,0
5887.508,322.4512,0
5775.615,354.1023,0
5918.695,377.7817,0
6237.487,479.6328,0
5838.197,309.9167,0
5851.173,383.9417,0
5825.842,320.2859,0
5901.872,368.335,0
5914.412,362.989,0
5957.225,393.2034,0
5903.019,278.8926,0
5747.725,314.0593,0
5587.661,364.6833,0
5826.508,386.0261,0
6057.368,349.4949,0
5970.753,289.6094,0
5607.738,385.6843,0
6207.097,379.6975,0
6059.262,379.6804,0
5390.325,282.6042,0
5781.751,340.1226,0
5861.598,402.7979,0
5864.073,309.5344,0
5367.534,262.2539,0
6014.333,351.8081,0
6088.973,359.3757,0
6315.923,394.4285,0
5968.572,357.0232,0
6024.775,361.2385,0
5936.363,169.5532,0
5974.341,393.4768,0
6076.308,252.0193,0
5867.292,360.6021,0
5857.226,407.3125,0
5933.946,238.2837,0
5592.023,221.2256,0
5412.767,248.6511,0
5949.793,243.6541,0
5949.76,332.1501,0
5648.329,347.7893,0
5375.551,232.7434,0
5424.167,225.3689,0
5959.37,336.4563,0
6107.947,281.4055,0
5512.244,268.8035,0
6063.404,205.5857,0
5810.821,333.8687,0
5583.383,212.5859,0
5724.079,448.9902,0
5957.98,390.6577,0
6174.433,424.3833,0
6051.217,315.0654,0
6120.724,366.8716,0
5718.143,398.6445,0
5949.944,392.7004,0
5960.05,294.334,0
6007.86,208.0071,0
5901.197,422.303,0
5627.87,325.6262,0
5952.707,310.4097,0
6032.992,358.1267,0
5860.699,442.9316,0
5870.39,529.9385,0
6111.247,355.7583,0
5896.75,297.1467,0
5657.912,279.0935,0
5927.548,486.6028,0
5815.54,459.8635,0
5344.031,273.5864,0
5994.717,441.6101,0
5802.883,479.4092,0
5940.805,374.197,0
5703.263,423.9724,0
6153.85,331.0215,0
5284.379,290.0413,0
6044.524,443.7612,0
5774.13,304.5232,0
5984.636,349.8474,0
5902.918,428.7307,0
5339.262,236.5422,0
6016.343,315.8196,0
5898.306,373.2495,0
5924.895,358.5024,0
5817.331,478.7336,0
5886.995,336.4863,0
5915.529,446.5854,0
5796.638,237.0286,0
5983.708,363.9294,0
5960.466,274.3745,0
5924.606,362.7441,0
6059.823,392.0134,0
6171.255,366.915,0
5963.196,505.3347,0
6024.434,288.2727,0
5864.228,423.0022,0
5921.387,292.0479,0
5656.568,452.3232,0
5387.766,300.5703,0
5705.014,305.6438,0
5962.127,237.6946,0
6078.434,426.7632,0
5472.229,278.8779,0
5109.417,244.2751,0
5825.495,437.3218,0
5363.198,241.5469,0
6047.392,318.8804,0
6077.652,263.6819,0
6090.37,336.9348,0
5548.06,313.1438,0
5876.063,288.3105,0
5692.906,435.05,0
5681.646,275.3064,0
5874.785,423.8521,0
5341.425,275.6731,0
5608.829,233.574,0
5862.617,413.1047,0
5887.659,454.6272,0
6148.832,473.3467,0
5652.319,302.4189,0
5796.483,342.8237,0
5498.945,268.8477,0
5945.747,261.4326,0
5815.085,388.3655,0
6015.208,422.7058,0
5932.613,391.7124,0
5868.165,407.3137,0
5776.642,396.4153,0
5914.549,436.7839,0
6113.996,213.3032,0
5348.721,292.1411,0
5584.926,394.9397,0
5846.896,304.2258,0
6073.328,498.0227,0
5992.129,371.4058,0
5626.676,288.4893,0
5752.045,376.5994,0
5863.535,324.531,0
5870.959,449.4585,0
6198.143,409.9492,0
5431.645,416.1567,0
5632.073,284.4194,0
5803.08,307.7446,0
6049.602,430.5293,0
5930.336,339.0183,0
5973.589,367.3394,0
5805.829,397.7341,0
5812.769,338.6804,0
5899.698,338.7466,0
5724.75,393.864,0
5854.438,300.2634,0
5509.588,279.822,0
5967.243,341.9192,0
5912.025,352.4382,0
5940.492,250.4917,0
5860.86,358.7488,0
5918.917,209.4548,0
5911.589,434.4033,0
5814.76,284.3093,0
5749.351,293.8911,0
5961.531,338.3757,0
5776.974,349.4565,0
5674.001,386.814,0
5842.485,334.3909,0
5801.99,384.0886,0
5673.918,304.144,0
5423.648,273.1294,0
5869.422,374.6765,0
5693.842,308.3389,0
6033.857,351.363,0
5716.146,360.9336,0
5789.68,374.6646,0
6046.055,423.5391,0
6086.181,404.3323,0
5863.08,224.6597,0
6001.002,370.8853,0
5383.791,310.5737,0
6053.018,294.3076,0
6113.896,334.3887,0
5863.661,368.8125,0
5811.993,242.4119,0
6050.5,220.667,0
6195.769,354.3386,0
5909.951,420.4419,0
6063.887,366.6582,0
5977.024,260.9131,0
5972.387,293.1445,0
5962.639,315.6145,0
5830.704,245.7795,0
5915.966,397.072,0
5842.868,328.9531,0
5695.061,416.7434,0
5852.267,333.9397,0
5617.348,466.3003,0
6270.49,410.7656,0
5764.692,255.7124,0
5636.864,308.6768,0
5223.025,271.5276,0
5718.985,361.0449,0
6131.42,421.0398,0
6150.257,394.7327,0
6003.754,427.24,0
5907.354,351.0847,0
5834.516,430.4639,0
5659.311,380.6113,0
5303.234,319.4089,0
5586.803,339.187,0
6042.887,413.9651,0
6006.914,443.8838,0
5953.612,495.5483,0
5184.114,346.5676,0
6153.793,310.4023,0
5913.665,362.4546,0
5694.78,407.0955,0
5657.325,347.4126,0
6132.544,429.207,0
5968.606,342.1816,0
5902.248,421.0129,0
5828.68,418.2693,0
6054.865,582.272,0
5778.709,443.3113,0
6000.649,399.3457,0
6140.903,422.9314,0
6103.978,436.6689,0
5587.98,413.8577,0
5320.784,293.197,0
5268.647,248.9048,0
5728.926,283.4878,0
5959.438,443.8936,0
5378.842,288.7263,0
5958.831,338.7412,0
5947.438,350.895,0
5983.495,500.8728,0
5598.723,278.0647,0
5676.037,310.4604,0
5861.953,317.1599,0
5950.151,258.9111,0
5904.748,364.9246,0
6047.455,334.0352,0
5594.619,311.3521,0
6065.585,385.1865,0
5879.527,458.9534,0
5667.001,228.2957,0
5728.382,366.3555,0
6049.871,336.0486,0
5986.536,254.7537,0
5526.036,440.4644,0
5664.418,377.6045,0
5472.353,298.7422,0
6019.812,393.5522,0
6022.338,330.7473,0
5935.199,235.7776,0
5949.014,335.4246,0
5872.39,316.9084,0
5907.272,334.3667,0
6019.978,276.7185,0
5354.071,265.3279,0
5649.725,408.8323,0
6106.132,311.6423,0
5510.828,301.9348,0
6131.571,285.8564,0
5967.009,373.177,0
6113.757,274.8523,0
5971.594,380.1506,0
5864.143,394.4153,0
5930.462,347.8142,0
5820.508,276.2144,0
5398.044,284.9915,0
5982.899,446.7964,0
6004.915,499.667,0
5606.57,380.0737,0
5798.774,485.7102,0
5368.55,184.915,0
6124.545,162.9998,0
5961.624,350.8945,0
6074.331,210.3784,0
5895.26,282.5754,0
6176.805,448.3262,0
5953.306,431.2554,0
5474.037,360.1848,0
5923.611,322.0476,0
5808.267,357.7292,0
5919.205,301.9756,0
6039.562,375.9121,0
6008.822,239.1609,0
6290.126,395.8318,0
5590.709,346.7383,0
6097.699,295.8074,0
5788.47,420.9487,0
5745.794,391.2219,0
6037.088,284.571,0
5897.53,387.4429,0
5864.257,335.1191,0
5712.392,276.1021,0
5350.33,288.437,0
5949.797,344.0017,0
5840.698,454.6177,0
6069.838,252.4355,0
5883.78,265.7048,0
6117.694,471.1123,0
5547.043,375.4729,0
5926.99,380.2207,0
5373.523,220.3457,0
5469.678,360.469,0
5998.684,257.4988,0
6019.338,453.9478,0
5658.693,303.8999,0
5453.106,308.5405,0
6116.903,307.6101,0
6090.68,345.1213,0
5826.27,336.2529,0
5774.795,362.9355,0
5975.382,387.1318,0
5608.365,270.0422,0
5946.323,397.9146,0
5999.538,394.8916,0
6110.229,351.7783,0
6079.54,337.0557,0
6324.611,424.4443,0
6025.841,295.4849,0
6080.787,213.4316,0
6105.802,320.2725,0
5797.007,367.9551,0
5672.854,328.7585,0
5961.227,367.7446,0
5697.769,298.9849,0
5705.043,273.5557,0
5901.776,377.3555,0
5954.752,349.5566,0
6004.131,428.8169,0
5808.575,415.8826,0
6062.09,279.1472,0
5435.515,356.1858,0
5852.443,291.3047,0
5868.979,304.0896,0
5898.528,371.6777,0
6197.81,430.146,0
5744.202,349.0608,0
5878.267,359.8674,0
6005.847,399.0049,0
6096.325,363.5942,0
6073.731,354.8071,0
5756.609,386.6853,0
6029.424,277.4749,0
5933.306,377.2407,0
5648.656,360.804,0
5872.284,303.3147,0
6089.531,288.8857,0
5808.943,299.9583,0
5795.593,346.8806,0
5939.861,332.9722,0
5522.677,342.1609,0
5568.811,336.8647,0
5792.105,335.679,0
6196.08,368.8308,0
5924.634,424.866,0
5667.225,345.5569,0
5961.874,435.1033,0
6280.164,403.1824,0
6074.087,320.6787,0
5820.972,475.8206,0
6150.354,401.9805,0
5391.224,369.2302,0
5541.778,372.5803,0
5970.085,307.2017,0
5983.554,301.3035,0
5832.011,344.2646,0
6100.48,505.0081,0
5891.976,329.2012,0
5806.277,252.4541,0
5912.169,369.9468,0
5454.875,256.4436,0
6128.694,371.0664,0
5894.021,342.9858,0
5821.975,408.5205,0
5900.624,343.2732,0
6169.22,248.5747,0
5976.647,344.8569,0
5694.544,242.8359,0
5840.896,190.8479,0
6176.115,366.8496,0
6192.907,361.0396,0
5830.632,190.302,0
6059.943,263.7043,0
6102.499,399.1858,0
5811.056,319.0598,0
5430.322,309.2549,0
5908.561,326.3689,0
6028.179,344.6511,0
5948.288,293.5608,0
6013.309,303.0984,0
5986.872,292.2905,0
5931.416,359.7124,0
5652.854,373.7349,0
6115.309,338.8943,0
5674.528,297.6089,0
5759.444,326.3013,0
6033.915,306.605,0
5569.256,305.0583,0
5712.909,293.8818,0
5900.831,278.9185,0
6042.284,382.7507,0
5494.298,334.032,0
5814.173,424.7283,0
5428.986,276.0256,0
5803.583,420.4207,0
6051.779,322.7644,0
5839.644,318.595,0
5836.756,311.9604,0
5657.344,354.9902,0
5565.787,249.1699,0
5785.219,314.8799,0
6010.623,352.8149,0
5872.377,425.1846,0
5924.458,297.1301,0
5751.936,319.6345,0
5717.118,380.7822,0
5520.695,289.3989,0
5345.833,210.7971,0
5890.551,264.8086,0
5669.864,387.468,0
5385.454,362.1104,0
5949.441,351.2197,0
5522.609,297.9583,0
5906.883,360.249,0
5983.825,368.4534,0
6062.071,288.2776,0
5889.922,492.0383,0
5728.456,269.3254,0
5882.469,288.3179,0
5912.051,380.8049,0
5758.692,481.9958,0
6068.568,391.6104,0
6168.011,414.8401,0
6000.748,427.7385,0
5705.229,430.9561,0
6008.435,319.0415,0
5802.308,386.084,0
5902.437,395.2649,0
5543.116,339.0774,0
6056.945,406.6008,0
5844.616,367.1619,0
6162.611,475.5503,0
6061.394,241.1641,0
6023.096,321.49,0
5890.968,260.9124,0
5699.434,299.7144,0
5928.809,291.7466,0
5669.734,268.7043,0
5743.008,265.3689,0
5937.245,364.2253,0
5383.001,355.8828,0
5913.592,244.3809,0
6182.244,377.3555,0
6075.951,252.2021,0
6008.622,345.1875,0
6033.118,361.4812,0
5913.659,370.6704,0
5745.763,232.8389,0
5997.898,453.8616,0
5708.67,390.3169,0
5890.291,330.7,0
5592.239,352.1538,0
5972.037,255.4365,0
5821.271,387.949,0
5551.44,294.0344,0
5880.849,357.2703,0
5922.526,433.6794,0
5853.987,270.4609,0
5709.895,334.6255,0
5800.342,381.7627,0
5468.164,289.6587,0
6017.679,425.9463,0
5855.976,236.1138,0
5958.446,359.0247,0
5940.068,443.2522,0
5836.083,346.8413,0
6061.178,462.6196,0
5852.688,436.1477,0
5963.437,316.9871,0
5345.107,321.4836,0
5999.329,346.8088,0
5475.766,326.0212,0
6003.671,341.2441,0
5593.762,255.3699,0
6069.108,405.7249,0
5933.873,374.1052,0
5659.445,307.4739,0
5622.022,161.6355,0
5975.058,239.8193,0
6219.473,317.8367,0
5452.845,214.9705,0
5888.416,364.2422,0
5768.285,376.002,0
5980.123,381.2058,0
5926.802,330.853,0
5923.853,361.0127,0
5919.237,327.0967,0
6027.537,325.4434,0
6021.724,394.2373,0
5985.33,289.9336,0
5559.438,378.2817,0
5893.476,391.1086,0
5256.443,330.1858,0
6041.832,320.7947,0
5242.842,424.2751,0
5605.172,369.1675,0
5765.751,322.9575,0
5865.889,498.9763,0
6220.9,298.5715,0
6047.882,321.426,0
5481.071,386.342,0
5854.895,296.1646,0
5646.878,384.0557,0
6196.246,449.3203,0
5872.552,402.4451,0
5947.836,367.1892,0
6083.283,290.2231,0
5941.283,303.2534,0
5895.511,248.2341,0
5932.298,349.2097,0
5794.817,450.1897,0
5242.454,210.8586,0
5969.312,272.7979,0
5284.024,344.2354,0
5883.431,365.7393,0
5688.758,291.7146,0
6099.735,417.6245,0
6068.261,325.3528,0
6093.329,389.0674,0
5224.058,356.0872,0
5841.397,339.1025,0
5881.176,381.7937,0
6021.926,330.3276,0
6246.21,335.8735,0
6153.457,504.114,0
6016.144,284.6584,0
5785.497,275.7346,0
5895.311,268.5659,0
5927.786,485.3372,0
5940.415,332.7017,0
5809.913,380.946,0
5367.885,502.803,0
5875.881,359.6782,0
5873.596,373.8787,0
6015.332,373.6094,0
5933.289,335.1208,0
6017.783,312.2539,0
5888.413,288.9612,0
5854.258,397.7332,0
5751.659,370.4399,0
6036.85,387.3518,0
5510.306,261.7578,0
5664.556,244.8467,0
5558.564,364.7568,0
5894.809,303.908,0
5834.822,458.1455,0
5503.33,322.8298,0
6021.797,374.8633,0
5845.387,403.4343,0
6177.177,222.2222,0
5969.182,366.2024,0
5900.125,362.8911,0
5935.515,333.332,0
5943.581,392.4968,0
5815.527,358.551,0
6128.367,474.5012,0
5718.551,356.3633,0
6124.535,285.7607,0
5795.093,372.4246,0
5919.359,427.6731,0
5925.94,327.228,0
5860.289,360.6624,0
5912.177,262.8809,0
6045.968,402.1438,0
5963.148,491.6487,0
5944.362,244.3628,0
5833.595,480.9487,0
5934.995,296.4373,0
6134.192,341.655,0
5837.059,448.8347,0
6067.436,318.6116,0
6157.319,338.9719,0
5832.434,551.29,0
5908.715,363.7268,0
6113.111,347.3,0
6053.641,330.2754,0
5885.269,449.7122,0
5845.711,357.5823,0
5901.477,351.6323,0
5713.62,432.6199,0
5924.375,317.5437,0
5938.144,343.0764,0
5824.254,261.6604,0
5882.984,350.5266,0
5920.167,338.5083,0
5974.53,394.5112,0
6073.154,351.0078,0
5990.652,382.6873,0
5847.243,287.5757,0
5913.987,272.1938,0
5751.324,325.5193,0
6057.7,300.2332,0
5916.103,429.3298,0
6198.413,460.906,0
5283.716,295.9204,0
5840.892,308.3743,0
5760.893,402.4319,0
5911.585,290.0752,0
5746.563,405.2568,0
5902.996,313.5317,0
5542.921,249.2629,0
5755.274,348.7832,0
5633.303,333.6909,0
5972.795,257.3044,0
5875.002,319.0623,0
6161.295,368.52,0
6057.045,336.7795,0
5652.287,271.4546,0
6089.251,337.1343,0
5775.53,310.8889,0
5569.374,354.1565,0
5973.614,402.5562,0
6078.934,498.8018,0
5924.899,411.2388,0
5815.161,270.4641,0
5926.203,260.2903,0
6070.063,360.553,0
5898.738,420.511,0
5785.54,459.3396,0
5722.294,325.6587,0
5636.841,441.144,0
6116.824,269.3699,0
5216.444,301.178,0
5892.096,397.53,0
5425.064,338.7505,0
5734.631,320.7112,0
5993.568,417.2563,0
5796.916,377.7773,0
6107.845,285.4304,0
5366.152,223.0557,0
5822.755,434.0664,0
5986.782,339.0273,0
6228.854,257.5369,0
5934.148,481.7961,0
5838.629,253.3816,0
5853.117,462.9561,0
5892.448,376.3972,0
5751.313,318.3198,0
5694.285,252.3352,0
5967.203,245.7598,0
5819.038,364.3708,0
6071.165,408.8728,0
6227.72,238.9485,0
6309.266,322.811,0
5979.375,385.3716,0
6070.063,461.8767,0
5817.415,343.7051,0
5909.571,393.4736,0
5887.043,317.6851,0
6196.785,416.7532,0
5636.929,439.2681,0
5582.224,342.6326,0
5824.229,412.4053,0
5521.734,294.4985,0
5275.593,222.3298,0
5853.136,413.6855,0
5777.167,424.5186,0
5933.7,318.8953,0
5916.246,360.1958,0
5762.336,317.4897,0
5899.526,263.1404,0
5992.297,218.7246,0
5920.604,332.3818,0
6183.989,280.9058,0
5433.135,296.4355,0
5815.596,230.2156,0
5442.879,217.0071,0
5596.845,379.2522,0
6052.479,313.9387,0
5940.755,406.406,0
6050.249,516.5955,0
5965.553,324.8022,0
5833.115,307.6785,0
6110.017,222.8218,0
5481.728,398.6335,0
5930.518,283.9067,0
5916.434,376.6675,0
5961.042,404.5142,0
6974.8,485.1758,0
5942.007,360.1775,0
5854.106,325.2776,0
5335.92,326.3237,0
5993.89,330.1738,0
6117.6,367.3242,0
5351.328,337.1335,0
5749.723,269.8618,0
5963.475,366.8381,0
5876.209,438.7952,0
5607.062,381.3528,0
5700.626,365.0376,0
5603.438,280.2434,0
5902.924,305.7625,0
6086.214,478.7683,0
5987.521,327.1497,0
6086.881,200.9031,0
5636.441,244.7842,0
5969.618,348.7227,0
6142.191,362.0786,0
5986.282,303.998,0
5750.163,372.2004,0
5775.228,331.4104,0
5833.945,337.6479,0
6119.628,348.1082,0
5925.72,293.9504,0
6205.514,430.5637,0
5811.905,306.7502,0
5393.545,315.4937,0
6230.742,357.2778,0
6065.059,242.6106,0
5484.55,281.7095,0
6277.716,284.165,0
6190.249,364.8354,0
5810.73,447.0593,0
5823.773,454.4387,0
5875.663,303.394,0
5962.539,336.9236,0
5436.627,377.9365,0
5487.43,372.0012,0
6059.569,295.3594,0
6060.472,247.1426,0
5920.545,328.3318,0
5701.605,309.3794,0
6119.685,505.4978,0
5508.216,343.4199,0
5784.09,383.7588,0
5754.836,424.7297,0
6104.019,361.2644,0
5984.343,485.5886,0
6015.374,280.4937,0
6042.024,558.6455,0
5802.524,288.7971,0
5953.944,435.7117,0
5604.705,262.6594,0
5880.944,444.3352,0
6090.235,427.0862,0
5892.176,272.2539,0
5680.848,336.7,0
6080.842,298.4299,0
6095.751,302.9932,0
5754.875,337.386,0
5967.274,431.6934,0
6190.721,430.0339,0
5933.579,418.8926,0
6097.661,406.1614,0
5229.735,297.697,0
5587.387,365.5906,0
6163.512,342.5085,0
5891.996,347.6799,0
6031.385,364.5874,0
5732.318,313.4961,0
5917.166,331.8962,0
6059.213,433.9937,0
6037.38,396.5864,0
5759.573,194.1899,0
5741.755,337.863,0
5870.182,344.6917,0
5820.499,331.614,0
5996.548,332.9641,0
6067.301,300.8171,0
5906.526,415.7153,0
6037.66,363.126,0
6151.593,448.8467,0
5211.129,308.2959,0
6015.726,327.7039,0
5886.579,369.1475,0
6008.815,259.6987,0
5906.328,444.2515,0
5766.125,307.8545,0
5789.473,434.0618,0
6061.122,366.0542,0
5993.794,400.3484,0
6053.525,355.3787,0
5918.493,463.123,0
5944.382,355.4194,0
5850.283,341.7205,0
6044.21,296.2676,0
6039.17,331.012,0
5902.101,356.0088,0
5961.735,439.7761,0
6180.328,280.4128,0
5816.597,401.3604,0
6032.375,270.3557,0
6080.74,313.3921,0
5466.605,294.8535,0
5581.683,259.3386,0
5834.985,395.3499,0
5762.594,483.106,0
5962.504,291.7053,0
5695.199,383.6843,0
5941.06,436.2954,0
5973.523,440.134,0
5920.363,345.2268,0
5951.099,394.832,0
5929.91,408.7043,0
5393.472,256.76,0
5679.565,243.6685,0
5685.929,318.9636,0
5551.862,230.5591,0
6041.311,335.864,0
5227.286,320.2039,0
5910.948,322.9004,0
6137.523,242.5271,0
5918.121,299.7249,0
5693.62,314.1768,0
6141.371,263.4131,0
5967.38,396.4885,0
5986.745,509.5432,0
5533.082,422.7346,0
5256.288,271.5647,0
6010.536,361.6919,0
5351.122,317.3032,0
6006.668,310.0095,0
5806.952,373.366,0
5872.517,403.9807,0
6098.268,412.7722,0
6190.475,419.9343,0
5816.009,415.2178,0
5884.611,517.4583,0
5799.764,167.9858,0
5993.911,322.6812,0
5896.071,318.7659,0
5880.048,230.1538,0
5767.036,248.6643,0
6079.614,302.7427,0
5822.711,299.7192,0
6119.905,409.53,0
5426.217,219.8372,0
5435.773,346.2156,0
5923.606,491.7864,0
6217.358,354.0588,0
5892.271,362.1711,0
5870.077,381.0703,0
5866.802,418.4724,0
5912.151,311.6328,0
6012.429,285.9297,0
5357.192,321.5779,0
5981.126,231.0952,0
5290.491,283.4568,0
5846.812,366.1069,0
5827.006,316.053,0
5923.491,457.8103,0
6095.293,397.4207,0
6003.726,344.3105,0
5887.252,237.2852,0
5932.467,255.8828,0
5914.39,379.6301,0
6009.236,282.6179,0
5870.378,482.877,0
6063.717,379.8933,0
5790.343,344.2092,0
5836.364,511.1177,0
5932.516,341.0029,0
6125.932,399.1982,0
5597.097,409.4619,0
6016.337,490.51,0
5547.195,351.4333,0
5465.149,257.4233,0
5834.227,317.2092,0
5671.655,288.5657,0
5992.633,353.1638,0
6091.578,346.7771,0
5819.208,444.2166,0
6121.804,292.5391,0
5949.562,278.6174,0
5822.408,303.3862,0
5897.373,413.5969,0
5718.514,264.241,0
5922.383,409.7759,0
5731.573,378.1401,0
6021.971,164.6855,0
6024.102,311.405,0
5927.722,370.0798,0
5524.22,353.8689,0
5612.458,360.7676,0
6115.092,309.4121,0
5401.485,305.5723,0
5561.079,283.2954,0
5919.984,394.8679,0
5785.736,367.127,0
6051.947,296.7991,0
6070.757,332.9473,0
6056.115,272.4207,0
5993.152,332.0217,0
5713.815,292.7585,0
6140.222,336.5579,0
6110.629,445.988,0
5397.229,226.2561,0
5196.379,153.3516,0
5292.502,285.3484,0
5856.942,431.5669,0
5334.603,372.0056,0
5652.352,367.2798,0
5659.47,299.9895,0
5822.54,257.0569,0
5396.047,280.3145,0
5947.768,360.9473,0
5480.744,330.28,0
5958.297,324.7542,0
6033.322,372.1477,0
6019.679,245.1252,0
6041.821,249.1533,0
5972.18,410.6824,0
6162.238,341.4958,0
5775.067,387.4587,0
5912.745,380.2939,0
6033.034,334.3608,0
5537.124,404.2378,0
5943.565,505.2192,0
5897.381,360.1794,0
5827.204,362.6233,0
5895.207,328.9329,0
6055.996,307.4546,0
6175.012,414.7598,0
5727.873,321.9229,0
5970.222,366.5862,0
6103.387,441.959,0
5899.12,339.21,0
5868.263,368.8823,0
5713.719,235.822,0
5649.178,381.3467,0
5604.295,374.4065,0
5775.505,451.0457,0
5789.741,399.9802,0
6029.155,335.249,0
6051.653,325.5095,0
5860.589,435.7097,0
6089.258,372.4504,0
5922.335,368.8667,0
6225.163,312.772,0
5998.374,321.968,0
5632.745,317.9702,0
5965.886,316.9246,0
6000.331,345.4912,0
5660.418,370.9265,0
5543.081,326.9387,0
5593.827,378.8267,0
5370.773,340.946,0
5827.155,248.3914,0
5778.1,336.6326,0
5579.386,370.7646,0
6095.73,434.8135,0
5854.288,359.0959,0
5916.135,375.366,0
5873.799,367.1541,0
5968.053,482.2048,0
6065.981,343.198,0
5408.711,310.3984,0
5496.153,340.8623,0
5873.466,376.1252,0
5464.706,392.7612,0
5442.257,228.9949,0
5114.738,250.2134,0
5855.231,258.0247,0
5761.861,320.6057,0
5312.929,219.7603,0
5901.186,323.9407,0
5818.921,348.3376,0
5923.273,264.9487,0
5888.083,258.2373,0
5754.023,369.1802,0
5835.329,415.582,0
5758.678,318.8589,0
5388.691,283.25,0
5983.691,383.9973,0
6178.814,485.2095,0
6324.865,319.9717,0
5842.959,219.3081,0
6087.519,366.5137,0
5922.677,286.8989,0
5913.166,364.1304,0
5858.138,392.3757,0
5578.446,339.6118,0
5738.334,397.4985,0
5918.189,337.1201,0
6174.388,292.4951,0
5310.502,304.178,0
5892.693,415.3347,0
5757.925,309.4399,0
6344.12,334.54,0
5822.983,436.0547,0
6103.431,251.8047,0
5814.768,449.2983,0
5819.649,344.9646,0
5882.728,355.1006,0
5793.425,269.3604,0
5921.648,406.7092,0
5468.996,291.6536,0
5911.364,278.8574,0
6008.269,376.2847,0
5996.339,396.9771,0
6026.409,404.5249,0
5895.117,340.4709,0
5713.046,356.7231,0
6130.556,351.9561,0
5712.023,356.2864,0
5662.013,288.3687,0
5992.763,306.9194,0
5383.62,248.6621,0
5976.284,337.6741,0
5993.332,223.9365,0
5984.329,407.1294,0
6060.342,419.6929,0
6112.178,463.499,0
5642.562,396.7969,0
6086.305,422.7756,0
5687.42,296.814,0
5726.885,243.9971,0
5790.67,237.1201,0
5878.502,306.646,0
6051.822,410.1885,0
5853.866,388.9419,0
5709.201,393.1167,0
6153.212,330.2986,0
5921.384,416.958,0
5147.513,295.1516,0
5695.064,323.9404,0
5874.869,414.8342,0
5960.526,218.6184,0
6271.458,333.3535,0
6145.391,304.3518,0
5651.335,324.2334,0
5496.156,221.3403,0
5827.029,214.918,0
5618.971,383.771,0
5840.719,250.5103,0
5987.777,382.4741,0
6255.605,377.9912,0
5731.759,324.9221,0
6097.136,332.5117,0
6035.46,420.5671,0
5842.25,345.3687,0
5940.304,219.2925,0
5903.392,365.022,0
6006.631,307.9238,0
5389.905,371.7195,0
5677.292,392.6589,0
5559.854,279.0344,0
5802.204,375.6775,0
5373.915,226.6858,0
5936.647,339.5337,0
6020.06,301.3926,0
5859.288,465.1614,0
5860.221,416.9492,0
5733.707,289.2219,0
5508.741,358.2261,0
6157.12,257.8508,0
6063.827,213.5171,0
5903.755,256.3218,0
5941.313,404.4749,0
5888.581,300.009,0
5544.746,302.2722,0
5823.948,466.5942,0
5795.379,478.114,0
6011.95,400.8052,0
5695.345,459.9875,0
5736.379,343.6409,0
5748.683,353.2563,0
5526.604,297.821,0
5318.022,279.2495,0
5954.013,389.2764,0
6009.45,321.6008,0
5804.055,296.043,0
6116.557,363.1196,0
5683.16,284.1804,0
5676.736,246.3342,0
5695.908,344.2864,0
5630.106,351.9927,0
6062.045,303.1206,0
6228.888,404.3789,0
6019.652,259.9204,0
6046.56,457.8494,0
6039.574,312.9006,0
6060.432,394.3416,0
5656.857,273.7229,0
5700.024,345.4397,0
6040.955,296.1826,0
6225.189,356.5796,0
5827.827,519.6399,0
6015.332,287.5266,0
5813.431,311.2725,0
6276.238,409.4417,0
5641.565,390.5251,0
6102.574,263.2925,0
5856.087,226.845,0
5515.255,219.9028,0
6012.737,414.2373,0
5533.693,362.9292,0
5859.119,299.4736,0
5928.781,306.3555,0
5213.175,325.1348,0
5477.483,437.6973,0
6001.162,364.0603,0
5527.939,240.9001,0
5731.438,360.1631,0
5713.115,287.0278,0
5930.727,408.1333,0
5741.6,360.1157,0
5791.495,435.4602,0
5406.356,363.6572,0
6019.173,333.5239,0
5952.881,380.1411,0
5775.782,345.0969,0
5323.309,276.7432,0
5895.12,206.7764,0
6080.336,352.6211,0
5843.485,388.2581,0
5870.641,330.6257,0
5832.619,409.9302,0
6115.9,366.7087,0
5759.855,315.2664,0
5917.981,359.5154,0
5956.542,380.2742,0
5982.138,212.7014,0
5855.663,397.7793,0
5619.933,376.9709,0
6056.88,224.7463,0
5857.644,449.563,0
5534.041,282.2839,0
5946.222,401.2073,0
5943.278,444.0393,0
5669.04,352.7944,0
5808.234,306.7583,0
5338.916,338.8801,0
5714.615,346.0566,0
6030.96,325.9272,0
5895.681,314.4392,0
5642.751,455.8516,0
5903.663,277.074,0
5837.598,356.4043,0
5549.222,343.7954,0
6380.479,302.637,0
5953.328,328.2947,0
5320.609,270.5952,0
5393.35,347.6641,0
5879.883,408.8779,0
5943.984,313.6912,0
5947.558,491.2717,0
5979.102,332.8269,0
5849.036,288.7871,0
5958.687,447.9778,0
5883.571,340.02,0
5625.517,299.6367,0
5855.075,221.5474,0
5894.458,294.1797,0
5882.295,441.1755,0
5786.33,371.9336,0
5510.011,318.3433,0
6047.526,277.0242,0
5756.153,323.3923,0
5561.62,336.4199,0
6103.255,405.7302,0
5576.667,328.7168,0
5567.758,259.3164,0
6034.293,298.8833,0
5861.27,421.7979,0
5829.442,309.6848,0
5915.157,305.3088,0
6227.999,344.0547,0
5593.985,363.2927,0
5776.449,377.2886,0
5950.583,242.6594,0
5903.017,378.4622,0
5904.149,441.4417,0
5971.51,246.3088,0
5724.753,313.0496,0
5593.707,348.022,0
6070.241,377.2991,0
6126.342,454.2886,0
6019.209,351.6379,0
5283.203,310.0142,0
5700.189,363.8484,0
6001.466,260.626,0
5786.969,269.3723,0
6101.489,295.6057,0
6090.281,421.2468,0
5313.399,331.0989,0
5688.909,280.856,0
5905.158,442.0054,0
6131.508,371.4175,0
5586.301,384.8281,0
6134.195,390.0046,0
5635.725,391.8787,0
6041.652,368.1201,0
5648.528,303.8486,0
5767.038,315.0156,0
6058.153,324.6646,0
5985.581,404.3777,0
5852.467,429.9673,0
5752.41,451.9111,0
5774.469,405.1206,0
5766.772,415.6672,0
5442.684,347.7566,0
5646.563,283.0046,0
5554.642,419.6306,0
5727.398,303.7317,0
6040.242,361.4653,0
5930.414,324.4363,0
5634.558,382.4138,0
5856.969,304.8865,0
5993.524,351.8157,0
5718.344,363.4678,0
5923.256,217.4453,0
5967.027,414.0359,0
5934.348,399.8308,0
5805.852,275.5723,0
5577.19,388.7822,0
5746.06,262.73,0
6009.599,287.1436,0
5689.663,341.0925,0
5810.051,273.7463,0
6099.48,425.7979,0
5940.756,361.572,0
5937.677,415.6965,0
5844.366,302.1614,0
6163.157,429.2253,0
5925.294,271.1199,0
5738.869,335.1282,0
5775.547,325.2405,0
6029.157,268.5669,0
5981.222,406.1025,0
5886.313,423.0054,0
5836.818,358.0969,0
5492.471,371.7261,0
5822.375,296.7273,0
5904.559,346.3499,0
5575.263,295.1506,0
6222.92,308.1025,0
5563.105,258.4053,0
5557.995,338.0635,0
5894.387,304.9233,0
5852.828,462.6357,0
5677.451,285.5046,0
5934.913,379.5178,0
5888.834,308.6826,0
5901.047,292.9199,0
5943.704,320.3813,0
5814.03,356.2473,0
5743.858,327.5017,0
5447.349,271.3398,0
5922.722,338.5171,0
5718.474,259.2161,0
6137.067,400.8594,0
5194.765,407.3232,0
5545.555,380.0752,0
5839.061,440.9265,0
6045.817,469.1353,0
6207.668,363.4863,0
6110.719,351.8818,0
5864.49,342.2642,0
5796.834,275.6951,0
5973.966,295.0654,0
5821.112,367.6602,0
5875.839,359.4766,0
5889.234,391.7129,0
5764.934,369.1172,0
5960.431,415.4963,0
5877.722,395.5808,0
5939.438,405.2886,0
5356.702,263.3926,0
6072.807,379.7163,0
5866.566,326.5872,0
6030.367,414.6931,0
6007.889,343.5928,0
6020.615,298.3135,0
5738.123,385.4048,0
5508.486,272.2942,0
6203.518,257.2073,0
6072.891,385.0471,0
6024.789,340.5959,0
5715.56,384.1902,0
6090.775,311.2966,0
5328.185,363.7976,0
5935.715,257.5977,0
5723.073,283.9209,0
5912.641,360.4094,0
5837.272,336.406,0
6010.329,529.8582,0
5412.586,371.6846,0
5735.366,342.4409,0
5969.551,313.8672,0
5851.342,398.2512,0
6032.203,395.5625,0
5233.952,251.6958,0
5883.379,255.6233,0
5441.604,333.1084,0
5520.642,329.4653,0
5401.373,327.6372,0
5607.189,266.8843,0
5829.04,256.4771,0
5625.64,404.9182,0
6082.41,458.6824,0
5924.362,354.9717,0
5391.948,393.1548,0
5469.767,334.7544,0
5830.977,281.7515,0
5949.891,355.2083,0
5493.392,369.4524,0
5823.566,366.2112,0
6056.287,328.4976,0
5503.452,260.8613,0
5687.133,427.4822,0
5745.252,459.2708,0
6125.13,379.1499,0
5940.441,290.7043,0
6033.317,327.3074,0
6062.511,331.4685,0
5780.945,347.9146,0
5379.482,214.1206,0
5741.109,234.0757,0
5592.227,366.0127,0
5764.911,383.5955,0
5941.734,442.3315,0
5953.432,370.9019,0
5616.115,336.5752,0
5802.011,370.9966,0
5671.074,363.0425,0
6042.375,324.8674,0
5840.795,354.239,0
6035.407,313.6184,0
5831.434,335.573,0
5747.732,341.3862,0
6030.225,370.9668,0
5790.001,229.0415,0
5926.313,408.6899,0
5954.528,366.4668,0
6085.761,292.9182,0
5614.292,321.2515,0
5813.297,323.9543,0
5890.859,386.9155,0
5977.224,254.6406,0
5984.906,458.9958,0
5956.957,383.3789,0
5369.409,347.7417,0
6121.506,298.8171,0
5787.062,331.9763,0
5741.118,272.3647,0
5473.288,313.6318,0
5891.579,341.4424,0
5853.68,464.0786,0
6044.448,427.8098,0
5970.365,390.0811,0
5973.169,360.1941,0
6047.667,271.0293,0
6104.096,329.0166,0
5908.717,424.3562,0
5704.742,569.9995,0
5813.315,404.3875,0
6022.24,359.2117,0
5844.744,399.0549,0
5870.746,341.2642,0
5773.02,361.8801,0
5980.52,336.4084,0
5231.437,216.4575,0
5787.751,319.9712,0
5556.106,225.5991,0
5686.189,323.283,0
6024.346,333.1096,0
5951.011,371.1392,0
5888.101,410.6238,0
5902.04,366.7712,0
5676.243,348.0132,0
5656.761,320.0254,0
6061.533,324.4241,0
5931.611,382.0618,0
5902.087,250.1228,0
5913.643,279.7439,0
5971.512,391.8171,0
6308.764,214.9924,0
5797.286,297.0068,0
5720.917,389.7825,0
5830.855,307.3386,0
6097.24,325.6982,0
5981.148,402.1858,0
5630.921,370.5305,0
5836.846,312.5896,0
6206.828,315.4385,0
5583.937,396.9651,0
5382.497,348.4233,0
5529.431,307.7771,0
5505.191,298.5632,0
6037.278,439.427,0
5685.63,388.1731,0
5921.873,338.2175,0
5784.27,325.9087,0
5722.358,238.8479,0
6190.863,249.5898,0
5643.508,285.9431,0
5926.544,330.958,0
5964.026,322.0474,0
5639.186,334.9529,0
5768.777,399.6399,0
5643.463,352.2339,0
5900.143,416.8618,0
5702.853,320.7742,0
5433.014,396.6223,0
5820.49,340.8789,0
5769.283,305.2449,0
5476.631,246.5674,0
5955.368,477.563,0
6063.929,193.8245,0
5826.165,423.8384,0
6213.271,413.177,0
6167.142,333.7888,0
5827.276,490.9722,0
5999.697,445.2461,0
5790.073,391.4868,0
6087.377,371.7712,0
5779.267,275.4839,0
6063.583,483.4221,0
5923.185,194.2935,0
6189.469,383.6348,0
6083.177,453.012,0
5733.52,342.2949,0
5499.214,322.3926,0
5925.71,406.7227,0
5469.292,395.1431,0
5993.78,352.7942,0
5471.404,355.6143,0
6031.385,339.4976,0
5299.582,281.2148,0
5800.191,348.511,0
5478.954,367.4163,0
5683.421,433.0759,0
5919.003,350.8386,0
5915.124,421.8557,0
5972.102,259.3442,0
5760.648,417.4355,0
5688.5,298.6782,0
5297.077,402.9575,0
5388.852,347.0996,0
5997.952,334.6555,0
6026.172,340.562,0
5925.902,306.2485,0
5615.996,316.8345,0
5983.265,445.5566,0
5739.799,325.8242,0
5896.996,431.1851,0
5463.8,281.5784,0
6003.622,310.5466,0
6004.736,467.7178,0
5830.331,344.4487,0
5745.9,217.0212,0
5831.482,468.6658,0
5456.225,229.2527,0
5666.504,325.2878,0
6050.756,300.0706,0
5869.49,360.7126,0
5906.927,309.2681,0
5872.327,285.8967,0
5873.028,414.6011,0
5271.771,288.7114,0
6001.627,244.0935,0
5873.017,359.322,0
5798.056,260.1448,0
5478.046,292.7507,0
6113.062,152.1421,0
5603.352,283.0728,0
5704.924,295.1643,0
5850.233,302.592,0
6182.835,419.2678,0
5886.757,281.8325,0
5672.944,326.7556,0
5977.079,368.0669,0
6042.72,433.8567,0
6239.692,386.2656,0
5458.36,237.5725,0
5923.194,360.9219,0
5785.789,292.5278,0
5718.891,264.4077,0
6012.482,375.8357,0
6165.473,313.219,0
6163.004,375.2908,0
5924.192,178.7578,0
5919.446,311.1155,0
6029.74,178.2312,0
5413.795,347.3992,0
5556.217,311.8296,0
6155.983,202.2429,0
5960.85,316.3599,0
6187.166,399.2803,0
6132.688,359.292,0
5656.523,224.8877,0
5229.992,215.1189,0
5738.221,333.3945,0
5855.739,305.8738,0
6019.449,396.2959,0
5940.982,446.8408,0
5828.073,327.3494,0
6187.977,403.3503,0
6009.79,367.1084,0
5793.083,402.5745,0
5430.175,222.8242,0
5565.78,242.4429,0
5677.981,387.9709,0
5312.855,405.6423,0
5803.549,333.667,0
5987.754,413.3455,0
6019.716,282.7476,0
5939.698,429.2778,0
5914.339,320.5764,0
5792.313,405.1965,0
6031.482,324.8552,0
5914.669,421.4072,0
5913.667,299.7441,0
6084.562,308.6309,0
5647.196,359.1304,0
5733.067,453.2898,0
5695.014,466.4753,0
5525.292,287.4177,0
5646.05,334.8315,0
5895.757,312.7712,0
6242.605,277.5688,0
6155.113,336.6418,0
6060.82,365.6753,0
5839.737,284.9038,0
5997.668,471.1523,0
5901.622,330.9219,0
6169.083,367.9827,0
5428.547,321.8389,0
6022.968,378.7158,0
5735.037,438.4387,0
6001.402,305.1194,0
5953.243,378.9521,0
5917.437,401.3169,0
5750.8,533.6023,0
5456.622,304.3047,0
5729.324,354.2813,0
6127.366,371.6238,0
5966.274,291.3154,0
5988.147,442.1106,0
5547.344,290.5068,0
6020.578,421.1768,0
6095.22,607.5566,0
5946.086,305.1826,0
5766.416,338.8298,0
5235.853,287.3081,0
5857.621,398.3613,0
5538.316,403.3123,0
6043.205,312.1362,0
5894.637,340.739,0
5941.638,233.2986,0
5428.827,297.3601,0
5987.64,316.3867,0
5814.128,338.1702,0
6137.073,473.0144,0
6063.454,428.2495,0
5986.594,390.5278,0
6020.692,251.7488,0
5950.098,358.666,0
5385.88,290.7451,0
5598.504,399.4565,0
5699.489,465.8518,0
5810.259,360.4294,0
5444.034,299.7678,0
5718.936,484.9619,0
5864.691,317.0901,0
6063.819,524.8489,0
6151.371,388.2327,0
5914.695,480.1047,0
6032.648,389.5994,0
5617.364,388.9861,0
5484.572,245.1067,0
5760.015,351.3298,0
6094.173,366.769,0
5740.648,429.3611,0
5719.71,375.2639,0
5840.4,260.3982,0
6425.826,344.1577,0
6089.695,411.3181,0
5693.126,352.7014,0
5774.5,367.2131,0
6053.81,205.1489,0
5869.692,374.2715,0
5741.568,297.2056,0
5368.334,255.8909,0
6060.234,377.95,0
5762.976,312.6277,0
5662.436,462.8159,0
5887.552,339.8481,0
6046.385,381.343,0
5520.909,299.2078,0
5635.977,293.2092,0
6007.567,284.8879,0
5763.933,307.9592,0
5521.659,264.0449,0
5764.481,334.3477,0
6070.355,326.7324,0
5330.668,395.9241,0
6216.767,267.4514,0
5998.809,458.127,0
5950.013,427.8767,0
5207.873,281.7815,0
5501.752,336.415,0
5736.05,280.4819,0
6047.152,330.7827,0
5965.518,361.1055,0
5864.925,460.3374,0
5710.886,291.3281,0
5848.335,357.5056,0
6198.538,291.2021,0
6073.306,377.2451,0
5824.968,331.7444,0
5635.917,287.5591,0
5633.855,315.8674,0
5548.936,286.2351,0
5932.736,427.3059,0
5733.839,266.8149,0
6091.449,270.5979,0
5768.667,300.7722,0
5507.62,230.0259,0
6208.874,358.875,0
5859.15,366.843,0
5657.137,443.0942,0
5741.785,401.2644,0
5837.872,297.5327,0
6164.759,342.1494,0
5819.687,350.2129,0
6020.486,353.5623,0
5918.711,394.4341,0
5506.37,358.8335,0
5865.277,466.0222,0
6138.108,412.4441,0
5999.747,402.7825,0
5673.063,356.2415,0
5808.914,424.0156,0
6158.727,414.9954,0
5939.145,395.022,0
6128.116,339.0796,0
6039.701,261.3477,0
5752.563,265.5166,0
5543.396,331.095,0
5907.099,362.3684,0
6156.855,434.2703,0
6002.24,348.2161,0
5754.812,292.5081,0
5745.678,356.7019,0
5793.361,330.6357,0
6027.723,468.4119,0
6089.278,349.2825,0
5427.859,303.8889,0
6120.62,348.2227,0
5982.705,341.3037,0
6049.665,448.5718,0
5209.15,328.4185,0
5802.758,346.5706,0
5799.869,229.0964,0
5750.513,440.4451,0
5795.702,267.4373,0
5863.585,357.7307,0
5977.434,379.0386,0
5984.964,319.5823,0
5927.233,388.9951,0
5834.484,409.6006,0
6043.743,558.7502,0
5794.119,368.9878,0
6013.66,376.3843,0
5808.186,401.5815,0
6293.853,319.6428,0
5390.373,328.405,0
6131.431,317.064,0
5880.461,356.6492,0
6142.063,230.741,0
5971.099,351.7488,0
5660.365,391.0142,0
6164.906,338.4324,0
5358.197,286.0879,0
5365.019,265.5166,0
5833.521,320.4983,0
5888.562,392.9207,0
6172.724,399.8059,0
5487.251,190.0671,0
5906.783,465.0664,0
5771.722,408.5352,0
6097.994,331.1108,0
5889.122,369.1016,0
5404.372,299.7712,0
5755.513,399.3022,0
5735.231,288.1626,0
5513.679,370.6082,0
5750.792,374.658,0
6018.874,342.1475,0
6205.875,469.5232,0
5777.872,316.2476,0
5634.02,339.8188,0
6022.884,377.5693,0
5431.76,304.8157,0
5797.642,373.0613,0
5776.26,384.7,0
6099.528,302.2222,0
6007.961,302.8845,0
5965.396,467.1487,0
5960.746,357.0913,0
6148.034,438.4924,0
6092.857,319.4595,0
5286.084,287.8142,0
5355.249,349.8303,0
6105.653,358.5649,0
6011.656,457.0444,0
5875.683,341.5486,0
5990.641,406.4619,0
5953.58,332.4871,0
5963.612,422.5449,0
5794.553,255.3352,0
5950.487,310.2104,0
5793.403,337.9092,0
5451.589,251.0847,0
6054.362,438.8083,0
5796.252,485.6121,0
5906.515,260.9812,0
5658.118,218.5168,0
6200.828,503.9932,0
5962.462,356.2329,0
5920.402,327.885,0
5955.105,370.8521,0
5988.914,461.9712,0
6236.684,300.6697,0
6065.624,483.7566,0
5908.56,412.5391,0
6120.136,333.0706,0
5731.524,300.595,0
5666.088,308.6899,0
5574.744,320.9846,0
5986.963,371.9485,0
5794.035,424.4336,0
5883.253,308.5647,0
6044.654,425.0715,0
5782.166,466.8425,0
5866.435,364.9978,0
6180.142,425.0918,0
5590.39,396.1099,0
5645.645,407.7068,0
5382.042,324.1563,0
6055.615,372.4402,0
5501.802,294.3489,0
5963.726,377.4512,0
5762.258,276.0466,0
5786.999,342.1895,0
5494.694,377.8486,0
6064.544,447.0828,0
5550.78,250.7378,0
5997.448,446.8076,0
5546.826,392.6196,0
5294.61,331.7749,0
6163.015,280.6833,0
5988.903,302.1396,0
6042.96,505.366,0
5523.886,282.2168,0
6038.276,453.5938,0
5975.734,394.321,0
6007.485,307.2849,0
6026.641,302.6445,0
5947.807,503.176,0
5928.997,358.8503,0
5790.305,462.4077,0
6001.235,321.019,0
6030.429,448.583,0
5767.777,314.7756,0
6096.394,468.8372,0
5899.864,391.2373,0
6000.404,415.3091,0
5243.541,292.2419,0
5854.61,355.3242,0
5877.925,363.6506,0
5734.548,285.4775,0
5877.286,313.1736,0
5683.125,219.769,0
5893.372,394.6367,0
5218.444,328.7109,0
5833.079,289.1096,0
5709.624,231.595,0
5903.686,119.436,0
5773.697,333.7634,0
5384.657,359.9495,0
5776.236,419.6567,0
5884.057,513.8535,0
5905.744,391.4578,0
5964.304,341.6353,0
5897.321,379.7974,0
5909.224,279.9663,0
5941.149,262.3889,0
5970.418,348.0093,0
5727.945,384.2681,0
5869.598,325.896,0
5654.657,410.3635,0
5817.974,266.8176,0
5901.837,380.9622,0
5835.792,313.53,0
5976.948,406.8296,0
5260.132,378.6902,0
5694.772,345.405,0
6138.933,349.6963,0
5983.412,269.333,0
5441.06,325.7864,0
5337.678,285.8774,0
5881.852,459.3655,0
6071.59,491.0566,0
5875.613,307.5496,0
6001.31,374.0295,0
5404.854,364.085,0
5804.536,417.23,0
5886.813,356.1553,0
5987.995,330.8726,0
5986.113,432.4324,0
5817.506,366.366,0
5746.524,339.8528,0
6290.208,426.887,0
6148.972,369.3848,0
5854.859,389.5732,0
6029.72,418.2251,0
5449.216,253.5261,0
5939.738,415.9697,0
5861.224,503.9238,0
6121.359,414.2087,0
5323.938,303.7534,0
6059.792,475.5405,0
5826.873,423.9236,0
5741.762,294.5913,0
6030.211,356.6155,0
5709.155,332.3643,0
6109.589,471.6777,0
6030.197,433.8391,0
5776.781,350.5681,0
6126.38,330.7556,0
5804.412,404.4988,0
6107.654,302.918,0
5839.304,403.8154,0
5610.14,265.8052,0
5762.696,456.978,0
6063.888,360.6738,0
6034.068,238.3447,0
5956.567,310.126,0
5916.478,367.8333,0
5831.7,330.9336,0
5901.567,275.0967,0
5928.225,326.304,0
6039.227,372.0603,0
5739.051,334.8064,0
5748.438,362.2676,0
6114.605,477.5122,0
5902.967,421.6211,0
5693.138,361.0571,0
5925.772,283.2366,0
5981.397,315.792,0
6003.986,412.3899,0
6042.333,377.1172,0
6343.437,328.4524,0
6218.715,386.7837,0
5768.691,340.8843,0
6182.955,352.4465,0
5448.249,268.2339,0
5990.212,236.7126,0
6178.932,398.9624,0
5846.912,287.8569,0
5654.296,255.1323,0
6103.69,296.6135,0
5900.104,237.7705,0
6227.11,315.6912,0
6021.165,251.7305,0
5727.738,317.9114,0
5562.846,186.6128,0
5191.167,274.1406,0
5404.71,279.6016,0
5994.895,360.9802,0
5301.659,308.9773,0
5902.82,244.4692,0
6135.98,266.5425,0
5776.36,290.9009,0
5928.397,274.6377,0
5436.686,227.8481,0
5814.92,385.3687,0
5696.563,389.9146,0
5411.217,312.6426,0
5895.236,405.4292,0
5534.546,210.6516,0
5824.046,392.7722,0
5982.675,498.3848,0
5982.899,295.26,0
5738.173,257.4216,0
5580.529,397.5713,0
5567.447,254.375,0
5182.7,371.927,0
5858.171,252.8801,0
6114.708,506.9556,0
5431.659,332.5315,0
5954.19,346.5757,0
6131.125,275.4807,0
5616.157,289.5728,0
6165.914,295.353,0
5588.451,392.1826,0
5949.707,359.4465,0
6083.404,431.3928,0
6196.945,354.5374,0
6057.606,374.9385,0
6028.575,382.2747,0
6068.749,234.6238,0
6137.745,204.3416,0
5798.453,362.0552,0
5652.296,358.615,0
6203.213,406.1299,0
5801.559,338.9456,0
6050.985,381.3252,0
6080.62,412.6458,0
6140.984,332.3298,0
5924.637,345.5371,0
6018.795,324.4048,0
5913.066,388.5586,0
6086.133,405.6687,0
5884.799,380.8691,0
5948.3,376.9307,0
5826.553,493.896,0
6117.013,412.9705,0
6014.464,245.0024,0
6135.782,326.4265,0
6072.216,397.5391,0
5996.38,430.1431,0
5377.195,278.0603,0
5343.459,289.8074,0
5204.212,284.499,0
5883.019,398.9236,0
6115.448,426.0049,0
6041.448,310.9353,0
5811.627,446.6116,0
6004.931,421.624,0
5795.063,424.5632,0
6225.966,357.5586,0
5534.593,415.842,0
5845.536,265.7585,0
6207.082,539.7263,0
6043.343,312.248,0
6151.127,326.8057,0
5927.034,474.408,0
5787.578,294.887,0
5818.339,323.0664,0
6015.032,341.0193,0
5625.057,230.7727,0
5715.636,362.9387,0
5908.291,410.7544,0
5631.995,198.5081,0
5697.309,179.0767,0
5824.637,266.2998,0
5851.907,432.1648,0
6155.742,275.5989,0
5457.164,309.9587,0
5581.391,284.905,0
6066.159,343.5884,0
5885.159,317.1006,0
6156.68,303.8521,0
5742.775,317.8813,0
6145.356,382.8938,0
5913.666,316.3118,0
7232.063,397.2983,0
5783.502,411.2544,0
5554.701,272.926,0
5965.843,245.0374,0
5936.758,442.3591,0
6114.693,380.4092,0
5825.642,294.8396,0
5999.563,413.4321,0
5451.718,241.4326,0
5574.994,328.0156,0
5658.66,376.4148,0
5464.897,315.4028,0
5539.055,287.572,0
5876.287,407.2219,0
5978.666,392.5891,0
5862.737,498.5461,0
6094.138,340.0234,0
5875.179,484.4402,0
6236.714,427.1423,0
5818.184,341.0322,0
5983.272,466.5061,0
5615.999,310.8049,0
5630.3,272.2649,0
6271.988,369.5012,0
5259.946,359.2312,0
6106.327,423.6484,0
5890.828,321.219,0
5888.937,382.5742,0
6036.744,338.8594,0
6085.074,330.8806,0
5975.885,391.2935,0
5883.167,375.092,0
6169.125,391.8357,0
5878.173,280.582,0
5906.019,314.146,0
5869.522,305.0674,0
5988.731,416.1821,0
5415.305,312.7351,0
5923.347,189.1755,0
6127.419,514.8555,0
5917.396,380.1018,0
6079.658,320.824,0
5776.918,391.6375,0
5639.633,287.616,0
5656.745,431.8914,0
5133.441,367.6243,0
5516.957,376.4092,0
5674.934,342.1501,0
5965.875,292.637,0
5930.873,310.5232,0
6003.923,389.1021,0
6024.458,420.1367,0
6102.674,445.6794,0
6058.127,388.9626,0
5708.78,332.9236,0
5677.566,294.8098,0
5790.673,330.2375,0
6078.085,315.991,0
6004.948,246.1843,0
6158.88,303.2915,0
5640.263,379.7869,0
5690.365,463.5671,0
6107.395,404.1609,0
5759.981,387.062,0
5672.421,315.0115,0
5460.452,201.1001,0
6091.395,324.3542,0
5607.188,391.9253,0
5844.816,292.8171,0
5868.184,431.5552,0
5803.565,371.7637,0
5384.782,300.0242,0
5951.228,350.8862,0
5661.099,274.0693,0
5422.217,289.4207,0
5976.197,327.9697,0
5574.755,321.311,0
5888.728,380.5513,0
5326.025,316.166,0
5643.033,455.4519,0
5639.293,339.3979,0
5901.805,313.9392,0
5933.221,389.6172,0
5978.389,357.864,0
5600.579,350.4839,0
6169.219,448.0728,0
5297.049,305.9636,0
5975.079,199.7173,0
5845.8,167.355,0
6245.925,344.7217,0
5511.53,308.479,0
5768.518,350.4692,0
5582.008,398.0615,0
6025.534,397.7175,0
5497.266,365.6133,0
5626.532,253.1362,0
5315.602,368.0803,0
5696.224,272.2747,0
5394.918,334.5479,0
5849.902,255.3762,0
5944.632,362.0652,0
5979.409,387.7832,0
5703.566,296.5256,0
6119.335,300.5671,0
5760.184,338.9961,0
5984.089,319.344,0
5951.642,435.4795,0
5291.071,241.2168,0
5726.42,225.8069,0
5903.453,286.0483,0
6175.935,289.2627,0
5894.558,503.9585,0
5605.897,228.5305,0
5680.479,332.3076,0
5594.564,316.9773,0
5817.307,414.5356,0
6144.118,443.2476,0
5395.949,347.7473,0
5721.718,362.3306,0
6122.103,243.1255,0
5858.938,371.1204,0
6195.428,377.8687,0
6158.511,261.385,0
5821.926,319.8132,0
5959.805,274.2808,0
6011.44,461.3923,0
6217.13,368.7046,0
5947.371,301.2634,0
5642.545,273.0674,0
5812.264,270.2385,0
5651.354,406.4209,0
6087.65,246.3086,0
5943.205,336.5002,0
5956.171,324.6204,0
5650.661,321.4414,0
5640.261,268.2559,0
5678.522,290.804,0
5912.304,361.1414,0
5651.848,337.7583,0
5299.491,301.7112,0
5496.986,292.207,0
6042.512,359.3132,0
5418.244,361.1641,0
5724.651,390.6277,0
5950.904,332.2434,0
5762.5,332.4907,0
5723.927,469.5469,0
5807.119,376.5935,0
5933.619,406.9138,0
5882.538,368.1133,0
5608.755,258.6646,0
5871.511,419.0857,0
6251.823,428.6985,0
5822.723,439.801,0
5966.337,247.6211,0
6019.235,499.4033,0
5882.605,385.2324,0
5918.833,390.4355,0
5891.37,444.2261,0
5681.151,348.9624,0
6301.163,318.9761,0
5987.108,263.3152,0
6005.156,361.5618,0
6059.684,389.7595,0
5753.484,309.9709,0
5997.607,348.3237,0
6033.508,344.9709,0
5851.354,466.0144,0
5953.127,295.9702,0
6056.422,288.2617,0
5768.947,296.6482,0
5862.247,360.9812,0
5956.042,304.1765,0
5418.132,318.8242,0
5284.34,266.7832,0
5826.187,319.7395,0
6139.146,244.1956,0
5885.736,433.5435,0
5673.356,349.3796,0
5850.667,287.3567,0
5937.891,288.908,0
5688.912,291.6008,0
6021.78,377.0789,0
5661.157,324.0405,0
5954.051,320.4236,0
6116.929,389.2637,0
5531.222,311.7236,0
5569.658,387.8416,0
5665.989,340.2646,0
5969.942,295.6748,0
6021.332,239.05,0
5955.704,413.3777,0
6332.371,307.4702,0
5874.307,397.2146,0
5926.913,346.5542,0
5845.327,275.886,0
5938.527,370.0847,0
5869.387,415.7244,0
5790.277,409.7061,0
5943.034,303.2925,0
5934.023,290.7656,0
5889.198,350.842,0
6001.434,306.0771,0
5888.495,329.4121,0
6240.371,261.9463,0
5854.994,522.3462,0
6008.136,326.7019,0
5733.833,196.0427,0
5773.79,274.5771,0
6032.639,199.4021,0
6049.313,221.8271,0
5907.713,475.0142,0
6042.801,270.9268,0
5845.086,279.3198,0
5931.072,399.4143,0
5964.323,473.8816,0
5987.486,356.3694,0
5713.256,327.2075,0
5499.094,352.9744,0
5881.78,339.4849,0
6015.047,402.0085,0
6100.278,283.134,0
6162.854,310.283,0
5600.696,340.7224,0
5984.042,466.1584,0
5808.427,329.5454,0
5375.031,231.3027,0
5695.715,357.2268,0
5823.377,294.6067,0
5870.702,523.2708,0
5680.557,345.498,0
5984.964,359.8328,0
5640.244,350.6111,0
6044.637,432.8977,0
5573.078,351.1902,0
5984.889,311.0049,0
6143.568,263.3193,0
5869.309,308.0574,0
5757.565,346.2339,0
5884.434,332.2673,0
6013.255,456.2676,0
5801.333,361.4829,0
5835.878,320.9285,0
5800.014,301.7881,0
6108.917,230.6106,0
5931.796,517.4387,0
6063.219,357.6606,0
5789.067,312.9099,0
5940.411,423.3374,0
5891.078,369.1702,0
5660.577,324.1831,0
5864.177,270.3599,0
5864.608,405.8469,0
5903.609,408.1243,0
5801.131,371.2576,0
6347.276,327.2954,0
6019.225,314.8298,0
5707.236,414.6416,0
5874.972,290.8909,0
5503.762,294.7886,0
5557.133,244.3098,0
5854.892,392.8308,0
5842.467,284.738,0
5483.274,459.6709,0
6016.129,396.9241,0
5885.777,275.363,0
5434.54,279.4631,0
5662.861,351.6853,0
6068.328,329.8081,0
5418.902,293.6868,0
6148.594,399.3354,0
5865.8,338.8516,0
6125.811,411.2332,0
5641.661,306.198,0
5954.091,337.3511,0
5485.134,318.3577,0
5864.259,329.0608,0
5539.499,282.9221,0
6125.726,346.8372,0
6073.889,410.7883,0
5673.665,340.0142,0
5718.637,314.2517,0
5859.823,450.926,0
5709.938,354.5869,0
5874.396,458.9824,0
5909.538,513.8979,0
6090.951,465.5759,0
5212.06,422.2964,0
6006.829,443.0898,0
5190.495,295.6338,0
5800.215,311.0664,0
5863.518,266.7351,0
6050.163,333.1489,0
5955.936,492.2512,0
6174.744,495.2012,0
5566.884,249.573,0
5926.503,396.9097,0
6050.798,458.6201,0
5910.752,305.1953,0
5829.738,414.3025,0
6083.327,345.7603,0
5549.522,300.824,0
5371.512,306.2234,0
5445.692,284.9421,0
6055.384,332.3857,0
5354.502,262.373,0
5741.795,257.71,0
6277.219,472.2896,0
5927.391,482.6265,0
5950.254,396.3464,0
6017.408,396.7722,0
5477.004,468.0671,0
5684.018,400.9221,0
6050.416,370.176,0
5892.853,347.3333,0
5760.016,290.8755,0
5832.327,402.9604,0
5639.974,304.4199,0
5457.555,217.6946,0
5770.977,274.7756,0
5824.179,306.7642,0
5790.928,335.0002,0
5989.366,394.0347,0
5380.572,436.4351,0
5724.327,308.2053,0
6202.008,394.186,0
6033.132,429.335,0
5647.398,280.2292,0
5691.882,400.5188,0
5890.047,340.8098,0
6075.527,385.3408,0
5256.521,273.9822,0
5970.711,262.9517,0
5922.879,502.5288,0
5496.584,401.5347,0
5768.681,326.6594,0
5602.918,329.2666,0
5774.807,389.5752,0
5479.5,163.551,0
5712.675,253.1895,0
6072.05,359.9248,0
5736.127,432.5339,0
6045.043,370.7017,0
5905.592,305.929,0
6002.94,370.6655,0
5311.475,205.4143,0
5877.379,412.6082,0
5738.345,485.5752,0
5578.639,451.6978,0
5802.981,331.6125,0
5919.177,338.2021,0
5441.153,181.3052,0
6035.437,375.3477,0
5920.311,369.1113,0
5427.645,294.5784,0
5996.49,368.3599,0
5828.873,313.3506,0
5575.03,273.8752,0
5327.363,139.6406,0
5794.063,281.6055,0
5722.086,362.9629,0
5803.346,326.1199,0
5697.755,201.8296,0
5983.28,356.677,0
5776.14,399.875,0
5743.104,377.0894,0
5397.161,308.1814,0
5738.869,467.0952,0
5608.386,335.1431,0
5706.223,347.02,0
5693.407,341.1182,0
5753.837,427.4575,0
5461.505,196.4443,0
5788.247,367.2173,0
5633.348,464.4602,0
5875.504,427.053,0
5558.325,334.123,0
5664.26,410.2559,0
6100.296,400.0437,0
5415.304,324.2319,0
5512.213,359.7874,0
6053.555,423.5325,0
5846.745,514.5693,0
5737.361,486.7095,0
5543.764,384.7964,0
6176.228,280.6069,0
5275.574,295.5195,0
5274.5,345.2468,0
5945.088,327.0723,0
6176.792,241.4644,0
5796.846,360.9924,0
5910.546,386.7595,0
5785.96,547.6736,0
5802.752,308.7202,0
5555.555,224.811,0
5698.209,337.6536,0
5616.076,325.7324,0
5311.234,277.5823,0
5765.664,353.3718,0
5691.71,308.4548,0
5917.999,363.0598,0
6092.847,384.9275,0
5871.53,435.5186,0
5602.36,354.4402,0
5580.938,351.8464,0
6081.792,358.7231,0
5899.429,427.906,0
5628.416,314.8127,0
6076.958,441.801,0
5824.554,324.8804,0
5729.819,419.3137,0
5727.636,417.3274,0
6019.728,334.499,0
5399.781,331.4463,0
5667.598,349.3826,0
5782.982,453.9058,0
5747.518,366.5127,0
5670.326,298.7195,0
5871.939,376.6165,0
6000.81,519.9736,0
5978.733,428.1047,0
6071.794,417.8474,0
6193.551,368.0537,0
5709.147,464.458,0
6065.423,381.2114,0
5388.589,357.6365,0
5730.592,315.9136,0
5799.178,278.9167,0
5824.828,408.157,0
6010.13,547.1555,0
6178.423,266.3308,0
5751.176,365.384,0
5510.71,345.0632,0
5865.917,444.8176,0
6077.269,337.1138,0
5692.138,347.2126,0
5872.809,405.8794,0
6085.003,486.1099,0
5969.142,495.6277,0
5298.574,337.2065,0
5651.432,301.2869,0
5831.648,346.792,0
6102.013,323.8611,0
5860.162,401.1917,0
5718.915,368.9487,0
6061.77,327.2148,0
5736.893,325.0393,0
5752.289,382.4395,0
5937.826,361.489,0
5304.786,349.0293,0
6097.839,257.6748,0
5863.93,417.1489,0
5958.151,435.2959,0
5878.046,236.157,0
5743.965,365.3413,0
5682.543,401.7678,0
6293.833,430.3145,0
5943.069,383.2986,0
5776.122,363.8103,0
5861.271,201.5071,0
5785.31,349.6338,0
5954.055,469.0269,0
6202.565,373.6299,0
6042.874,406.2598,0
5975.486,310.4224,0
5941.695,446.9255,0
5923.427,334.9927,0
5652.965,259.9863,0
5578.153,311.5146,0
5697.84,298.4556,0
5774.145,362.3933,0
5640.281,349.7461,0
5872.057,302.4612,0
5819.176,407.439,0
5866.885,299.7305,0
5667.866,265.8723,0
5925.547,316.4575,0
5691.007,304.106,0
5699.173,362.5171,0
5451.375,175.5793,0
5947.275,393.9612,0
5772.879,371.009,0
5564.445,269.9763,0
5971.526,325.3098,0
6302.386,6313.0,
5832.503,358.2856,0
6027.749,367.478,0
6150.273,418.1687,0
6043.067,301.5405,0
5926.472,414.05,0
5925.56,260.376,0
6949.122,453.9768,0
6070.833,281.7734,0
5999.232,435.2212,0
5858.157,338.6196,0
6158.648,455.1379,0
6153.879,329.4187,0
6030.752,500.021,0
6036.217,349.0972,0
5822.62,301.2146,0
5926.009,306.0559,0
6174.926,411.1599,0
6079.978,228.4404,0
6136.714,314.6843,0
5930.313,306.0471,0
5852.986,371.3638,0
5837.429,358.1235,0
5830.625,427.8582,0
5794.574,539.5398,0
5595.839,285.6926,0
5838.906,269.6174,0
5726.243,425.0532,0
5619.242,384.7444,0
5780.236,294.1814,0
6106.386,379.9802,0
5597.73,284.7971,0
6004.811,382.8206,0
5751.166,348.5447,0
5785.798,368.4277,0
5507.677,402.7769,0
5907.672,456.3965,0
5955.978,397.8516,0
5899.374,350.5039,0
5302.953,228.4568,0
5553.356,369.5933,0
5988.689,256.4634,0
5919.021,323.8967,0
5980.283,300.6394,0
5705.838,368.4802,0
5969.096,460.9456,0
5916.284,239.4429,0
5904.98,333.697,0
5877.133,281.7227,0
5299.958,271.7058,0
5426.052,247.5647,0
5598.83,301.7231,0
5818.005,269.2629,0
6114.048,352.1506,0
5726.719,322.9802,0
6134.116,436.3865,0
6134.942,346.2969,0
5950.476,352.8354,0
5615.711,172.8872,0
5293.696,196.1763,0
5630.342,198.9446,0
6030.916,374.6577,0
5944.344,369.2708,0
5454.101,235.5166,0
5957.495,277.3455,0
5881.124,384.9468,0
5797.164,461.5872,0
5882.472,283.9146,0
5932.055,378.9163,0
5968.201,324.0852,0
6070.777,462.3464,0
6113.326,345.1753,0
5876.229,314.4072,0
5748.303,563.1252,0
5930.132,303.5012,0
6037.874,376.4812,0
5658.329,303.7026,0
5970.569,332.6951,0
5836.515,382.5376,0
5915.08,426.5244,0
6031.282,419.9438,0
5953.336,338.252,0
6184.882,368.6243,0
5207.733,362.1492,0
5797.849,350.7842,0
5827.737,296.5,0
5813.4,437.332,0
6148.555,282.5652,0
5944.331,467.0508,0
5172.426,359.0254,0
5905.183,309.4568,0
6008.878,408.0139,0
5938.039,500.9788,0
5959.653,350.5427,0
5854.673,381.8276,0
5783.829,387.2024,0
5806.589,368.3203,0
5921.999,501.6826,0
5901.624,501.5889,0
5726.167,405.032,0
6126.745,387.0605,0
6019.733,320.4116,0
6256.102,240.084,0
5590.575,267.8936,0
5832.678,374.2769,0
5851.375,364.0417,0
5571.796,401.4912,0
5839.859,282.3323,0
5890.036,267.8303,0
6030.796,256.5906,0
5294.518,244.5662,0
5995.572,370.8579,0
5971.336,314.1523,0
5486.293,208.6101,0
5702.831,276.7,0
5889.108,318.3291,0
5763.738,460.0337,0
5651.979,352.6563,0
5787.043,339.2405,0
5938.709,459.0649,0
5884.686,445.9077,0
5948.64,322.6531,0
6023.748,310.0332,0
6026.191,270.0544,0
6135.465,381.4451,0
5737.125,388.8845,0
6096.623,338.4939,0
5381.952,272.0198,0
5973.817,219.9885,0
6163.128,415.5649,0
5503.232,327.5054,0
5789.63,345.2813,0
5961.543,400.1008,0
6141.749,381.9844,0
5862.354,399.1062,0
5990.812,459.0903,0
6086.165,331.3994,0
5973.569,352.8484,0
5939.861,343.9785,0
6012.345,397.8694,0
5933.986,373.2524,0
5979.149,326.9258,0
5699.355,351.7908,0
5699.934,267.2874,0
5353.048,260.4238,0
5767.498,298.5059,0
5812.741,281.1563,0
6255.5,358.9587,0
5859.197,329.7825,0
5905.577,368.8516,0
5962.637,343.6511,0
5891.243,385.3809,0
6216.49,357.3811,0
6075.39,305.3491,0
5987.769,485.2004,0
5678.743,330.7903,0
5978.004,286.9792,0
5869.03,376.9438,0
5763.531,254.3193,0
5919.583,392.3289,0
5875.35,236.9834,0
6071.245,253.4678,0
5900.463,394.2173,0
5821.247,368.0366,0
5625.14,216.645,0
6052.432,244.6018,0
5929.202,289.9353,0
5848.742,228.344,0
5445.825,277.6799,0
5882.682,285.3279,0
5473.506,263.5398,0
5752.87,252.6736,0
6148.062,443.1501,0
5729.103,313.2073,0
6018.313,381.3733,0
6013.263,391.3208,0
6124.77,328.9775,0
5596.271,466.6499,0
6216.092,265.1987,0
5525.15,339.9968,0
5910.944,310.4063,0
5655.3,378.302,0
5962.234,309.9163,0
5881.465,344.5203,0
5877.304,368.5222,0
5830.456,332.6362,0
5971.943,438.5874,0
5944.862,409.9929,0
6074.68,411.209,0
5835.275,314.7505,0
5766.784,367.3892,0
5969.685,397.4783,0
6150.636,380.4502,0
5981.466,308.6716,0
6242.046,282.9512,0
5826.202,285.7908,0
5895.68,407.6626,0
6114.01,382.2161,0
5701.036,353.865,0
5939.883,318.1438,0
5952.612,280.5994,0
5919.431,213.4031,0
6173.48,381.3042,0
6018.8,309.1038,0
5450.269,256.6223,0
5908.261,317.3032,0
5805.371,300.5203,0
5959.737,338.2852,0
6202.043,389.1697,0
6192.953,362.2539,0
5875.157,316.5598,0
5897.916,348.0715,0
6258.873,399.0193,0
6008.926,378.9309,0
5854.081,399.2993,0
5954.735,394.2419,0
6003.122,298.8318,0
5962.998,311.7747,0
5803.84,225.8228,0
5937.697,341.1704,0
6077.101,408.802,0
6020.52,430.7617,0
5976.523,480.8638,0
5802.021,304.7561,0
5958.575,291.3469,0
5893.328,375.4558,0
6115.344,392.7021,0
5685.994,399.9954,0
5927.436,344.8081,0
6147.516,406.748,0
5450.26,299.2385,0
5899.353,428.948,0
5219.643,294.8567,0
5744.054,458.51,0
6131.387,322.5381,0
6021.086,504.7236,0
5938.04,447.7925,0
6123.764,397.418,0
5990.323,383.8569,0
5898.576,433.2234,0
5717.893,376.9236,0
5717.549,347.1797,0
5811.716,271.1594,0
6078.427,446.1064,0
5844.508,406.9517,0
5811.387,359.1267,0
5941.251,453.6841,0
5806.565,329.3557,0
5894.195,358.3291,0
5907.027,262.1484,0
6024.491,302.7671,0
5753.095,324.1287,0
6143.236,370.7136,0
5753.191,389.3762,0
5480.098,253.0847,0
5840.807,344.3752,0
5659.685,409.2544,0
6093.373,295.4443,0
6056.563,318.9873,0
5804.959,347.624,0
6162.407,251.0581,0
5627.7,383.8789,0
5561.072,299.5454,0
5676.433,332.3591,0
5944.075,243.1826,0
6031.369,297.061,0
6062.035,241.262,0
5769.737,356.5728,0
5874.041,258.4888,0
5868.645,151.2761,0
5708.11,313.7161,0
6075.72,346.9275,0
5702.247,359.4753,0
5880.922,294.176,0
5749.938,352.2634,0
5476.001,355.3679,0
5875.303,314.5955,0
6070.482,449.5713,0
5916.114,360.5352,0
5484.808,310.3589,0
5851.278,485.2915,0
5776.452,344.8816,0
5997.928,444.5481,0
6099.273,362.3267,0
5850.709,325.6138,0
5845.746,320.8557,0
5937.561,395.4961,0
5704.372,340.782,0
5847.464,331.9265,0
5816.235,417.283,0
5514.411,329.0339,0
5799.273,375.3506,0
6036.181,422.4834,0
5941.395,385.8335,0
5673.537,367.4924,0
6062.708,378.6274,0
5694.853,350.3738,0
5904.397,461.9124,0
5190.916,313.2742,0
5722.616,325.8052,0
5789.697,344.3809,0
5927.106,298.9363,0
5947.538,330.8635,0
6060.21,382.2046,0
5471.322,265.1917,0
5970.807,266.915,0
5874.212,432.4919,0
6075.387,320.0623,0
5895.103,277.2805,0
6060.71,345.5654,0
5958.333,352.0554,0
5758.576,461.7737,0
5621.181,212.123,0
5786.968,301.761,0
5761.337,356.6465,0
5776.68,389.2271,0
5917.742,325.7368,0
5851.766,293.4885,0
5415.753,270.1462,0
6140.326,392.7712,0
5794.396,265.6926,0
5783.602,430.9854,0
5727.615,366.3459,0
5825.886,317.9124,0
6102.23,347.5593,0
6248.166,328.1428,0
5839.903,420.1963,0
6078.083,281.1147,0
5422.684,289.3289,0
6039.28,285.666,0
5932.525,298.2122,0
6012.965,396.0547,0
6009.197,376.3381,0
5909.656,312.8667,0
5608.672,310.9312,0
5852.422,341.332,0
5823.953,455.3564,0
6048.787,534.6538,0
5881.887,372.0222,0
5898.104,402.4402,0
5630.24,242.7009,0
6264.261,414.8652,0
6004.191,225.7139,0
5825.607,348.4443,0
5942.79,353.4736,0
5830.612,299.5071,0
6064.264,403.1523,0
5831.657,279.9788,0
5866.206,338.0212,0
5959.776,463.0535,0
5508.738,409.0564,0
5861.703,339.6223,0
6062.939,408.0461,0
6183.538,344.1311,0
6064.815,414.1809,0
5864.358,323.1672,0
6002.483,328.7358,0
5810.866,319.7905,0
5931.221,335.0752,0
5555.876,281.8369,0
5903.115,241.2512,0
5811.818,424.3232,0
6008.206,520.7673,0
5803.404,351.1648,0
5732.648,412.2754,0
5943.611,240.0059,0
5884.354,517.4827,0
6075.99,264.1343,0
5233.323,243.4063,0
5904.118,327.4133,0
5938.978,296.9087,0
5471.715,284.5352,0
5853.035,458.8674,0
5977.018,249.4373,0
5542.293,412.6338,0
5926.258,398.9202,0
5911.5,415.9221,0
5880.911,306.9958,0
6253.284,425.6006,0
6066.564,358.4138,0
5999.682,425.5393,0
5704.126,411.8955,0
5728.156,376.187,0
5807.739,442.3333,0
5436.304,249.3303,0
5833.67,336.5952,0
5841.755,289.8958,0
5774.065,351.791,0
5595.431,399.0698,0
5865.576,426.9275,0
5832.992,354.7239,0
5975.138,276.5901,0
5919.206,371.2454,0
5881.981,238.2366,0
5963.666,410.7017,0
5833.919,350.8289,0
6157.649,251.3474,0
5403.85,255.6465,0
5887.44,398.1555,0
6054.628,398.8862,0
5939.915,266.0842,0
6163.75,418.0962,0
6052.717,296.1799,0
5986.026,341.9551,0
5917.699,455.9084,0
6005.186,298.9321,0
5914.649,340.3582,0
5243.21,242.8083,0
5292.249,356.6836,0
6049.43,288.9578,0
5950.659,251.1897,0
5724.808,410.624,0
5814.475,300.5808,0
5502.49,288.3843,0
5779.301,402.678,0
5962.054,187.5874,0
5660.193,291.2268,0
5991.2,244.6038,0
5978.91,370.1641,0
6051.066,517.9399,0
5471.786,254.7922,0
5918.027,323.6616,0
5945.693,388.4451,0
5783.666,303.6099,0
6113.792,365.5513,0
5476.631,290.8496,0
5668.266,283.7749,0
5773.515,322.7791,0
5746.292,376.4065,0
5575.665,339.1594,0
6030.846,370.9863,0
5900.85,413.0869,0
5922.02,399.8787,0
5728.816,419.0679,0
5933.156,348.5886,0
6006.299,385.5776,0
5788.922,284.3457,0
5847.834,249.6958,0
6131.273,378.7683,0
5819.791,373.1521,0
6019.819,404.1719,0
5810.389,296.5535,0
5942.264,378.0042,0
5597.558,342.8645,0
5793.725,322.9158,0
5916.096,274.781,0
5556.986,300.4954,0
5940.161,284.5483,0
6080.7,441.5598,0
5726.9,411.8765,0
6005.289,273.2073,0
5921.307,355.9822,0
5882.111,323.5886,0
5779.265,380.2878,0
5998.605,371.9321,0
5776.777,488.0625,0
6040.094,485.469,0
5625.138,314.4653,0
5620.193,225.6521,0
5907.624,300.8118,0
5755.156,312.6135,0
5997.578,353.917,0
6069.186,389.739,0
5778.759,372.0425,0
5718.774,420.8831,0
5691.934,463.4519,0
5533.743,251.0259,0
6197.921,316.2305,0
5700.337,380.4111,0
5948.881,358.3223,0
6012.012,420.9253,0
5614.142,301.1697,0
6067.199,434.0564,0
6112.462,398.0071,0
5993.958,380.0103,0
5965.716,305.8257,0
5882.559,420.2434,0
6126.509,401.449,0
6190.029,436.1956,0
6023.188,345.2712,0
5696.056,288.5056,0
5867.023,487.0518,0
5769.675,442.5332,0
5948.709,274.7898,0
6063.506,365.645,0
5921.835,338.053,0
5839.265,289.0789,0
5793.804,267.1421,0
6048.239,377.0088,0
5811.441,410.5186,0
5695.778,216.6416,0
6114.123,402.76,0
5568.998,264.9727,0
6041.525,461.9819,0
6029.533,350.5383,0
5745.43,334.8325,0
5975.185,431.0205,0
5903.812,392.1497,0
5232.875,246.3748,0
5671.063,371.1367,0
5897.479,319.792,0
6320.906,430.0942,0
5879.322,314.564,0
6190.664,445.1602,0
5896.082,474.1851,0
5501.496,326.0962,0
5913.399,205.6028,0
6013.866,398.5481,0
6311.715,349.405,0
5857.928,396.3799,0
5980.279,356.6475,0
5636.314,310.7764,0
5654.396,305.1965,0
5900.185,312.3625,0
5740.153,355.1853,0
5585.791,327.4529,0
5956.572,329.9326,0
5898.887,439.2722,0
5945.127,351.6611,0
5943.51,354.199,0
5434.855,349.7529,0
5866.994,505.8411,0
5924.122,259.9187,0
5506.627,212.3604,0
5262.838,225.092,0
5906.956,395.3323,0
6164.15,475.6453,0
5950.065,357.8176,0
6063.947,443.8723,0
5716.87,322.5608,0
6016.346,343.5823,0
5707.578,357.7708,0
5508.774,319.9478,0
5458.595,264.9846,0
5920.954,292.1282,0
5921.399,416.8489,0
5847.111,311.8369,0
5733.148,413.3452,0
5485.625,200.571,0
5569.966,312.9932,0
5723.025,423.0332,0
5958.531,438.2605,0
5680.571,444.3835,0
6024.625,327.8411,0
5717.355,461.793,0
5861.963,372.2158,0
6208.134,370.0005,0
5786.311,354.9883,0
6000.921,302.3948,0
5579.309,239.6113,0
6123.356,316.2563,0
6094.623,269.064,0
6234.351,197.0156,0
5836.032,415.0208,0
5589.021,293.7766,0
5283.684,281.812,0
5937.254,387.5283,0
5707.095,301.9119,0
5788.464,406.0396,0
5937.587,433.5925,0
5917.904,349.9141,0
5899.226,432.7156,0
5648.961,352.4072,0
5862.462,314.3545,0
5884.092,448.4514,0
5710.498,292.1907,0
5602.627,345.7825,0
5926.638,388.5559,0
5942.334,436.3083,0
5630.842,252.6707,0
5845.854,331.5291,0
5714.666,419.1816,0
5870.073,340.9609,0
6104.076,250.6458,0
5663.486,422.2981,0
6072.206,372.8042,0
6170.207,409.5005,0
5933.37,351.9756,0
6123.211,256.2373,0
5904.282,279.1262,0
5772.301,274.262,0
5939.394,403.0723,0
5214.067,328.8801,0
5887.418,402.0657,0
5756.522,407.0598,0
6312.62,356.5891,0
6067.867,350.1545,0
5925.479,370.2483,0
5919.436,230.8169,0
5942.054,375.1235,0
5949.636,415.6782,0
5236.496,268.1091,0
5732.599,205.6633,0
5975.415,315.4534,0
5855.557,353.5493,0
5575.764,425.9568,0
6179.508,217.5815,0
6150.071,458.4231,0
5970.842,422.3635,0
5924.544,386.6042,0
5658.638,353.9414,0
6022.744,347.6399,0
5777.722,309.78,0
5986.393,376.1687,0
5674.259,498.2646,0
5853.693,302.2144,0
6028.716,430.0249,0
6016.593,355.7588,0
6054.917,362.0168,0
5960.332,433.7581,0
5378.202,397.2954,0
5548.905,299.2549,0
5989.491,365.4639,0
6308.303,291.3611,0
5984.238,287.1899,0
5950.187,503.1426,0
5271.538,225.6526,0
5444.12,272.1941,0
5555.494,285.0005,0
5545.297,381.1909,0
5991.681,318.9885,0
5840.686,288.2212,0
5492.586,300.2583,0
5968.871,513.7998,0
5508.652,273.2234,0
5555.535,279.4597,0
5203.544,273.2532,0
5724.625,357.1772,0
5717.717,237.5884,0
5505.908,271.5588,0
5539.714,410.2021,0
5810.928,421.8904,0
6180.545,401.1528,0
5387.581,423.6768,0
6056.101,366.3655,0
6109.18,379.3633,0
5741.8,359.5452,0
5375.559,330.3762,0
5647.96,384.9917,0
5810.612,426.709,0
5835.945,395.7817,0
5499.409,381.2952,0
5941.438,382.9517,0
5856.593,430.6716,0
5936.076,333.2969,0
6026.109,409.9456,0
5896.445,343.7,0
5976.75,396.98,0
5920.995,380.3477,0
5322.328,371.7888,0
5712.792,383.6658,0
6030.13,386.1836,0
5978.945,434.4607,0
5913.112,348.1882,0
5343.739,381.3201,0
6159.233,426.8579,0
5951.245,300.6453,0
5560.854,166.7454,0
5937.4,450.0693,0
5982.068,393.5032,0
5328.212,276.1821,0
5556.414,251.457,0
6079.46,364.459,0
6011.569,359.272,0
5698.269,397.2927,0
5606.653,155.7571,0
6238.162,317.3379,0
5615.798,385.449,0
5791.027,301.2407,0
5663.918,311.7571,0
5916.487,367.7957,0
5321.62,278.1431,0
6085.839,246.5046,0
5790.111,349.0115,0
5883.889,335.3171,0
5704.019,384.6855,0
5840.763,389.5552,0
5888.783,344.5576,0
5720.406,305.7954,0
5621.645,343.5576,0
6019.742,307.9832,0
5876.36,356.8782,0
5930.503,344.3269,0
5324.376,271.7939,0
5353.855,299.5356,0
6046.536,419.5935,0
5789.579,508.3328,0
5738.68,388.6348,0
5601.902,366.53,0
5562.06,285.7896,0
5493.264,331.2085,0
5225.251,299.6921,0
5945.592,291.0681,0
5738.65,501.5269,0
5880.436,389.9958,0
6064.317,360.4597,0
5907.727,355.3281,0
5500.138,297.2549,0
5839.587,540.1973,0
5133.426,330.5164,0
5849.658,440.9243,0
5985.87,390.5981,0
5864.512,302.8289,0
5383.861,292.4404,0
5744.128,394.7705,0
5885.917,415.7886,0
5988.676,363.6335,0
5907.679,490.3462,0
5987.216,358.5701,0
5732.169,339.5671,0
5580.768,224.8499,0
5894.912,429.6152,0
6088.697,377.9434,0
5835.839,352.2788,0
6135.664,334.8955,0
5324.976,222.9756,0
5252.683,312.8684,0
5306.98,231.5244,0
6042.537,361.4827,0
5976.063,355.5061,0
5689.929,338.1838,0
5915.547,285.5913,0
5257.633,267.5854,0
6083.638,219.0527,0
6097.843,269.938,0
5874.997,471.5234,0
5481.209,347.5972,0
5566.806,242.6816,0
6108.656,433.3069,0
5544.347,256.8118,0
5883.793,455.9817,0
5564.903,284.1001,0
5517.97,249.1194,0
5961.551,230.3728,0
5776.264,309.6052,0
5794.832,279.2917,0
5989.869,349.5947,0
5714.127,251.3123,0
5166.36,301.6824,0
6017.519,369.3716,0
5971.28,434.1404,0
6096.499,370.1594,0
5830.842,383.635,0
5851.261,354.0916,0
5795.855,375.9902,0
5533.984,246.7559,0
5663.519,417.3518,0
5800.94,501.1775,0
5500.375,302.6091,0
5635.92,321.1926,0
6106.317,379.5867,0
6105.905,394.5659,0
5886.458,349.0212,0
5747.418,346.1565,0
5783.982,426.697,0
5650.267,316.4126,0
5866.565,342.7888,0
5795.898,261.4995,0
5864.026,333.0012,0
5302.348,229.7507,0
5954.355,413.5059,0
5846.781,377.2871,0
5865.37,336.092,0
5919.925,452.8113,0
5854.576,326.2458,0
5927.111,317.9258,0
5983.124,330.5247,0
5876.84,383.6501,0
5908.634,401.9082,0
5975.306,401.782,0
5897.335,387.5984,0
6095.109,366.3169,0
6029.019,334.4585,0
6031.738,369.2424,0
5718.687,441.459,0
5690.379,374.8364,0
5949.215,322.1616,0
5247.345,266.311,0
5742.411,393.5718,0
5883.722,398.2456,0
5822.736,526.9231,0
5572.041,342.6831,0
5980.426,463.1606,0
5830.027,352.0642,0
6123.764,405.4946,0
5950.077,402.1729,0
6043.572,453.3186,0
5813.465,337.0588,0
6007.074,383.408,0
5456.578,354.0967,0
5730.108,352.5691,0
5955.173,431.6565,0
5793.949,319.9934,0
6088.771,360.2126,0
5476.316,399.6785,0
5513.553,230.3008,0
5839.579,257.009,0
6047.419,381.4897,0
5362.635,302.7158,0
5911.797,354.3684,0
5982.201,361.4202,0
5977.239,332.2964,0
5800.691,428.6628,0
6002.873,368.7751,0
5396.124,301.6399,0
5963.425,411.1169,0
5956.752,220.6753,0
6030.201,356.0046,0
5742.004,357.1987,0
6084.421,370.062,0
5684.091,316.6865,0
5323.563,456.8533,0
5890.524,394.9175,0
5606.444,292.2688,0
5820.17,368.6426,0
5824.576,377.833,0
5933.88,368.6951,0
5777.119,324.4915,0
5931.462,320.217,0
5372.845,251.2295,0
5819.134,292.6392,0
5864.76,405.8894,0
5630.512,211.2053,0
5882.59,283.5679,0
5624.877,333.0894,0
5877.977,345.2961,0
6011.145,422.7996,0
5755.71,314.0662,0
6011.02,304.3713,0
5808.725,374.9822,0
6065.954,298.3579,0
6067.138,276.4688,0
5892.887,436.6294,0
5779.78,368.353,0
5704.136,337.4395,0
5970.774,475.667,0
5999.804,368.5393,0
6044.511,419.1567,0
5976.355,288.8777,0
5814.648,493.8296,0
5875.129,289.0959,0
6225.86,359.7922,0
5416.516,316.3394,0
5900.749,237.9255,0
5800.217,368.1233,0
6024.483,372.0366,0
6069.619,263.4949,0
5413.158,346.8262,0
5068.598,185.0969,0
5350.821,280.9622,0
5817.39,259.9844,0
5924.37,407.6084,0
5325.404,358.6797,0
5626.806,293.1321,0
5550.574,242.1033,0
5509.119,330.3999,0
5844.045,286.2649,0
5666.292,364.1895,0
5963.335,471.0652,0
5864.429,435.1541,0
5771.246,418.8015,0
5528.469,258.3792,0
5862.526,361.752,0
5705.466,303.9241,0
5794.472,351.6384,0
5995.826,388.9026,0
5681.234,338.0613,0
5720.067,372.4473,0
5796.913,435.2905,0
5843.454,323.5374,0
6250.073,430.7383,0
5531.115,345.748,0
5849.655,385.897,0
5517.126,373.2146,0
5998.799,301.2043,0
6010.06,367.6389,0
5839.369,339.854,0
5517.209,372.7791,0
5783.236,383.1965,0
5799.784,243.6055,0
5946.573,343.4927,0
5751.043,318.4377,0
5774.852,448.6582,0
5357.666,510.1284,0
5934.899,401.0283,0
5288.354,335.385,0
5853.38,336.7356,0
5981.041,353.4636,0
5812.628,410.2449,0
5325.797,404.1384,0
6026.464,345.321,0
5893.021,458.5398,0
5789.337,324.4438,0
5624.398,356.8516,0
5772.641,187.9014,0
5779.41,386.9468,0
5845.661,336.9932,0
5971.836,415.4915,0
5753.314,429.2681,0
6061.755,400.6428,0
5980.058,435.0671,0
5872.928,330.8708,0
5998.564,309.2593,0
6067.651,339.564,0
5887.775,389.2944,0
5810.381,408.5686,0
6145.818,349.6221,0
6027.107,503.0518,0
6074.705,311.2708,0
5910.261,274.7024,0
5893.076,332.9934,0
5755.729,300.9753,0
5882.346,308.5061,0
5810.85,376.9722,0
6066.962,364.5149,0
5898.959,330.3447,0
6174.983,243.2502,0
5927.029,349.697,0
5928.039,235.1812,0
5843.746,399.3337,0
5986.276,335.9126,0
5482.267,370.269,0
5999.142,300.6497,0
5902.874,291.0374,0
5861.587,190.3318,0
5927.166,336.0107,0
6086.401,300.115,0
5837.174,464.7407,0
5915.629,278.0815,0
6023.423,369.9924,0
5796.115,415.4858,0
5919.263,445.5562,0
5910.888,381.7373,0
6010.057,370.1536,0
5999.567,361.7302,0
5740.851,368.4001,0
5538.428,376.8723,0
5474.09,271.9092,0
5794.432,316.9634,0
5332.302,381.6487,0
6007.939,243.9773,0
5892.944,415.1289,0
6112.347,503.7275,0
5865.436,343.7112,0
5544.372,216.4153,0
5957.86,423.1807,0
5868.555,334.2227,0
5764.296,456.0518,0
6120.417,381.5356,0
5870.84,351.5986,0
5947.565,372.4285,0
5685.345,348.6995,0
6176.474,274.9136,0
5950.618,444.8477,0
6048.91,413.6716,0
5923.808,353.6804,0
5687.698,307.1343,0
5700.115,411.0388,0
5968.585,379.6414,0
5641.793,496.7485,0
6128.161,377.4248,0
5484.064,288.3235,0
6114.435,383.6311,0
5867.567,391.5366,0
6043.821,336.3289,0
5850.604,217.1909,0
5787.053,163.6165,0
5874.639,354.644,0
5813.789,235.1882,0
5830.562,314.1316,0
5955.465,334.1062,0
5851.664,390.4048,0
5912.737,344.0439,0
5970.728,413.8586,0
6064.042,329.3511,0
6017.211,308.6509,0
5785.68,333.7634,0
5942.745,246.2727,0
6077.66,193.6013,0
5864.07,370.3145,0
5911.776,329.9551,0
5955.807,316.3276,0
6082.806,322.8525,0
5860.943,312.269,0
6058.846,378.7051,0
6029.176,215.9216,0
5470.632,384.4971,0
6030.988,412.7881,0
5930.205,341.1536,0
5957.131,418.9041,0
6007.361,323.5005,0
5713.554,272.9785,0
6075.097,353.7217,0
5905.281,281.7319,0
6185.59,315.4395,0
5904.319,460.4753,0
5837.116,467.9292,0
5734.142,404.7043,0
5868.582,322.853,0
6042.47,406.9346,0
6082.894,241.052,0
5951.597,407.4099,0
6041.568,431.1003,0
5895.853,389.3354,0
5955.604,363.7612,0
6109.468,427.4714,0
5957.319,373.1455,0
5940.527,248.4705,0
5323.398,415.0188,0
5931.953,427.5901,0
5189.231,334.5559,0
5897.933,372.2686,0
5945.764,347.158,0
5468.439,277.8921,0
5588.144,260.5715,0
6023.185,334.7253,0
5270.817,350.5862,0
5168.08,363.5017,0
5601.867,235.3586,0
5499.59,323.6309,0
6016.674,379.7632,0
5965.628,376.0334,0
5572.019,274.4644,0
5931.404,405.9397,0
5684.769,352.563,0
5831.324,384.6584,0
6188.292,325.3738,0
6017.61,353.2898,0
5295.831,327.2266,0
5977.04,280.4817,0
5981.276,345.3669,0
6048.773,293.1865,0
6226.262,279.0186,0
5631.587,272.3948,0
5787.388,382.0076,0
5969.519,269.2258,0
5779.601,235.3491,0
5837.295,359.3933,0
5599.922,353.033,0
5975.822,318.9546,0
6145.862,422.3486,0
5917.804,286.9814,0
5971.208,399.2478,0
5995.01,355.0803,0
6017.09,431.3652,0
5915.815,442.4839,0
5923.804,456.9907,0
6000.578,413.0796,0
5904.232,386.3594,0
5597.824,277.501,0
5801.315,373.8857,0
5878.821,377.343,0
5622.058,296.3352,0
5659.902,294.4844,0
5962.02,328.8782,0
5953.001,198.5894,0
5758.365,375.9749,0
6216.43,391.6255,0
6004.378,306.3657,0
5958.825,304.1262,0
6078.13,320.231,0
5696.756,400.6472,0
5646.079,445.1746,0
5944.074,294.5461,0
5915.279,329.6306,0
6025.354,466.5132,0
6068.046,441.8074,0
5685.652,351.3367,0
5935.548,407.7583,0
5949.781,308.866,0
6148.048,430.5452,0
5697.667,392.8938,0
5526.844,273.9077,0
5835.947,398.0684,0
6126.724,352.7766,0
5878.793,289.1252,0
5827.571,313.1758,0
6095.484,390.772,0
5847.116,349.3171,0
5297.158,334.0542,0
5959.081,320.199,0
5983.679,358.481,0
5852.519,404.1497,0
6027.738,446.3606,0
6065.247,321.8176,0
5891.366,388.5752,0
5854.717,422.8101,0
5479.806,338.8269,0
6056.543,244.7878,0
5798.464,333.2612,0
6012.917,324.4167,0
5824.905,363.2207,0
5357.587,313.1931,0
5729.876,429.4644,0
5716.89,337.958,0
5709.504,314.3701,0
5865.918,396.7114,0
5952.286,341.4399,0
6022.633,363.72,0
6024.583,419.1074,0
5306.97,233.5449,0
5820.805,345.5537,0
5367.219,399.8687,0
5970.06,259.6721,0
5911.176,373.531,0
5923.502,431.749,0
5891.358,395.2952,0
5902.199,310.7092,0
5800.084,360.0112,0
5944.339,356.1597,0
6081.001,349.9116,0
5889.444,401.8291,0
5865.826,295.4294,0
6004.13,367.4534,0
5904.915,428.7202,0
5684.593,352.1155,0
5481.988,253.3218,0
6065.451,332.8496,0
5658.018,308.2913,0
5801.738,361.4478,0
6151.078,302.0017,0
5924.08,421.4019,0
5591.385,254.5962,0
6083.609,471.8311,0
5801.973,375.8311,0
5832.017,356.0964,0
5461.417,276.6218,0
5773.058,265.7158,0
5713.503,306.5886,0
6024.658,350.5635,0
6057.634,412.6399,0
5919.284,335.3691,0
5963.496,297.9941,0
5923.594,476.4268,0
5752.926,307.115,0
5914.053,412.6492,0
5859.015,323.7896,0
5836.626,325.3232,0
5889.493,339.8496,0
5788.12,335.7249,0
6074.342,266.5894,0
5941.385,356.2507,0
5996.88,408.333,0
6032.631,436.0784,0
5959.16,431.2161,0
5826.333,454.0496,0
5890.221,305.8928,0
6210.297,436.0569,0
5829.941,430.7869,0
6111.463,324.7927,0
5839.271,330.1599,0
5998.962,283.0637,0
6000.436,439.3408,0
5821.846,327.4275,0
5527.753,275.5769,0
6061.822,318.5247,0
5891.847,355.7866,0
5835.854,291.636,0
5820.105,456.5889,0
5943.198,302.5515,0
5660.278,300.8992,0
5226.913,278.8489,0
6105.458,309.5989,0
5997.568,422.9517,0
6000.209,379.4944,0
5822.834,403.4368,0
5896.004,288.6021,0
5692.668,400.8452,0
5851.587,478.4189,0
6068.811,323.9905,0
5575.741,372.2498,0
5995.827,411.022,0
6159.609,400.3242,0
5788.085,491.8652,0
5993.835,406.9746,0
5647.9,341.74,0
7022.48,501.3542,0
5789.504,341.0793,0
5955.672,290.1191,0
6095.161,357.5789,0
5786.794,417.8252,0
5509.822,308.5488,0
5988.98,291.3262,0
6024.141,519.1372,0
5912.834,359.4604,0
5895.616,405.4409,0
6048.744,349.2693,0
6162.898,330.9673,0
5758.588,241.176,0
5552.031,228.4146,0
5747.355,372.1201,0
5623.242,337.1262,0
5733.204,308.1838,0
5412.037,383.7285,0
5865.735,425.7727,0
5970.011,351.9854,0
5557.745,281.2146,0
5573.898,328.9404,0
5718.509,353.8381,0
5915.616,438.8696,0
6054.759,444.988,0
5944.206,363.2368,0
5925.847,240.1736,0
5245.612,228.4836,0
5312.418,291.7712,0
5926.327,394.1924,0
5741.265,277.3254,0
5391.748,260.1606,0
5824.673,287.8667,0
5952.796,294.4956,0
5671.289,324.2551,0
5771.346,321.6628,0
5994.917,378.3708,0
5947.071,256.8083,0
5860.267,264.6934,0
5437.014,262.7656,0
5721.905,266.5537,0
5981.197,350.2874,0
5816.416,374.0747,0
5926.651,322.9946,0
5542.013,296.9019,0
5946.592,377.5415,0
5643.79,240.5676,0
5359.119,330.2842,0
5946.761,320.2861,0
5680.199,252.9978,0
5884.483,351.6555,0
5463.574,279.446,0
5863.369,303.2009,0
6005.118,285.6799,0
6086.533,344.687,0
5747.101,373.0559,0
6005.773,388.158,0
5988.646,328.7405,0
5891.845,440.6379,0
5381.982,266.2217,0
5857.148,247.8499,0
5972.151,376.9641,0
6084.896,395.9009,0
5868.843,332.022,0
5883.628,443.9316,0
6110.781,325.6804,0
5454.199,371.2524,0
5782.672,359.8623,0
6078.563,408.343,0
5523.369,426.5657,0
5864.016,429.8828,0
5805.398,438.5405,0
6043.935,407.8823,0
6062.331,448.2209,0
5464.178,368.7078,0
5998.493,414.397,0
6189.721,318.3328,0
5805.803,389.7952,0
5188.85,162.9336,0
5867.214,417.8843,0
6017.594,446.5845,0
5920.77,414.3,0
5529.092,205.9883,0
5731.811,390.9031,0
6126.78,255.0779,0
5683.665,296.6304,0
5704.724,296.0872,0
5742.485,333.2725,0
5962.012,429.3547,0
5352.056,255.2847,0
5915.538,322.0239,0
5355.954,184.5469,0
6093.28,314.3469,0
5913.363,344.6123,0
6077.155,373.0696,0
5979.882,294.8848,0
5899.317,408.6689,0
5872.022,360.9077,0
5584.688,255.2795,0
5958.092,226.1555,0
5684.174,322.9824,0
5829.088,427.8396,0
5898.265,313.207,0
5753.481,302.3528,0
5977.785,337.1721,0
5977.577,409.2705,0
5641.985,365.1428,0
5971.675,396.2979,0
5966.126,375.8147,0
5663.883,399.6641,0
5873.105,439.2104,0
5777.549,306.0479,0
6025.807,422.5583,0
5931.008,392.3232,0
6221.446,478.7549,0
5774.282,374.8352,0
5850.31,306.6174,0
5426.531,258.8538,0
6075.658,369.1885,0
5841.661,353.4819,0
5999.4,308.9426,0
5938.14,310.6985,0
5100.434,385.6646,0
6043.849,367.4373,0
5381.397,244.9651,0
5899.51,288.5308,0
6008.958,430.8948,0
5981.011,417.3091,0
5480.972,220.5898,0
5662.828,341.9768,0
6020.18,446.1296,0
5851.258,369.6089,0
5830.259,367.4429,0
6011.922,354.4011,0
5411.597,298.0176,0
6147.076,374.6426,0
5644.182,353.562,0
5846.336,230.0886,0
6088.447,444.8665,0
6133.309,293.1201,0
6036.067,294.4907,0
5778.194,431.3669,0
5206.923,267.2539,0
6013.871,150.1938,0
5861.194,357.2502,0
5746.651,319.0881,0
5691.192,398.0391,0
5806.641,337.1074,0
5915.917,452.1963,0
5987.13,323.0576,0
5825.442,400.8083,0
5926.306,445.6514,0
6043.1,279.4287,0
5979.633,346.0227,0
5901.228,438.0032,0
5981.992,360.2488,0
5749.465,319.105,0
5816.4,404.3142,0
5901.774,259.6824,0
5807.505,367.4309,0
6211.64,328.375,0
5962.073,165.5452,0
5524.329,241.4695,0
5744.262,241.8882,0
5922.107,375.1216,0
5648.708,253.0205,0
5610.084,401.6531,0
6083.546,386.5771,0
5867.625,394.6516,0
5942.942,286.7839,0
5858.556,330.1565,0
6150.522,412.0308,0
6297.91,327.0479,0
5575.773,472.2334,0
6026.818,285.9255,0
5871.259,399.8628,0
5797.36,390.8716,0
5949.646,397.8726,0
5912.862,432.0115,0
5872.742,362.5369,0
6043.074,598.5938,0
5867.603,428.9194,0
5769.611,383.8218,0
6084.763,394.2468,0
5985.454,493.9001,0
5828.772,378.741,0
5669.429,485.2263,0
5771.265,409.4568,0
5788.625,311.3862,0
5955.835,492.2019,0
5664.718,364.7705,0
6116.482,415.6431,0
5914.336,421.9551,0
6048.576,321.0791,0
5954.83,284.4082,0
5920.205,318.6174,0
5420.917,320.0271,0
5930.629,381.0037,0
6009.792,485.5845,0
5640.023,262.4092,0
5728.794,440.0667,0
5878.338,326.7537,0
5753.554,411.53,0
6052.711,419.4365,0
5839.82,409.4512,0
6059.876,284.1941,0
5584.808,334.1265,0
6139.853,296.7722,0
6031.707,308.3198,0
6027.264,423.0515,0
6226.162,261.6702,0
5593.698,318.9185,0
5865.865,321.5452,0
5324.087,320.8955,0
6140.379,376.6023,0
6023.005,359.7529,0
6006.873,375.9268,0
5882.61,372.7852,0
5569.061,375.2734,0
5735.917,278.1245,0
5760.507,328.6235,0
6093.739,404.1191,0
5882.275,351.8091,0
5912.987,326.1108,0
5546.853,266.2292,0
6041.262,389.0032,0
5857.486,221.9148,0
6102.54,373.1443,0
5705.544,423.6448,0
5839.05,473.8618,0
6017.964,282.783,0
6092.698,269.1892,0
5987.467,300.2146,0
6103.091,406.2649,0
6011.2,403.2944,0
5918.874,348.718,0
6142.585,264.5313,0
5862.688,235.7798,0
5949.646,335.7522,0
5659.235,368.2368,0
6022.021,373.7517,0
6085.111,445.4287,0
6023.468,301.3101,0
6025.872,369.0549,0
6029.826,308.3035,0
5863.613,320.8684,0
5884.761,328.8862,0
5835.925,338.1233,0
5653.078,335.9873,0
6029.144,341.2036,0
6036.579,406.4878,0
5965.827,413.9663,0
5634.484,368.353,0
5493.499,471.2539,0
6095.031,368.1628,0
6083.653,410.4902,0
5808.126,375.2046,0
5860.996,504.3418,0
5812.415,372.7529,0
5534.134,284.7634,0
5994.13,319.5632,0
5411.927,307.0754,0
5949.693,327.9373,0
6211.028,333.5564,0
5575.333,258.8149,0
5895.783,423.2349,0
5842.299,346.7905,0
5990.139,229.2146,0
5714.917,325.1597,0
6119.116,366.5132,0
5654.989,407.7336,0
6219.675,382.2271,0
5710.148,409.8572,0
6124.63,262.8269,0
5928.35,320.6697,0
6130.346,328.0955,0
6154.47,410.5029,0
5814.481,443.8625,0
5732.786,289.9631,0
5908.917,376.2419,0
6046.638,286.1162,0
5882.337,264.207,0
5950.458,236.644,0
5760.603,215.1309,0
5773.902,318.6016,0
5478.309,296.3074,0
5883.339,315.0901,0
5412.91,298.1609,0
5783.873,395.1523,0
5990.299,313.9812,0
5806.45,434.032,0
5839.559,328.7693,0
6059.823,366.3005,0
6001.565,235.8096,0
5946.07,352.1628,0
6183.73,215.9778,0
5951.88,301.8757,0
5835.641,282.1699,0
5809.238,343.3169,0
5399.744,328.3064,0
5847.866,326.772,0
5844.279,495.1438,0
5444.73,337.0366,0
5444.044,383.9001,0
6069.519,288.6333,0
5939.27,363.5786,0
6059.654,452.9478,0
5813.19,486.0168,0
5890.673,548.9888,0
5807.098,271.9285,0
5398.122,271.6765,0
5968.705,330.8794,0
5588.22,278.1206,0
6045.188,261.6726,0
5620.846,399.9583,0
5850.802,417.5891,0
5844.556,456.356,0
5632.593,540.4629,0
5808.8,381.4402,0
5850.214,329.4839,0
5563.13,298.697,0
5852.264,437.4709,0
5883.463,511.8713,0
5768.455,402.7427,0
5370.661,311.7935,0
5793.124,218.9253,0
5743.731,490.1428,0
5504.613,457.0901,0
5839.885,494.9829,0
6021.36,345.3088,0
6184.273,454.5483,0
6144.113,307.2976,0
6033.487,414.6377,0
5985.105,301.6128,0
5858.94,334.7085,0
5578.841,292.6724,0
5801.739,383.2288,0
5807.398,400.9255,0
5438.684,329.1116,0
5926.819,370.7246,0
6134.678,353.1179,0
5796.947,417.376,0
6165.804,352.2595,0
5523.457,246.8833,0
5935.365,421.7751,0
5864.412,361.2251,0
5950.305,271.1509,0
5669.509,393.2996,0
6093.774,360.5408,0
5195.042,359.3391,0
5605.893,379.2842,0
5811.671,430.5168,0
5347.229,376.2888,0
5917.278,309.4287,0
5977.151,376.7305,0
5562.489,357.1587,0
5950.891,355.9553,0
6144.077,328.3967,0
5886.537,396.7954,0
5851.917,375.3652,0
6175.982,451.8601,0
6103.473,372.7188,0
5813.076,361.5605,0
5853.685,366.6548,0
5371.725,316.4651,0
5155.749,363.6082,0
5882.136,296.2183,0
5907.525,241.1467,0
5882.764,469.4993,0
6036.854,379.8816,0
5723.707,344.7007,0
5957.096,459.8069,0
5724.742,604.8523,0
5881.865,327.1941,0
5989.373,341.4978,0
5601.399,247.342,0
5572.979,289.9229,0
5956.96,538.4238,0
5925.957,286.3057,0
6116.266,379.4028,0
5501.196,416.0671,0
5913.68,318.5083,0
5881.895,372.561,0
5924.929,397.2683,0
5893.61,206.5686,0
6069.503,326.4778,0
5689.076,323.3145,0
6163.452,393.3586,0
6040.605,391.0725,0
6113.506,449.0364,0
6001.285,440.5657,0
6016.14,379.8948,0
5912.813,401.5188,0
5971.815,366.7332,0
5983.487,333.4253,0
6192.867,366.449,0
5835.399,429.2532,0
5992.711,417.113,0
5849.347,395.5493,0
5716.672,344.1057,0
5695.441,271.1174,0
5781.954,447.3508,0
5856.583,488.2532,0
5847.039,221.2522,0
5576.683,298.439,0
5783.576,310.4561,0
5720.999,338.4998,0
6138.076,432.9033,0
5970.096,453.217,0
5964.169,364.2969,0
5770.583,311.7869,0
5860.891,245.0266,0
5485.303,431.335,0
5885.269,385.5417,0
5636.709,279.1331,0
5926.838,294.7388,0
6035.79,422.9272,0
5962.069,267.3955,0
5949.272,296.7993,0
5869.626,381.6113,0
5905.365,353.2668,0
5772.119,362.7417,0
5923.262,362.6008,0
6032.007,336.6062,0
5852.821,403.7986,0
5670.885,338.75,0
5662.068,337.5469,0
6002.62,331.1814,0
6035.012,325.8372,0
6079.539,371.9373,0
5603.272,490.8945,0
6043.158,393.613,0
5804.161,430.6362,0
5732.428,439.6963,0
5874.035,305.7041,0
6194.459,412.9739,0
5789.927,404.9785,0
5483.608,365.4802,0
6086.717,418.5342,0
5399.76,297.6096,0
5498.488,290.4199,0
5955.678,298.9819,0
5431.024,385.5942,0
5244.729,236.8501,0
5691.578,349.1926,0
5727.211,413.3364,0
5764.701,308.9138,0
5833.367,471.9314,0
5888.986,207.6714,0
5554.394,373.2993,0
6052.774,338.1963,0
5966.784,298.6133,0
6112.255,271.8782,0
5730.129,525.7029,0
5671.92,432.2664,0
5827.845,393.8264,0
5894.53,511.884,0
6011.49,406.1665,0
5943.751,423.8223,0
6094.875,338.8369,0
6118.363,411.1331,0
5900.799,488.9558,0
5985.6,318.5974,0
5831.821,282.3291,0
5810.396,429.21,0
5974.214,397.0078,0
6216.668,342.2,0
5917.662,272.4651,0
5750.058,427.3977,0
5725.66,334.8887,0
5586.359,342.3955,0
5790.729,430.6663,0
5135.102,293.1487,0
5780.76,407.4077,0
5853.838,436.6738,0
5971.222,462.0149,0
5892.023,315.3259,0
5824.534,396.2036,0
6089.459,416.5718,0
6072.656,339.7334,0
6004.246,459.7568,0
5800.952,397.5366,0
5893.3,357.5981,0
6223.813,443.9231,0
5839.621,413.7939,0
5705.06,394.0684,0
6128.529,377.8728,0
5943.99,291.7839,0
5763.687,430.5728,0
5944.281,291.3284,0
6021.183,366.7783,0
5199.852,217.7856,0
5908.56,293.801,0
5862.746,260.8662,0
5798.984,346.0403,0
5845.557,402.406,0
5948.101,486.041,0
6045.814,467.9624,0
5792.17,494.3833,0
5928.109,405.0513,0
5347.775,393.0771,0
5837.879,372.9458,0
6151.255,343.4326,0
6088.685,455.2068,0
5823.548,388.9617,0
5889.289,297.7944,0
5747.256,357.0059,0
6111.623,373.4954,0
5935.643,378.9141,0
5725.092,346.8792,0
5502.64,236.238,0
5765.715,323.7517,0
6064.057,326.4541,0
5870.105,313.6946,0
5820.666,365.8091,0
5808.253,442.115,0
5855.786,403.1318,0
5771.709,486.2205,0
6074.375,216.0776,0
5615.928,425.929,0
5818.883,393.9619,0
6065.451,356.5745,0
5868.393,300.4714,0
5818.841,346.1353,0
5680.081,330.6516,0
5626.047,442.385,0
6193.709,369.2974,0
5595.147,345.2505,0
5596.667,332.634,0
5986.58,400.8303,0
5974.311,224.0735,0
5928.708,322.6904,0
5568.952,366.668,0
5402.358,383.3044,0
6044.424,399.6885,0
5858.616,441.4194,0
6011.425,389.3804,0
6317.082,259.9502,0
5928.007,269.8159,0
5655.283,340.7915,0
6095.358,301.7856,0
5509.512,346.8213,0
5811.097,314.8015,0
5336.618,212.6763,0
6048.706,340.9248,0
5437.036,420.4629,0
5951.511,405.8538,0
5685.298,259.6108,0
6028.44,406.801,0
6040.29,338.2988,0
6040.236,333.0645,0
5642.635,229.5549,0
5793.941,347.8413,0
6097.976,336.1963,0
5375.019,275.2869,0
5219.461,367.2131,0
5514.547,347.3643,0
5716.293,312.1938,0
5878.887,530.3071,0
5863.305,290.3545,0
5835.684,409.8027,0
5848.453,392.1106,0
5755.044,329.2637,0
5748.641,397.9163,0
5759.873,324.8875,0
6076.306,300.3696,0
5911.333,390.9783,0
6137.407,340.0315,0
5906.962,273.5068,0
6070.402,414.6348,0
5903.705,270.2368,0
6131.751,380.2434,0
5930.617,384.8979,0
5250.932,261.9048,0
5785.517,270.8674,0
5743.438,381.5977,0
6076.268,275.7275,0
5765.636,344.533,0
5888.337,369.03,0
5845.642,420.6638,0
5629.879,412.6343,0
5863.872,260.3044,0
5841.291,473.4495,0
5360.304,369.2234,0
5565.966,357.5144,0
6042.004,336.7932,0
5360.061,260.2793,0
5492.723,321.9097,0
6006.012,401.53,0
6107.712,360.2903,0
5934.838,454.1279,0
5864.986,332.1902,0
5902.145,464.4946,0
5797.615,296.8545,0
5859.516,384.8958,0
5903.55,279.1558,0
5619.969,343.7715,0
5516.069,374.3579,0
5408.932,262.7305,0
5885.462,493.0762,0
5868.039,445.4507,0
5889.44,326.1833,0
6079.347,413.1746,0
5799.008,295.5166,0
6246.668,360.8411,0
5670.081,387.3242,0
5614.253,320.4463,0
5818.232,494.9971,0
6038.494,424.2478,0
6056.896,357.762,0
5485.056,242.1094,0
5827.701,379.5295,0
5926.535,498.1487,0
5952.653,319.5288,0
5325.321,339.1345,0
5415.58,332.5342,0
5980.993,327.761,0
5833.553,412.8723,0
5673.89,236.8389,0
5965.795,265.844,0
5761.429,410.9783,0
6152.963,384.1777,0
5847.707,286.2271,0
5786.684,320.9534,0
5390.424,241.7327,0
5558.804,424.3923,0
5940.246,354.6377,0
5860.278,229.3579,0
6231.182,176.7603,0
5594.393,489.4944,0
5395.026,367.0334,0
5896.082,349.7603,0
6039.234,305.5122,0
5896.925,368.3018,0
5794.07,337.6118,0
5809.261,419.9333,0
5720.536,351.2249,0
5971.293,245.0713,0
5501.08,245.4854,0
5832.298,422.259,0
5938.471,448.1458,0
6025.266,417.3333,0
5618.988,424.7544,0
5413.258,346.9968,0
5356.09,315.6987,0
6039.204,378.5061,0
6123.843,422.322,0
5945.687,245.8721,0
5775.466,347.4915,0
5290.307,357.9236,0
5435.575,317.4895,0
5347.148,323.4897,0
5980.45,375.0569,0
5938.155,420.5623,0
5953.476,307.5344,0
5951.553,163.7683,0
5849.593,367.6238,0
5881.038,421.4551,0
5683.76,263.9697,0
6044.042,398.4551,0
6164.852,454.874,0
5608.454,365.9229,0
5733.035,388.5164,0
6092.119,401.8252,0
5307.232,298.4526,0
5975.011,445.3127,0
5358.98,337.7583,0
5620.062,456.8906,0
5987.486,235.0718,0
5713.737,323.553,0
5876.341,311.6504,0
5692.43,333.1575,0
6052.091,437.2971,0
5823.436,430.9431,0
5751.462,277.0586,0
5834.701,327.3567,0
5956.884,255.1521,0
5870.218,302.4714,0
5635.596,257.8904,0
5712.192,394.9597,0
5910.768,260.7617,0
5960.827,307.251,0
6017.092,254.8906,0
6055.405,428.9092,0
5526.864,332.0513,0
5983.389,225.3081,0
5950.403,367.1719,0
5703.632,355.4121,0
5706.032,417.1338,0
6034.465,317.8083,0
5759.175,459.5623,0
6048.483,373.48,0
5738.301,432.1709,0
6071.177,187.2273,0
5598.563,277.6108,0
6084.107,392.5757,0
6049.363,393.469,0
6234.796,333.4373,0
6170.883,468.2688,0
5354.588,366.9929,0
5615.22,258.1829,0
5885.755,458.157,0
5529.219,319.6174,0
6009.11,336.2832,0
5181.078,387.0461,0
6026.198,443.0317,0
5698.696,354.6677,0
5530.589,419.7297,0
5432.038,282.1848,0
5925.915,347.9424,0
6013.298,433.2581,0
5818.339,363.019,0
5617.4,360.251,0
5818.035,467.3486,0
5630.922,390.3149,0
5373.84,312.9312,0
5844.48,259.3743,0
5538.132,292.5464,0
6030.343,382.3491,0
6092.315,370.5508,0
5610.348,290.8364,0
5849.401,421.074,0
5616.573,381.0115,0
6034.964,373.5891,0
6132.891,358.7686,0
5531.32,315.9355,0
5188.717,301.6111,0
5982.813,354.9895,0
5977.054,265.0925,0
5606.895,354.8604,0
5925.988,336.7222,0
5432.293,270.022,0
5836.307,310.2009,0
6137.568,407.1414,0
5368.454,295.0437,0
5732.682,410.6248,0
5921.533,388.3074,0
5727.169,297.7751,0
5928.907,331.6165,0
5963.112,347.6221,0
6008.777,288.6182,0
6151.501,285.9465,0
6093.968,328.2778,0
5692.41,375.6052,0
5676.267,338.9199,0
6214.678,374.5969,0
5847.253,416.4475,0
5725.095,397.4382,0
5611.558,395.1233,0
6239.223,232.1001,0
5986.087,372.6226,0
5674.558,261.7405,0
5853.1,399.7451,0
5380.908,274.1252,0
6017.653,312.5996,0
5825.99,419.4016,0
5936.288,343.8333,0
5635.291,404.2275,0
5225.694,279.1665,0
6036.193,306.9709,0
5916.854,383.98,0
6003.361,353.7727,0
5688.451,332.6702,0
6067.775,331.4519,0
5878.814,307.1089,0
6012.376,411.9707,0
5633.517,315.8252,0
5664.193,361.4827,0
6052.751,193.603,0
6008.624,298.2881,0
5786.229,402.7129,0
5374.316,259.988,0
5836.793,346.3999,0
5617.28,275.1416,0
5646.312,307.5151,0
5884.162,460.0674,0
5858.816,253.7529,0
5953.24,432.9133,0
6163.513,224.2468,0
5828.257,385.53,0
5917.876,361.064,0
6070.477,379.4189,0
6172.087,330.2693,0
5847.722,379.2888,0
5892.585,295.8882,0
6214.232,355.2908,0
5498.252,320.1831,0
5614.115,339.1821,0
6144.503,356.6174,0
5798.431,352.8796,0
6054.437,378.6157,0
5522.833,278.9102,0
6069.761,466.7659,0
5745.729,333.0957,0
5973.927,431.5437,0
6103.088,275.4116,0
5901.478,412.2236,0
5799.606,286.8271,0
5843.31,368.3191,0
5886.813,396.7722,0
5773.38,325.5894,0
5793.099,255.5151,0
6005.2,284.0911,0
5905.413,282.6128,0
5779.328,218.4453,0
5662.438,392.3506,0
6047.683,292.5112,0
5788.574,300.2915,0
5983.041,371.717,0
5827.962,348.5464,0
5602.845,352.2917,0
5881.772,321.874,0
6045.954,367.2727,0
5967.808,467.7966,0
5921.912,298.2893,0
6214.814,428.3669,0
5903.384,306.8787,0
6217.868,290.9951,0
5885.421,359.4336,0
5722.44,271.7908,0
6136.658,331.106,0
5633.557,249.8074,0
6237.635,363.3413,0
5901.852,293.6414,0
5822.647,498.2659,0
5711.611,348.8313,0
5564.863,243.9185,0
5954.421,287.51,0
5570.371,457.8013,0
5981.686,293.7527,0
6191.731,253.4028,0
6196.721,462.3374,0
5857.369,384.7769,0
5865.186,335.5498,0
5838.442,342.1257,0
5641.425,260.7505,0
5719.033,338.9688,0
5833.931,244.6516,0
5869.68,347.0498,0
5266.146,349.5442,0
5211.944,249.0752,0
5648.729,280.509,0
5954.809,328.5659,0
5926.205,336.0693,0
5692.701,246.3591,0
5763.813,289.2844,0
5891.742,351.6025,0
5910.254,230.0896,0
5734.511,260.8501,0
5557.25,317.6218,0
6210.483,317.2922,0
5941.821,258.9026,0
5884.93,312.1262,0
5979.08,382.696,0
5770.802,378.1599,0
5789.373,315.7998,0
5966.045,257.426,0
5316.074,346.7612,0
5965.493,472.2583,0
5767.818,424.1985,0
5942.838,309.4722,0
5941.319,457.0059,0
5803.149,286.0137,0
6066.238,486.2451,0
5906.111,268.4407,0
5652.101,378.2568,0
5730.169,303.8293,0
5928.877,385.9573,0
5810.911,399.8323,0
5868.832,382.2607,0
5393.25,238.2861,0
5853.2,374.209,0
5897.541,337.9688,0
6072.188,334.9319,0
5803.416,401.0359,0
5898.895,346.7024,0
5795.785,331.5571,0
6048.812,344.0718,0
5637.784,359.481,0
5897.267,495.0708,0
5736.117,338.7183,0
6198.985,339.9651,0
5487.205,330.3809,0
6163.44,426.9988,0
5793.784,280.2549,0
5725.267,339.1599,0
5962.957,281.5701,0
6138.042,303.1143,0
5698.853,369.9905,0
6131.235,423.9187,0
6096.116,394.9482,0
5741.389,245.2429,0
5910.823,430.2961,0
5920.338,345.2229,0
5737.434,270.936,0
5390.418,211.6912,0
5932.174,332.0913,0
6081.178,412.1563,0
5957.156,340.2378,0
6100.195,377.4856,0
5790.328,289.7024,0
5837.936,358.6519,0
5835.582,242.2375,0
6045.151,366.3496,0
5658.603,431.5151,0
6106.782,363.7502,0
5778.832,408.7903,0
6136.572,357.9258,0
5890.916,356.8579,0
5453.824,335.7522,0
6228.46,165.5222,0
5760.25,230.8564,0
5600.472,369.2676,0
5966.092,254.1245,0
5396.367,393.4028,0
5991.624,335.4685,0
6268.687,435.5046,0
6293.536,390.6619,0
5800.423,347.644,0
5817.694,406.2021,0
5965.613,281.8511,0
5747.704,316.908,0
5651.563,385.7402,0
5991.761,301.3464,0
5919.08,339.7063,0
5789.775,340.3101,0
5892.207,346.1956,0
5676.531,305.4541,0
5634.631,290.3655,0
5883.997,441.064,0
5675.505,180.9246,0
5585.393,230.905,0
5737.326,395.7263,0
5627.551,363.1135,0
5859.55,229.7456,0
5828.363,313.1392,0
6096.4,361.4099,0
5927.374,437.7888,0
5963.14,355.8469,0
5994.834,335.3916,0
5608.73,294.6997,0
6069.409,300.9902,0
6264.708,442.8271,0
5754.606,427.3044,0
5756.045,369.4001,0
5605.636,336.1218,0
5592.037,290.6343,0
5954.267,366.7383,0
5882.837,321.561,0
5700.458,331.0732,0
6059.291,348.9216,0
5913.547,327.0229,0
6093.681,389.9197,0
5576.756,227.4849,0
5665.143,437.011,0
5875.12,299.6304,0
5990.791,496.2383,0
5816.209,407.7896,0
6040.219,300.9121,0
5880.152,371.6816,0
6039.574,250.0542,0
5745.16,467.7646,0
5914.549,297.9763,0
5830.482,306.2732,0
5966.923,338.9253,0
5989.41,204.9063,0
6194.564,354.6057,0
5362.498,271.4971,0
5306.307,258.7378,0
5843.236,231.2471,0
5671.39,410.6021,0
5771.17,250.2827,0
5800.701,245.7822,0
5968.169,367.2439,0
5553.042,269.4255,0
5895.28,225.0859,0
5847.049,332.2542,0
5686.039,453.6799,0
6016.42,305.0037,0
6058.656,328.5913,0
5894.42,332.5249,0
6051.256,405.2756,0
6163.658,280.3291,0
5915.376,464.8152,0
5976.197,399.2217,0
6236.917,425.6609,0
5697.815,328.6968,0
5868.374,392.2019,0
6127.63,385.9282,0
5817.389,332.0366,0
5713.796,347.2878,0
5857.327,383.3706,0
5927.851,412.9668,0
5988.892,370.0686,0
6114.276,383.1086,0
5923.64,357.2673,0
5980.869,294.0857,0
6072.625,512.2478,0
5824.266,458.1091,0
5837.544,303.3716,0
5935.376,329.8054,0
6065.295,302.2896,0
6011.713,356.2944,0
5647.717,423.1182,0
5957.396,474.0603,0
6333.939,290.5762,0
5665.322,371.126,0
5945.272,456.3872,0
5709.99,391.833,0
6019.121,381.3516,0
6203.206,384.2432,0
5460.303,361.9717,0
5658.894,253.6851,0
5372.552,215.2329,0
5771.236,290.062,0
5740.259,339.7534,0
5803.456,430.0383,0
6074.23,307.897,0
5737.032,282.9207,0
5859.384,488.4873,0
5800.754,337.2009,0
5698.92,393.0518,0
5690.489,257.1462,0
5806.092,431.2981,0
5893.58,438.8447,0
5570.106,463.7373,0
5931.914,436.4658,0
5344.973,291.0125,0
6090.524,323.1477,0
5890.353,341.0601,0
5600.553,318.9243,0
5674.463,340.5007,0
5994.079,390.8562,0
6128.387,316.4897,0
5864.474,333.8948,0
5891.514,324.1011,0
5292.436,228.3733,0
6137.426,354.0361,0
5497.376,299.7468,0
5907.556,239.2283,0
5533.791,299.7893,0
5148.521,251.1018,0
6131.834,371.0769,0
5826.045,308.981,0
5808.631,344.6179,0
6084.563,327.084,0
6113.63,423.9861,0
5840.545,409.812,0
5879.894,341.814,0
6078.129,400.688,0
5910.359,355.3438,0
6015.331,349.5627,0
5902.754,340.9243,0
5869.387,294.9614,0
5800.37,340.0413,0
6094.181,449.0793,0
5968.731,333.1843,0
5326.017,388.0867,0
5961.795,556.0303,0
5830.863,335.4814,0
5643.967,381.46,0
5608.833,319.8704,0
5718.135,354.957,0
6011.613,353.1641,0
5979.834,433.9241,0
6085.974,366.8308,0
6029.569,482.0254,0
6054.516,323.2979,0
6038.189,252.1709,0
5917.6,365.9626,0
5846.582,414.2568,0
5771.533,215.6392,0
5237.128,263.0317,0
5919.985,442.0273,0
6028.178,301.1133,0
5868.73,439.2512,0
5486.682,362.2634,0
5963.345,369.699,0
5584.917,362.7734,0
5967.857,408.0195,0
5904.898,327.1492,0
5719.894,416.0747,0
5737.25,464.1008,0
6182.547,350.5825,0
5647.62,199.2285,0
5720.146,372.5549,0
5423.683,335.063,0
5705.163,331.5942,0
5117.75,252.5798,0
5388.238,220.0979,0
5701.024,450.2571,0
5821.05,483.137,0
6168.14,470.989,0
5458.657,397.0552,0
5775.45,309.6367,0
5751.51,328.8169,0
5779.316,414.5493,0
5893.155,512.8982,0
5511.769,377.5874,0
5660.684,460.8682,0
6086.772,501.4497,0
6066.159,346.8704,0
5524.932,277.1089,0
5337.091,338.4854,0
5967.331,380.7092,0
5959.634,417.0337,0
6286.686,322.4631,0
6111.3,391.8003,0
6014.816,354.9829,0
6165.847,367.8264,0
5690.859,408.9202,0
5470.127,312.1152,0
6198.48,238.3003,0
6113.816,428.6563,0
5873.602,392.2366,0
5753.427,374.5205,0
6043.215,337.2427,0
6052.481,310.0347,0
5270.824,309.0996,0
6136.414,269.5247,0
6095.416,333.2432,0
5996.155,255.1021,0
5982.331,292.9019,0
5980.269,412.302,0
5817.217,313.8005,0
5825.192,284.1597,0
5799.328,360.7451,0
5831.68,412.2036,0
5773.851,415.8696,0
6031.594,260.9063,0
5890.217,437.4207,0
6107.555,405.6272,0
5956.641,291.8835,0
5929.346,212.6187,0
5353.711,261.583,0
5933.69,326.5923,0
5810.439,400.752,0
5966.674,272.7048,0
5284.965,270.8501,0
5783.729,389.4949,0
5691.529,318.6787,0
5672.319,333.311,0
5924.649,367.6558,0
5746.121,356.1299,0
5842.087,463.8904,0
5927.939,384.2837,0
5784.921,288.4377,0
5880.882,358.9636,0
6117.846,455.8865,0
5865.543,328.9983,0
5975.266,317.3386,0
6135.57,374.1414,0
5572.935,257.2422,0
5919.291,349.9595,0
5549.026,285.9231,0
5921.244,381.5522,0
5908.279,329.2725,0
6063.513,423.7788,0
5722.242,319.938,0
5914.081,394.4426,0
5788.722,438.1687,0
5954.999,244.9158,0
5937.003,261.0005,0
5570.498,379.9827,0
6046.94,492.2639,0
5512.854,422.2148,0
5602.536,339.561,0
6044.339,299.6287,0
5974.185,325.7122,0
6004.256,424.408,0
5814.103,389.6863,0
5738.562,397.835,0
5190.435,318.6311,0
5657.232,384.1074,0
6071.657,401.7534,0
5476.48,376.5967,0
6051.75,566.4712,0
5771.699,357.187,0
5901.68,445.6243,0
5630.534,294.8394,0
5648.902,269.103,0
5430.354,383.6812,0
5822.839,324.9885,0
5462.059,294.0027,0
5928.169,338.0042,0
5866.458,350.5652,0
6052.113,418.4541,0
6143.375,321.3413,0
6174.46,363.6392,0
6070.567,433.3608,0
5723.939,364.249,0
6154.103,319.0642,0
5875.186,278.1555,0
5752.993,382.5327,0
6249.04,278.9431,0
6137.826,273.7776,0
6155.663,404.9702,0
5782.672,349.6323,0
5948.871,270.8936,0
5729.141,379.876,0
5558.155,425.5613,0
6095.691,356.5134,0
6197.516,393.3252,0
6094.731,311.9397,0
5505.17,449.7292,0
5669.233,457.7209,0
6023.745,245.1519,0
6030.627,445.3674,0
5871.499,297.2686,0
5455.185,175.686,0
5882.603,350.3472,0
5945.585,407.2263,0
5983.896,449.4407,0
6026.994,403.3582,0
6002.248,345.9639,0
5880.878,397.2485,0
5902.321,474.3945,0
5942.7,291.8547,0
6217.233,287.844,0
5883.184,428.0085,0
5833.801,345.5461,0
5730.586,274.3176,0
5623.455,385.0903,0
6062.11,424.4753,0
6041.219,240.4539,0
5845.523,367.5916,0
5951.275,369.5388,0
5796.387,336.0601,0
6056.577,375.2952,0
5981.024,399.8945,0
5685.096,430.6504,0
5862.841,382.9182,0
6005.01,300.9612,0
5834.271,405.093,0
6010.853,296.7292,0
5949.796,537.4341,0
5785.974,385.2493,0
5990.972,393.7913,0
6129.934,262.7434,0
5986.224,375.0981,0
5697.181,319.5674,0
5454.011,361.3782,0
5705.842,344.2061,0
5854.473,218.8508,0
5730.091,398.8521,0
5547.06,250.9087,0
5826.898,347.186,0
5728.711,222.2903,0
5878.007,327.9802,0
6007.376,445.0576,0
6189.24,277.5422,0
5245.34,310.7368,0
5864.285,291.582,0
6033.596,334.2917,0
5782.996,285.8286,0
5626.405,271.1592,0
5262.097,348.708,0
5651.195,432.4001,0
5978.22,406.6055,0
5480.819,354.9377,0
6072.541,314.6863,0
5622.314,465.9819,0
5927.331,331.9895,0
5742.678,371.2632,0
5159.399,299.9541,0
5920.849,412.4609,0
5912.74,421.8354,0
5638.053,397.8328,0
5920.846,297.2097,0
5983.622,338.9043,0
5481.933,342.1206,0
5984.564,501.3533,0
5237.007,294.7188,0
5987.837,269.0139,0
5586.608,430.3555,0
5597.261,329.6912,0
5680.574,313.6809,0
5945.665,430.7158,0
6121.037,432.4587,0
6041.697,313.2681,0
5741.783,379.6672,0
5818.558,366.7361,0
5928.477,284.158,0
5362.89,272.564,0
5522.812,291.9607,0
5485.268,376.8315,0
6064.566,245.4717,0
5433.485,249.0271,0
5225.114,254.1494,0
5736.715,300.238,0
5600.979,351.5645,0
5937.023,350.0298,0
6101.477,371.603,0
6025.079,276.8306,0
6095.446,291.0554,0
5277.651,319.0715,0
5421.751,296.4124,0
5397.693,321.9019,0
5894.53,259.3193,0
5562.112,262.4465,0
5961.493,325.9517,0
5905.385,454.23,0
5966.788,293.4036,0
6070.917,412.3655,0
6179.41,245.2947,0
5832.385,419.0808,0
5336.665,287.4731,0
5639.166,313.3081,0
5730.624,272.697,0
5684.867,387.6467,0
5970.507,371.6526,0
5995.489,359.1003,0
5603.818,300.2107,0
5726.343,455.6189,0
5811.007,407.4644,0
5872.674,371.283,0
6026.482,275.5547,0
5688.128,503.6675,0
5871.208,311.425,0
5746.095,383.8887,0
6112.28,269.5503,0
5788.159,393.1873,0
5668.366,322.3064,0
6198.06,401.2734,0
5761.703,247.8508,0
6089.857,350.9983,0
5848.644,430.6558,0
5291.383,267.783,0
6129.976,320.5813,0
6089.146,384.9377,0
6002.074,345.8237,0
5254.973,347.3665,0
5874.805,343.623,0
5873.126,473.2834,0
5789.812,402.9924,0
5239.091,336.646,0
5853.991,349.7065,0
5919.861,476.9946,0
6159.796,304.823,0
5816.841,367.5244,0
5663.076,391.7305,0
5808.885,375.3118,0
6227.71,318.8169,0
5935.725,287.9336,0
5930.293,355.134,0
5958.031,428.6873,0
5273.324,383.0901,0
5508.036,353.731,0
5766.133,305.5586,0
5279.9,288.426,0
5790.302,324.7058,0
5747.201,351.7168,0
5658.049,311.9248,0
5785.112,303.3074,0
5436.429,334.5254,0
6038.597,489.9746,0
5866.228,379.9602,0
6092.429,367.9609,0
6080.054,319.0122,0
5963.799,340.5298,0
5318.236,364.8835,0
5870.756,478.6021,0
5548.009,442.502,0
6039.856,348.6309,0
5973.541,411.4148,0
5835.788,409.314,0
6115.496,420.6138,0
5763.573,350.3906,0
5852.42,341.9241,0
5369.123,341.0083,0
5557.366,294.5427,0
5867.5,432.1855,0
6021.937,475.4507,0
5918.993,394.939,0
5636.848,289.5117,0
5898.252,400.5496,0
5704.61,294.6711,0
5556.693,243.8464,0
5685.383,421.7468,0
5790.712,355.5234,0
5387.733,248.5896,0
5813.28,355.0784,0
5907.189,347.7017,0
6059.927,463.0813,0
5743.272,371.3276,0
5576.634,377.1194,0
5608.825,317.824,0
5911.329,361.752,0
5296.095,327.2251,0
6079.301,398.9043,0
5921.461,315.6343,0
5987.934,358.8416,0
5580.177,461.4888,0
5504.347,249.3008,0
5921.449,309.8823,0
5805.745,437.4753,0
5644.06,370.6189,0
5736.643,372.0884,0
5745.005,350.043,0
6101.057,258.3347,0
5796.383,304.4402,0
5217.646,276.7881,0
5627.881,309.3784,0
5833.315,282.5061,0
5926.768,295.2249,0
5543.654,286.4331,0
5231.439,420.9463,0
5875.125,279.3711,0
5655.187,213.7141,0
5904.864,407.1702,0
5351.406,284.9382,0
5965.985,409.5205,0
5971.937,237.6414,0
6029.112,388.9521,0
5990.586,290.7612,0
6133.792,335.8701,0
5610.243,319.8086,0
5807.464,312.7209,0
5983.283,390.2927,0
5743.732,323.1428,0
5905.761,349.3215,0
5817.508,321.3364,0
6140.34,362.5686,0
5842.883,383.8767,0
5695.558,275.1506,0
6089.271,372.5146,0
6118.171,363.3748,0
5807.161,363.5366,0
6050.37,489.5544,0
5999.401,353.2747,0
5865.371,318.29,0
5721.83,415.1321,0
5597.446,363.4856,0
5755.243,404.2078,0
5838.099,248.335,0
5615.517,354.239,0
5622.954,343.9939,0
6084.388,268.522,0
5774.763,271.019,0
5767.176,308.1128,0
6062.211,227.4893,0
5807.817,285.5161,0
5860.674,400.7573,0
5865.455,412.4011,0
6042.065,421.2805,0
5982.878,403.7356,0
5481.099,379.1687,0
5521.101,236.4592,0
6132.604,274.3162,0
5786.221,333.9089,0
5998.515,417.5474,0
6080.749,510.3806,0
5943.736,492.7874,0
5885.791,364.4724,0
5889.667,293.4844,0
5929.641,378.4883,0
6095.532,332.0835,0
5819.551,421.1641,0
5907.722,354.8804,0
5994.465,332.9692,0
5865.615,398.4292,0
5904.086,341.4033,0
5347.088,331.9719,0
5832.301,366.1387,0
6055.235,384.2021,0
5983.404,312.947,0
5423.303,283.3694,0
5757.894,370.9937,0
5934.69,285.6013,0
5798.279,211.3403,0
5261.65,277.6614,0
5750.845,363.8071,0
6260.167,323.29,0
5930.538,327.1443,0
6064.826,356.9468,0
5730.376,296.3381,0
5804.999,237.7229,0
5554.541,366.4072,0
6025.803,342.5959,0
5966.533,387.8853,0
5934.047,347.5869,0
5802.01,365.7866,0
5377.111,163.9456,0
5451.056,354.5552,0
5947.648,439.9141,0
5702.716,369.1558,0
5933.205,243.8679,0
5667.852,356.6365,0
5951.173,347.0645,0
5973.091,358.01,0
5824.895,369.9961,0
5628.587,364.9075,0
5571.743,358.76,0
5794.67,258.2112,0
5997.801,309.5498,0
5428.28,312.887,0
5981.846,424.4707,0
5669.773,398.8284,0
5794.656,375.7539,0
5982.488,506.408,0
5901.736,227.7505,0
5782.087,338.6509,0
5806.909,311.1538,0
5367.189,261.2329,0
5928.214,303.4126,0
5411.766,446.3848,0
5666.813,392.667,0
5888.951,374.365,0
5973.891,262.2092,0
5802.152,422.0566,0
5902.573,334.6926,0
5656.11,425.4141,0
6207.071,290.9707,0
5796.053,408.8896,0
6078.885,284.1121,0
5978.279,378.0479,0
5601.898,293.6025,0
5675.101,296.8254,0
5964.309,391.8774,0
5926.231,438.8298,0
5771.438,342.7688,0
5953.153,429.9177,0
5729.503,450.2336,0
6007.928,383.075,0
5581.328,367.7576,0
5734.493,306.5173,0
5794.063,282.1963,0
5443.149,236.1128,0
5957.692,508.2686,0
6078.581,345.4214,0
5316.675,218.9473,0
5601.105,352.489,0
5873.977,439.3958,0
5964.625,412.1897,0
5901.288,300.5393,0
5875.959,430.801,0
5659.202,434.9309,0
5995.931,394.9719,0
5773.285,219.1487,0
6002.003,336.6145,0
5895.357,386.583,0
6038.76,336.5601,0
5815.22,249.8772,0
6111.292,322.9661,0
5910.834,390.2905,0
5763.579,363.3918,0
6213.976,394.7212,0
6025.121,373.3069,0
6052.897,330.4487,0
6022.615,446.0383,0
5953.346,358.7986,0
6181.283,340.0339,0
5934.526,380.3704,0
5803.459,386.3328,0
5734.401,341.4551,0
5769.326,382.6709,0
5973.567,374.7092,0
5831.778,376.7524,0
5510.006,325.0017,0
5259.965,320.1763,0
5664.454,242.3066,0
5941.085,392.9392,0
5754.22,294.8452,0
5394.548,266.9067,0
5585.149,363.6306,0
6070.097,331.7554,0
5941.287,411.6379,0
5842.436,378.8411,0
5972.323,208.9941,0
5967.411,350.6526,0
6036.186,419.0649,0
5905.204,370.575,0
5915.311,405.0427,0
5869.7,288.4661,0
6037.113,319.1062,0
6061.078,309.918,0
6001.976,339.137,0
6151.709,232.6365,0
5946.474,263.8616,0
6159.029,399.3215,0
6168.922,403.6804,0
5714.273,311.1926,0
5861.837,480.6643,0
5510.311,306.9126,0
5025.447,273.7788,0
5571.935,392.0005,0
5900.577,387.0847,0
5971.93,397.1335,0
6014.41,304.1733,0
5881.981,433.9736,0
6009.853,442.5894,0
5629.267,485.9683,0
5737.737,319.9751,0
6218.567,412.0334,0
5803.734,523.7524,0
5841.208,494.9712,0
5485.787,307.043,0
5729.699,424.6497,0
5740.445,229.1045,0
5959.815,410.1477,0
5608.195,454.8706,0
5608.293,372.8235,0
5439.69,300.729,0
5884.694,364.0566,0
5732.192,401.3289,0
5463.726,340.4094,0
5860.398,404.6257,0
5815.462,444.4434,0
5935.621,318.6484,0
5968.138,355.0979,0
6014.725,535.7288,0
5956.687,339.552,0
5789.778,370.3992,0
5673.99,357.5999,0
5715.289,327.2246,0
5897.125,423.0332,0
6056.813,325.5718,0
5906.917,370.9712,0
6127.339,282.9478,0
5792.526,354.415,0
5854.428,369.5681,0
5788.731,305.7488,0
5978.893,338.6563,0
5857.802,239.6938,0
5803.143,415.2268,0
5390.211,358.7319,0
6023.671,319.314,0
5937.273,349.7883,0
5760.406,318.3584,0
5871.226,319.5671,0
6079.137,424.7527,0
5794.911,373.7573,0
5661.308,232.4646,0
6045.686,305.7803,0
6084.432,366.7813,0
6105.701,362.3298,0
6085.076,397.3579,0
5463.557,261.3259,0
6094.603,488.3796,0
5952.43,314.3604,0
5882.014,437.9297,0
5935.954,276.5457,0
6001.873,321.8306,0
5513.491,376.6448,0
6009.915,376.9143,0
6174.375,324.9131,0
5757.957,252.3235,0
5366.567,356.1658,0
5901.017,386.8809,0
6033.932,216.7717,0
6242.47,300.0178,0
5897.684,307.2385,0
5703.261,344.0605,0
5943.57,332.2498,0
6037.201,357.811,0
5867.002,263.8193,0
5186.882,285.7053,0
5503.479,286.1028,0
5443.305,324.3723,0
5674.61,395.8076,0
5953.358,283.5801,0
6266.021,223.7725,0
5941.477,405.7915,0
6182.179,332.1489,0
5991.808,430.6909,0
5628.655,393.9246,0
5723.04,348.6174,0
6049.11,385.3252,0
5827.034,326.627,0
5914.456,337.9587,0
5695.363,365.7092,0
5857.694,307.0569,0
6161.121,215.1265,0
5948.63,386.4399,0
5867.391,390.3105,0
5722.158,378.1824,0
5933.295,325.9307,0
5939.76,493.1526,0
5839.927,207.4629,0
5856.473,367.8899,0
5903.43,401.45,0
5901.562,363.8767,0
5473.572,399.8562,0
5992.376,269.7175,0
5739.047,314.5422,0
5661.009,295.0566,0
5916.853,388.7207,0
6048.225,382.3357,0
6146.062,379.4805,0
5938.353,318.9841,0
5910.899,393.2346,0
6010.238,438.6389,0
5724.346,320.0654,0
5396.307,295.689,0
5933.032,445.9951,0
5776.836,311.541,0
5763.009,320.6267,0
6061.969,328.9331,0
5434.77,250.7969,0
5677.938,452.8838,0
5371.299,336.6353,0
5428.806,200.5337,0
5859.702,380.2822,0
5939.023,401.0747,0
5867.212,392.1868,0
6164.024,352.6863,0
5677.524,462.3997,0
5663.024,317.4722,0
5717.543,293.7244,0
5854.379,369.3,0
5951.12,396.3972,0
5638.42,389.2507,0
6163.206,345.0977,0
5908.382,351.6094,0
5773.96,453.7561,0
5872.63,263.2153,0
5885.879,361.5127,0
5774.42,388.9741,0
5902.603,483.6289,0
6121.442,384.3567,0
5616.542,269.4797,0
5904.146,363.6877,0
5734.945,360.3499,0
5889.775,364.7783,0
5973.74,336.9824,0
6102.335,255.666,0
6029.646,310.4912,0
6005.628,348.3806,0
5870.492,268.6299,0
6059.885,397.8506,0
5755.237,493.9197,0
5867.951,435.5723,0
5976.626,341.0435,0
5937.799,328.0991,0
5919.896,276.6482,0
5620.364,204.0042,0
5849.093,347.1885,0
5687.865,375.8904,0
5924.652,404.3994,0
5782.631,341.488,0
5983.243,256.54,0
5979.372,392.2305,0
5891.76,372.1533,0
6142.021,350.4143,0
5863.752,421.6294,0
5743.728,388.3716,0
6219.287,300.0066,0
5655.017,295.595,0
5741.111,353.8921,0
6309.964,328.8711,0
6084.729,406.6377,0
5985.836,311.936,0
6167.13,295.863,0
6063.082,383.9211,0
6007.229,319.3733,0
5793.286,309.0044,0
5570.359,217.4282,0
5453.349,359.3958,0
5717.991,338.4509,0
6015.627,359.3689,0
6213.293,430.8533,0
5987.952,421.2983,0
5735.416,353.3589,0
6041.881,295.4917,0
5439.176,310.2727,0
5726.796,365.9255,0
6037.647,345.9006,0
5612.54,292.0903,0
5879.02,345.3447,0
5476.959,357.6506,0
5808.863,370.0613,0
5944.957,397.1733,0
5931.078,359.0117,0
5257.517,263.5151,0
6094.636,343.4812,0
6051.097,379.9546,0
5920.734,483.9512,0
5998.87,336.3535,0
5714.421,310.4587,0
6015.985,412.4268,0
5987.895,387.3306,0
5969.024,489.9985,0
5968.394,302.8438,0
5709.943,385.0659,0
6079.504,220.9084,0
5738.604,384.6003,0
5797.797,345.7078,0
5719.739,400.9304,0
5852.927,309.8267,0
5735.832,381.2197,0
6057.333,417.4033,0
5360.359,258.9084,0
5426.038,314.4814,0
5821.255,334.9829,0
6021.931,451.6379,0
6149.074,398.4768,0
5866.833,224.052,0
5866.767,338.0918,0
6060.743,323.2537,0
6076.067,429.7502,0
5940.586,318.8293,0
5665.478,445.1943,0
5554.935,328.4187,0
5749.777,232.8496,0
6032.145,583.719,0
5968.708,454.3816,0
5384.382,484.9927,0
5730.159,311.7185,0
5759.295,407.8577,0
5396.807,381.3008,0
5949.919,331.4878,0
6026.625,304.1379,0
6104.783,399.395,0
6088.008,307.2837,0
5776.893,259.7209,0
5966.522,458.3816,0
6000.926,371.749,0
5525.29,353.9805,0
5914.137,394.8101,0
5846.345,354.2729,0
5938.596,371.4504,0
5407.481,407.7344,0
5733.197,288.5591,0
5454.056,335.0886,0
5310.356,295.7148,0
6091.742,203.2732,0
6111.956,280.4939,0
6092.823,259.9734,0
5902.957,400.6836,0
5940.318,266.7527,0
5947.154,327.1602,0
5711.662,338.5159,0
5868.976,254.2002,0
6085.041,269.5107,0
5883.103,332.1697,0
5925.89,315.8765,0
6201.592,416.0398,0
5921.333,377.9839,0
5921.116,393.7744,0
5891.995,356.0791,0
5975.249,338.0037,0
5994.798,276.1499,0
5964.291,454.4229,0
6059.417,353.3198,0
5049.842,252.1299,0
5636.189,247.3333,0
5898.525,348.2759,0
5276.786,300.323,0
5767.995,417.7756,0
5909.04,434.4417,0
5715.813,321.5815,0
5772.244,2488.0,
5703.662,307.178,0
6036.01,361.1287,0
6023.088,425.6997,0
5862.545,433.9041,0
6087.551,487.4165,0
5218.51,351.5408,0
5771.937,377.6299,0
6070.818,343.769,0
5718.593,253.3652,0
5609.001,445.0698,0
5877.854,293.3655,0
5925.163,355.3701,0
5788.831,408.8252,0
6057.42,409.5564,0
5657.845,314.7253,0
5982.879,324.0085,0
5705.553,388.0198,0
5907.674,281.1411,0
6051.657,445.3079,0
6232.23,369.4209,0
5548.091,362.5154,0
6052.533,339.9983,0
5965.737,356.2891,0
6157.477,353.0708,0
5954.195,424.1003,0
5617.719,254.1494,0
5644.538,286.25,0
5849.89,379.2666,0
5641.209,339.7957,0
6013.013,379.1387,0
5943.24,332.9519,0
6032.311,333.0281,0
5984.365,498.0862,0
5950.678,275.0203,0
6022.62,425.1619,0
5761.847,437.1887,0
5906.771,369.415,0
5882.508,379.395,0
6046.418,401.5103,0
6222.127,376.1655,0
5959.446,362.137,0
5895.442,419.147,0
6013.183,306.7712,0
6258.71,320.1221,0
5556.76,341.5784,0
5987.894,417.501,0
5486.593,272.4619,0
5729.561,273.459,0
5851.646,440.3958,0
5744.07,375.4795,0
5467.422,329.9919,0
5966.934,446.8059,0
5691.576,368.9551,0
5827.772,396.9023,0
5999.028,327.0449,0
5991.61,350.8547,0
5825.6,377.4128,0
5655.509,358.4026,0
5679.46,400.8452,0
5909.754,325.0371,0
6205.292,336.9246,0
5841.792,309.6704,0
5809.038,339.075,0
5546.741,310.9431,0
5987.086,316.1265,0
6180.795,364.0173,0
5406.083,240.103,0
5913.996,320.4087,0
5958.155,435.3115,0
6085.158,314.5679,0
6038.949,356.8259,0
5962.172,315.5403,0
5851.886,264.4856,0
6008.649,252.7312,0
5937.021,329.9519,0
5614.355,339.7988,0
6223.835,364.6655,0
5297.489,275.9744,0
5649.76,339.6064,0
5786.95,352.376,0
6001.642,289.0918,0
6007.495,242.8821,0
6036.344,365.1951,0
5546.282,307.2351,0
5428.347,332.9648,0
5828.89,217.4443,0
5186.695,364.1355,0
5574.103,377.1885,0
5864.132,353.6929,0
6120.125,320.366,0
5916.44,510.4678,0
5966.797,309.4121,0
5650.669,421.1731,0
5970.803,284.574,0
5797.25,344.166,0
5887.26,330.9067,0
5561.863,384.5884,0
6029.846,297.9485,0
5404.278,307.3127,0
6002.819,373.6042,0
5989.5,427.9177,0
5709.491,368.7278,0
5545.375,186.0725,0
6023.264,259.6936,0
5822.011,335.1465,0
6116.321,290.6436,0
5443.038,294.1575,0
5661.285,434.4336,0
5316.463,254.8215,0
5822.378,179.3496,0
6066.951,316.8689,0
5945.2,319.2412,0
6012.151,311.2712,0
5842.109,378.6287,0
5736.308,370.866,0
6037.304,325.4121,0
5732.549,312.2615,0
5664.83,358.3616,0
5808.714,321.5818,0
5998.213,204.3276,0
5991.873,349.2422,0
5957.935,387.3884,0
6085.023,231.8638,0
6061.759,303.3643,0
6084.724,238.0076,0
6005.535,405.4734,0
5982.787,274.7896,0
5842.791,449.0745,0
6043.157,354.4863,0
5848.623,199.3008,0
5693.545,341.7756,0
5459.49,307.6677,0
5868.863,353.2708,0
5847.332,385.386,0
5653.528,372.5491,0
5923.296,350.3423,0
5802.085,345.7456,0
5781.622,558.4875,0
5974.818,311.0078,0
5853.377,388.8875,0
6067.963,374.9077,0
5905.583,288.3796,0
6079.854,447.5862,0
6138.111,417.8884,0
5966.584,280.3826,0
5943.833,440.0068,0
5713.489,420.6753,0
5922.282,389.7959,0
5858.447,577.1487,0
5945.421,415.3376,0
5706.399,301.3572,0
5888.754,413.292,0
5653.076,479.9771,0
5863.415,351.0149,0
5792.488,427.6084,0
5987.723,395.7981,0
5697.577,345.7729,0
5691.812,350.2717,0
6075.292,361.512,0
6189.273,462.991,0
6060.827,546.3315,0
5550.374,292.6013,0
5536.676,427.677,0
6099.129,320.4587,0
5754.498,360.7083,0
5974.892,424.3733,0
5930.382,373.7922,0
6059.09,405.9529,0
6153.632,341.6396,0
6088.313,333.0793,0
6027.41,461.8235,0
5942.228,353.7512,0
5977.617,286.0891,0
6147.121,370.1951,0
5822.729,296.6348,0
5719.099,368.4531,0
5814.573,366.3645,0
5768.871,379.2473,0
5653.596,271.8506,0
5326.15,423.6741,0
5964.811,298.3811,0
5781.386,409.5261,0
5999.006,329.396,0
5994.115,504.4502,0
6035.727,422.2844,0
5866.399,323.9534,0
5679.903,252.842,0
5597.092,326.7869,0
5509.705,339.4084,0
5991.717,319.8958,0
5927.496,327.658,0
5605.01,366.1709,0
5355.429,383.8225,0
5564.504,352.6155,0
5649.655,325.0789,0
5813.896,452.0266,0
6082.69,384.3975,0
5672.729,398.2827,0
5886.195,422.4487,0
5776.199,320.6155,0
6151.747,312.6807,0
6081.219,477.0642,0
5733.278,279.623,0
5859.175,336.9509,0
5891.109,304.564,0
5898.744,327.0215,0
6037.469,365.8267,0
5646.04,316.2903,0
5773.073,329.1746,0
6201.692,395.0469,0
5770.086,338.5811,0
6004.179,338.7488,0
5921.126,382.7002,0
5743.797,276.0291,0
5704.609,379.2268,0
5963.861,385.762,0
5607.821,314.446,0
5936.715,392.8748,0
5782.758,431.6055,0
5819.526,251.2458,0
5828.618,240.9663,0
5877.526,321.2324,0
5874.453,271.2329,0
6076.621,324.0325,0
6065.97,388.1318,0
5830.163,475.2192,0
5746.291,316.7517,0
5912.029,347.0234,0
5862.197,305.4443,0
5213.967,336.9617,0
5305.994,392.0159,0
5747.729,406.1865,0
5963.184,489.7937,0
6080.886,379.7512,0
5709.373,401.1611,0
6000.915,418.6028,0
5435.612,267.4067,0
5906.64,387.1887,0
5826.186,452.905,0
5801.528,433.4084,0
5785.755,379.2412,0
5946.311,505.0562,0
5842.94,285.2722,0
5963.726,339.6489,0
5433.094,304.0366,0
5833.333,407.0217,0
5958.842,221.4773,0
5814.756,360.0408,0
5907.379,396.9995,0
6052.433,356.5811,0
6034.744,313.8811,0
5853.352,356.0559,0
6149.271,329.8032,0
6007.69,338.9509,0
5672.834,343.1035,0
5724.555,399.114,0
5954.804,322.9917,0
5814.224,295.7449,0
5763.694,180.2361,0
5833.455,351.5024,0
5940.433,381.9846,0
5946.906,272.3755,0
5979.186,320.5081,0
5963.207,446.052,0
5925.997,405.9299,0
5272.966,322.8877,0
5907.171,353.3564,0
6091.391,438.6626,0
6268.107,172.0745,0
5726.788,319.3352,0
5920.887,332.4724,0
6063.081,367.187,0
5693.726,441.5635,0
5918.904,278.7825,0
5352.249,327.1384,0
5990.147,411.812,0
5721.214,334.6465,0
5933.051,263.8589,0
6081.973,206.8569,0
5940.089,380.1345,0
5802.897,550.9429,0
6263.78,269.5259,0
5904.893,299.061,0
5957.223,347.532,0
5564.5,185.4211,0
5779.681,197.2207,0
5448.422,262.0295,0
5799.237,238.1982,0
5845.721,289.5894,0
5884.386,317.1726,0
5768.864,271.5166,0
5660.576,464.4438,0
5912.024,432.8796,0
5804.819,415.6646,0
5825.334,346.5747,0
5729.939,372.969,0
5732.582,423.6042,0
5663.848,392.8584,0
5778.615,415.1128,0
5382.728,265.7556,0
5696.993,418.8206,0
5938.596,334.4846,0
6020.098,285.1719,0
5707.791,287.9695,0
6094.678,429.4497,0
5760.785,362.6743,0
6230.652,373.6973,0
5951.116,373.2549,0
5722.131,424.1729,0
5450.353,366.6921,0
5884.788,308.3076,0
5789.287,328.9263,0
6151.037,401.459,0
5828.813,277.6025,0
5981.284,365.9534,0
5805.006,354.385,0
5814.064,275.821,0
5965.56,397.52,0
5728.167,313.5313,0
5827.679,226.7676,0
5847.213,376.5627,0
5683.719,333.7837,0
5815.002,448.0779,0
5940.506,333.491,0
6012.346,391.7759,0
5875.165,281.7832,0
5767.232,432.1069,0
5899.379,437.3694,0
5647.021,369.801,0
5726.064,417.1096,0
5996.329,307.2036,0
5839.254,423.1597,0
6060.3,450.1228,0
5948.663,206.3813,0
5987.17,335.9524,0
6005.454,376.4539,0
5426.475,327.2747,0
5596.287,404.3445,0
6065.704,323.6833,0
5566.344,366.2244,0
5829.314,330.072,0
5825.249,409.3396,0
5551.317,437.3113,0
5788.163,296.0176,0
6137.212,420.9321,0
5904.249,323.6775,0
6075.995,435.3379,0
5698.417,336.4795,0
6037.553,395.3831,0
5287.893,291.0623,0
5599.603,440.2678,0
5941.824,470.6458,0
5811.922,403.2839,0
5842.173,316.6145,0
5996.067,424.397,0
5790.301,420.8994,0
5969.739,410.1135,0
5341.758,366.7095,0
5726.982,332.7288,0
5951.254,466.3086,0
6039.378,402.8135,0
6248.848,349.1265,0
6245.69,373.2949,0
5403.81,306.1738,0
6342.147,324.7769,0
5854.299,347.7078,0
5839.692,327.8267,0
5858.167,354.3142,0
5613.938,387.2056,0
5640.803,459.9089,0
6045.12,475.3501,0
5647.74,392.4814,0
5842.789,409.5588,0
6006.637,342.2285,0
5762.365,404.4314,0
6085.659,398.6443,0
5740.135,272.6028,0
5623.103,436.5442,0
5501.664,256.7061,0
5852.743,417.7402,0
5722.231,395.821,0
5810.014,333.5388,0
5888.458,490.3528,0
6128.015,406.8247,0
5619.908,490.1838,0
5443.386,277.3499,0
5570.208,313.2432,0
5268.511,273.2095,0
5834.74,394.4055,0
6003.86,257.2065,0
6066.851,297.7439,0
5845.539,463.7217,0
5455.273,374.197,0
6056.774,325.52,0
5660.651,411.4333,0
5999.443,267.2117,0
5848.891,309.2156,0
5954.317,427.7319,0
5594.095,368.4985,0
5636.105,375.1521,0
5983.779,436.8604,0
5913.221,299.9358,0
5869.946,477.1531,0
5749.947,228.4983,0
5838.55,518.7629,0
5056.688,323.0203,0
5601.628,379.3738,0
6106.777,375.2578,0
5040.354,348.7175,0
6029.002,372.3682,0
5879.509,349.8884,0
6104.066,417.2456,0
6039.114,299.9438,0
5996.915,349.0476,0
5857.998,257.9705,0
5940.546,449.782,0
5184.489,346.8699,0
5647.319,358.7805,0
5639.331,301.2427,0
5196.215,346.9739,0
5719.444,333.823,0
5975.256,362.7881,0
6031.887,446.658,0
6074.95,424.2368,0
6025.521,284.1997,0
6004.98,331.6582,0
6088.177,386.864,0
6069.994,371.6133,0
5516.038,374.5681,0
5968.041,394.8271,0
5552.094,461.8545,0
5996.179,354.8069,0
5275.351,331.8582,0
5730.005,439.5894,0
5847.819,398.1179,0
5528.3,362.2222,0
5687.891,292.7925,0
6002.609,363.2024,0
5314.478,315.3564,0
5602.886,320.2991,0
5786.905,360.1299,0
5957.564,308.8425,0
5622.165,330.2556,0
5441.573,279.2791,0
5927.125,359.2607,0
5901.2,424.7522,0
5185.196,307.1147,0
5301.948,307.8779,0
5352.031,239.6099,0
5576.412,380.1191,0
6030.789,344.5298,0
5758.777,305.4255,0
5718.16,447.3904,0
6015.026,440.1514,0
6073.917,387.1743,0
5908.253,413.0603,0
5450.083,336.3848,0
5608.601,191.1943,0
6053.622,415.9626,0
5889.126,387.4868,0
5545.156,225.7019,0
5977.474,323.8379,0
6114.837,499.4629,0
5945.954,318.9114,0
5573.427,394.9021,0
5635.098,411.8862,0
6001.724,347.5813,0
5679.412,406.7231,0
5876.396,346.2759,0
5757.535,386.8601,0
5699.291,316.6191,0
5611.017,301.1729,0
5634.502,239.9568,0
5790.66,389.0779,0
5340.518,306.0386,0
5549.719,449.6436,0
5970.063,311.6062,0
5879.836,374.7537,0
5937.753,424.6301,0
5937.237,355.1589,0
5926.255,487.0688,0
5628.29,428.6499,0
5620.45,276.7593,0
5683.039,309.9255,0
6045.722,368.5308,0
5748.176,302.7275,0
5886.672,323.1924,0
5930.077,418.9827,0
5730.553,455.6807,0
5637.421,307.2266,0
5540.231,263.0466,0
5835.732,346.1443,0
5880.292,368.6516,0
6071.421,328.2913,0
5508.035,315.5935,0
5907.238,376.207,0
5640.632,371.1797,0
6129.555,405.1604,0
6118.186,384.5173,0
6020.771,309.7583,0
5753.284,333.281,0
5842.963,363.0786,0
5831.916,382.0359,0
5511.935,289.2205,0
5920.393,366.5342,0
6166.592,396.7314,0
5851.484,317.8203,0
5512.121,296.9478,0
6011.34,268.4177,0
5973.201,521.9355,0
6042.506,310.032,0
5979.195,369.5715,0
5957.544,316.8425,0
5950.011,435.0339,0
5689.019,469.9443,0
6095.093,489.3296,0
5924.903,387.4055,0
5881.183,358.4888,0
6170.169,437.5493,0
5611.453,560.5869,0
5909.189,313.9939,0
5846.039,356.1941,0
5858.512,352.4214,0
5916.07,363.7417,0
5880.556,496.251,0
5636.091,241.2244,0
5948.165,311.5522,0
6159.613,369.8274,0
6015.712,316.6956,0
5846.884,416.5291,0
6030.063,426.7183,0
6040.672,378.7261,0
5744.09,344.6726,0
5828.807,377.6116,0
6025.2,375.094,0
5392.524,394.4565,0
6112.516,434.6465,0
6001.026,274.0261,0
5738.948,379.7427,0
5741.013,456.9763,0
5930.112,264.115,0
6009.843,297.092,0
5588.141,393.9319,0
5958.805,437.7473,0
5685.063,454.729,0
5672.836,362.2773,0
5963.732,288.6877,0
6103.493,270.9951,0
5970.407,284.6785,0
5653.972,424.2385,0
5814.038,404.6753,0
6015.471,449.9397,0
5630.074,382.6348,0
6037.844,370.9133,0
6004.182,263.0093,0
5957.523,400.1726,0
5893.639,438.5969,0
6008.858,443.2773,0
5866.984,375.2183,0
5863.684,324.8567,0
5690.542,238.4766,0
5662.387,453.7646,0
5613.792,289.5015,0
5499.96,330.7554,0
5765.229,543.5789,0
5897.163,398.957,0
6143.382,401.687,0
5890.25,305.9253,0
5662.146,301.5569,0
5946.94,367.217,0
5530.508,370.8506,0
5834.78,392.0815,0
5903.959,318.9319,0
5901.045,314.1897,0
5971.432,5542.0,
5981.148,420.8289,0
5920.481,404.7017,0
5902.501,317.1682,0
6062.515,334.554,0
6130.634,306.4595,0
5803.543,376.6218,0
5822.088,381.1389,0
5585.809,377.0005,0
5817.955,375.0715,0
5930.179,361.5549,0
5800.625,406.2651,0
5620.998,352.7751,0
5838.547,348.0098,0
5756.67,225.4585,0
5895.259,279.7881,0
5918.937,305.0022,0
5773.013,399.5146,0
5939.868,302.6699,0
5421.619,353.0139,0
5810.698,359.6016,0
5570.099,273.342,0
5942.355,401.9893,0
5556.464,332.9746,0
5618.355,367.001,0
5902.911,280.8108,0
6050.03,331.2576,0
5798.01,395.8428,0
5757.126,301.9446,0
6078.721,369.4182,0
5799.368,556.9971,0
5914.81,383.5415,0
5599.318,272.3945,0
5257.788,336.4517,0
5423.938,333.9207,0
5792.102,336.7019,0
5171.871,257.8323,0
5822.071,252.1699,0
5763.558,406.0945,0
5812.84,384.6882,0
5718.73,264.7358,0
5815.768,317.6296,0
6266.375,310.3318,0
5510.544,278.2654,0
6073.855,449.5872,0
5916.516,342.5776,0
5988.555,370.5359,0
5979.891,425.7483,0
5952.104,270.1179,0
5943.28,341.4595,0
5787.934,388.6604,0
5565.365,282.5793,0
5940.725,269.9536,0
5928.481,339.71,0
5549.994,196.4321,0
5709.283,353.0479,0
5982.02,327.313,0
5989.439,277.8735,0
5849.546,342.3552,0
5861.667,405.5361,0
5876.417,312.168,0
6126.568,326.0442,0
5770.235,175.0298,0
5474.615,319.3379,0
6094.62,337.2341,0
5299.471,243.7961,0
5644.693,365.3281,0
5852.613,371.9431,0
5469.143,312.8823,0
5873.374,255.9727,0
5746.718,304.356,0
5768.454,251.0676,0
6175.17,232.2705,0
5643.065,335.4431,0
5592.482,287.6741,0
5906.298,314.3232,0
6025.655,460.844,0
5932.91,399.4653,0
5899.279,305.6699,0
6065.556,509.8679,0
5667.188,256.7849,0
5331.977,302.7268,0
6059.522,267.5469,0
5732.497,275.3181,0
5931.166,334.2656,0
6217.522,330.6758,0
6026.567,417.0417,0
5981.11,348.6069,0
5792.412,345.5767,0
5892.928,349.9419,0
5973.876,348.0322,0
5647.948,305.8267,0
5566.028,363.6589,0
5791.313,386.7095,0
5731.987,359.8105,0
5980.509,450.5872,0
5947.688,362.4417,0
5988.46,378.7507,0
5576.84,326.3838,0
5386.709,320.0757,0
5710.986,306.6531,0
5830.806,336.373,0
5697.405,431.7534,0
6081.894,261.9087,0
5996.627,263.0215,0
6035.059,417.6365,0
5907.194,387.1909,0
6076.439,342.3606,0
6007.226,265.6484,0
5682.263,239.7673,0
5844.565,273.1033,0
5879.727,345.7273,0
5919.509,367.4243,0
5780.628,229.6338,0
5459.858,350.9724,0
5996.863,406.3823,0
5785.48,389.6475,0
6058.724,428.5115,0
5819.505,328.6477,0
5694.316,346.5044,0
5895.525,410.3486,0
5981.904,357.3582,0
5968.621,423.1099,0
5873.543,375.717,0
5308.962,297.179,0
5903.206,305.8403,0
5581.027,282.4319,0
5707.461,308.9175,0
5988.726,288.9612,0
5910.114,280.2993,0
5835.622,424.135,0
5573.803,351.8853,0
5921.204,469.0781,0
5975.685,331.2556,0
6112.479,434.7722,0
6125.255,214.9163,0
5765.464,417.7944,0
5864.112,387.7034,0
6021.304,320.5195,0
5955.366,425.9695,0
5685.27,348.8647,0
6095.352,279.5234,0
5775.402,310.6785,0
5939.734,371.8613,0
6194.363,333.7781,0
5772.086,398.2976,0
5509.306,232.5579,0
5982.484,291.2603,0
5827.748,239.3936,0
5578.444,391.6099,0
6202.777,296.4492,0
6154.47,392.3308,0
5977.134,374.3113,0
5643.297,289.0427,0
5805.849,364.7019,0
5982.004,276.6453,0
5078.648,238.7041,0
5551.522,236.0764,0
5692.182,310.0342,0
5724.15,336.3967,0
6005.089,402.9966,0
5485.481,318.0042,0
5848.202,315.2258,0
5986.201,390.2185,0
5842.357,354.8242,0
6075.862,203.9167,0
5801.701,350.8293,0
5318.427,296.8384,0
5742.391,231.6621,0
5793.279,256.4597,0
5809.844,268.7295,0
5668.357,295.4944,0
5863.622,448.0715,0
5760.594,373.041,0
5741.933,544.3408,0
5984.131,351.3867,0
5961.094,428.6575,0
5623.973,267.437,0
5724.655,356.5208,0
5596.292,288.7617,0
5958.693,382.7317,0
5964.838,474.5669,0
5815.646,354.6479,0
5806.36,301.5867,0
5702.142,374.4048,0
6093.548,382.5911,0
6252.607,426.4177,0
5691.591,329.8015,0
5848.321,280.5217,0
5850.343,388.5896,0
6039.05,347.6177,0
6033.352,444.281,0
5916.626,278.9329,0
5899.863,395.1282,0
5474.673,225.6982,0
6028.962,303.677,0
5857.032,294.2571,0
5947.623,418.5999,0
6061.379,396.0959,0
5547.724,366.5989,0
5928.595,281.9514,0
5859.601,494.5105,0
5944.208,279.4968,0
5941.636,302.6714,0
6046.017,431.4482,0
5480.13,277.6458,0
5921.385,319.2668,0
5927.559,385.23,0
5772.802,421.2585,0
5859.318,372.1318,0
6007.362,364.4575,0
5461.482,357.9412,0
5963.353,444.0154,0
5324.241,359.5381,0
6002.182,348.4543,0
5999.352,331.6487,0
5870.063,227.6943,0
5981.168,446.4822,0
5914.353,378.2678,0
5774.407,388.6306,0
5527.304,315.2029,0
5677.018,274.9514,0
5565.93,217.8875,0
5503.235,264.7126,0
5626.5,325.1074,0
5721.608,379.5906,0
5796.828,317.3215,0
5655.991,256.9231,0
5907.531,285.1667,0
6134.15,253.4253,0
5507.559,299.1021,0
5973.588,297.9456,0
5695.057,306.7124,0
5903.255,517.626,0
6024.687,368.8779,0
5949.717,422.2805,0
6038.882,321.6621,0
5818.438,481.4058,0
5923.998,337.7185,0
5418.056,223.2236,0
5894.276,300.918,0
5474.278,346.9033,0
6073.983,300.6726,0
6025.215,363.2998,0
6002.484,412.449,0
5765.311,389.6997,0
5830.643,199.7058,0
5672.595,510.0508,0
5842.136,300.9949,0
5979.805,252.636,0
5841.971,466.99,0
5934.747,289.5273,0
5762.813,353.8391,0
5817.157,255.7092,0
5987.083,366.2327,0
6213.137,318.241,0
5975.665,245.5242,0
5192.517,436.094,0
5986.512,310.564,0
6208.36,292.8,0
5804.55,286.2922,0
5795.117,420.8242,0
6005.852,406.3135,0
6151.277,202.054,0
6039.756,372.7954,0
5730.759,335.5808,0
5942.436,208.3223,0
5792.619,152.5212,0
5752.059,390.2932,0
5956.645,373.7712,0
5474.396,384.0342,0
5588.706,454.5837,0
5749.85,447.5337,0
5863.043,385.26,0
5813.326,475.3735,0
5924.254,286.219,0
6064.459,344.717,0
6183.683,393.615,0
5800.886,366.2947,0
5766.232,334.0359,0
5174.355,311.0337,0
5956.38,300.1575,0
5934.822,381.0803,0
5335.746,241.1458,0
5952.247,382.1313,0
5457.593,221.1353,0
5789.258,268.2808,0
5522.774,274.9106,0
5608.461,394.4915,0
6063.428,390.9089,0
6153.585,290.2393,0
5926.197,453.7996,0
5713.278,349.4822,0
5613.766,261.0522,0
5678.679,315.3416,0
4983.481,333.1311,0
5642.082,283.8494,0
5768.019,287.1355,0
5818.836,329.3281,0
5792.322,380.9607,0
5300.659,394.4153,0
5674.298,443.439,0
5773.299,431.6736,0
5968.615,323.3179,0
5795.686,361.5361,0
6177.18,318.3369,0
5595.788,207.3218,0
5812.843,285.6902,0
5930.897,472.0491,0
5719.196,350.2734,0
6095.772,385.7729,0
6052.925,347.5552,0
5972.531,392.708,0
5762.627,421.6877,0
5781.474,312.9421,0
5790.954,210.3347,0
5880.717,456.3948,0
5911.135,287.313,0
5949.11,535.833,0
5833.748,389.6021,0
5946.163,257.5266,0
5374.964,259.792,0
5986.153,424.7341,0
5978.131,456.687,0
5606.452,410.3833,0
5585.367,313.5605,0
5710.064,327.0454,0
6058.664,356.4553,0
6192.254,404.439,0
5769.965,513.05,0
5586.996,429.2766,0
5753.924,275.8896,0
5819.555,391.1653,0
5438.16,233.8792,0
6076.531,329.6685,0
5979.466,382.061,0
5785.854,411.3303,0
5926.069,324.738,0
5207.621,172.4236,0
5690.798,371.2898,0
5909.379,406.5278,0
5866.612,288.5525,0
5702.323,323.7092,0
5806.573,337.2395,0
5903.509,389.272,0
5968.255,361.2332,0
5807.481,363.2097,0
6027.777,372.7573,0
5870.331,315.9646,0
5578.601,311.9858,0
5897.863,427.9028,0
5625.685,419.0112,0
5563.561,252.355,0
5501.541,314.4858,0
5867.29,399.3975,0
5657.761,431.4058,0
6040.151,339.1108,0
6017.976,284.5806,0
5695.614,437.5525,0
5978.5,407.1433,0
5623.043,359.9514,0
5970.658,354.0862,0
6060.699,348.0017,0
5919.826,457.3811,0
5749.656,277.5791,0
6117.839,366.3105,0
6138.431,296.9519,0
5872.986,427.3533,0
6135.168,280.1804,0
6050.755,377.7769,0
5847.637,358.7454,0
5546.308,265.8721,0
6055.268,374.0764,0
5842.354,247.2375,0
5551.906,311.489,0
5686.499,483.6123,0
5311.209,386.874,0
5996.257,323.9346,0
5751.576,274.8999,0
5953.762,426.7939,0
5994.532,364.6199,0
5733.859,320.5305,0
5730.087,380.2876,0
5942.984,289.0398,0
5875.641,404.0349,0
5671.906,351.2278,0
5615.855,367.2168,0
5288.844,319.228,0
5775.702,406.1448,0
5855.726,435.0535,0
5964.585,358.3711,0
5957.354,303.5059,0
5892.59,380.345,0
5903.624,456.5488,0
6125.853,320.1794,0
5875.743,324.1128,0
5918.452,350.4805,0
5853.033,288.2056,0
5961.976,308.0144,0
5694.403,314.0171,0
5922.12,457.939,0
5388.869,301.7205,0
5863.362,352.6821,0
5761.016,325.2559,0
5562.714,420.9778,0
5850.247,426.7903,0
6048.78,302.918,0
6111.942,460.7356,0
5740.737,554.9426,0
5905.856,283.5801,0
6043.495,381.9963,0
5798.83,254.054,0
5842.425,361.3828,0
5827.483,395.3726,0
5801.95,337.1313,0
5992.7,455.3696,0
5949.309,431.9626,0
5804.515,331.1125,0
5963.31,360.2476,0
5978.74,232.749,0
6113.584,328.6533,0
5614.654,363.4626,0
5497.277,241.1343,0
5706.107,266.4695,0
6046.798,437.7058,0
5871.795,381.0605,0
6009.344,393.5269,0
5855.665,319.7307,0
6013.638,354.0542,0
5882.63,342.7485,0
5831.823,369.1516,0
5998.326,440.5413,0
5969.12,442.6804,0
6151.674,193.8286,0
5641.304,390.2896,0
5732.118,378.7788,0
5590.336,407.5364,0
5752.723,438.9868,0
5985.202,443.5837,0
5352.327,328.3333,0
5716.137,256.0955,0
5855.19,416.5173,0
6186.159,243.7395,0
6162.217,274.5923,0
5922.242,400.6631,0
5746.457,413.5803,0
6067.648,312.7402,0
5990.562,412.7087,0
5826.08,404.0754,0
5842.639,421.3857,0
6017.118,237.2727,0
5527.974,375.6411,0
5972.029,385.1357,0
5645.734,299.8701,0
5506.882,402.5789,0
5845.941,400.4355,0
5700.809,347.8728,0
5985.688,379.8591,0
5980.834,311.8433,0
5859.969,510.7107,0
5287.875,386.0874,0
6089.273,341.3521,0
5177.318,293.1189,0
5914.875,345.9897,0
5708.161,446.626,0
5761.381,391.9883,0
5719.428,392.2798,0
5918.164,298.4858,0
5960.552,403.6411,0
5778.438,405.2629,0
5458.357,356.8931,0
5808.1,388.4749,0
5945.227,325.9695,0
5819.707,465.7776,0
6002.158,381.5457,0
5891.952,400.3765,0
6028.397,344.4941,0
5873.594,375.3176,0
5596.052,346.0994,0
5575.251,375.6028,0
5697.202,408.363,0
5579.997,402.1802,0
5946.234,366.9172,0
5702.09,406.1323,0
5780.753,426.8689,0
5733.161,291.4583,0
6301.936,371.9119,0
5841.284,348.4202,0
5882.363,348.4717,0
5429.165,359.3411,0
5899.79,393.5313,0
5992.953,237.793,0
5965.833,362.3774,0
5258.833,432.0396,0
5607.155,240.5603,0
5607.688,434.1716,0
6088.797,387.085,0
5970.1,464.4404,0
5192.91,361.7034,0
5536.147,299.6003,0
6126.574,273.1873,0
5512.088,368.9272,0
6044.714,311.0613,0
5846.284,284.0002,0
5892.823,234.9158,0
5744.947,394.9309,0
5882.756,400.0386,0
5310.608,259.4126,0
5869.657,365.3718,0
5683.174,182.9097,0
5866.575,235.2239,0
5469.327,363.4402,0
5781.507,291.1592,0
6133.326,370.6658,0
5071.896,242.8501,0
6014.649,315.6797,0
5818.3,359.002,0
5699.153,349.2742,0
5635.947,380.7012,0
5856.76,385.4663,0
5855.534,358.1702,0
6015.926,468.5037,0
5567.932,209.8179,0
6016.324,399.5835,0
5830.375,388.3816,0
6070.816,344.8259,0
5731.713,399.0977,0
5781.646,343.2734,0
5921.606,448.1123,0
5778.32,421.1777,0
5882.914,429.9622,0
5969.602,361.3171,0
6107.596,287.7822,0
5730.214,381.6992,0
5868.102,404.1199,0
5773.006,346.1609,0
5992.493,334.2634,0
6272.327,283.1882,0
5583.805,344.6301,0
5722.329,390.4783,0
6057.276,398.7764,0
5692.225,360.7969,0
5711.082,378.0347,0
5995.166,309.2964,0
5697.381,446.4824,0
5303.966,255.8855,0
5396.776,326.5696,0
5860.644,364.1433,0
5694.127,317.2307,0
5922.736,397.2175,0
6138.168,343.894,0
5944.33,401.1951,0
5674.096,302.0269,0
5693.604,387.5754,0
5796.789,321.3118,0
5678.147,358.218,0
5920.329,312.2981,0
5726.093,401.8765,0
6019.355,409.0498,0
5993.103,388.2603,0
5747.607,360.2463,0
5665.779,331.196,0
5969.004,349.7651,0
5342.748,240.2026,0
5434.607,274.2817,0
5807.286,373.1768,0
6121.131,423.6047,0
5935.637,311.7966,0
5352.586,211.0046,0
5790.66,366.9155,0
5803.237,311.019,0
5888.482,368.2346,0
6049.539,357.8076,0
5996.285,361.7363,0
6021.788,513.0398,0
5803.514,279.3982,0
5738.513,261.5237,0
6101.401,351.6545,0
6093.822,181.5493,0
5963.265,396.7737,0
5543.608,313.9287,0
5811.338,333.2969,0
5918.54,305.1394,0
5794.141,384.7292,0
6042.779,380.0151,0
5879.32,374.7463,0
5621.528,437.3572,0
5823.264,374.7954,0
6075.443,266.47,0
5924.151,332.3848,0
5513.971,386.8252,0
5152.688,253.2305,0
5777.813,336.1523,0
5988.476,434.7969,0
5879.439,369.3264,0
5729.95,286.8862,0
6031.382,270.7856,0
6026.361,401.2991,0
5451.68,370.4353,0
5983.857,390.0046,0
5867.795,432.0347,0
5988.233,275.0608,0
6042.61,289.4546,0
6082.423,280.0286,0
5916.193,362.8394,0
5566.672,391.1255,0
5976.529,253.8948,0
5650.378,242.748,0
6023.152,301.0366,0
5924.298,505.6936,0
6090.196,360.2207,0
6037.654,179.6292,0
5811.303,389.9124,0
5776.813,253.8386,0
5624.043,263.0181,0
5461.202,197.5498,0
5931.885,330.2639,0
6036.6,339.4099,0
5750.807,334.8013,0
5608.165,463.9067,0
5904.037,396.0811,0
6097.801,456.9688,0
5962.213,365.9038,0
5605.555,356.7471,0
5526.575,256.311,0
5869.652,355.134,0
5949.716,320.1936,0
5971.651,374.0735,0
5746.235,322.7705,0
5484.99,355.1187,0
6080.398,386.6736,0
5668.095,365.946,0
5824.587,307.1196,0
5695.499,343.5374,0
5828.155,398.209,0
6102.397,192.8423,0
6005.581,321.2371,0
5691.246,322.668,0
5997.038,292.4163,0
5244.899,327.6785,0
5903.528,284.8923,0
5762.547,351.5298,0
5968.871,310.7595,0
5835.558,270.4124,0
6006.418,331.0005,0
6074.924,275.6887,0
6025.887,287.2095,0
5854.336,319.8481,0
5598.163,213.4873,0
5965.958,365.8359,0
5548.549,326.6914,0
5352.835,302.4387,0
5389.924,327.5352,0
5608.297,292.6255,0
5956.367,393.9536,0
5805.942,367.6953,0
6049.183,369.3867,0
5378.686,314.8494,0
5807.182,378.9712,0
5834.281,307.5964,0
5855.64,490.4324,0
5480.112,331.5981,0
5801.72,300.5403,0
5780.794,468.6521,0
5484.332,264.7898,0
5877.156,402.0984,0
6184.971,373.3862,0
5768.698,265.6418,0
5772.633,367.6414,0
5925.388,455.5083,0
5200.503,333.7017,0
5602.362,231.4893,0
5687.729,302.616,0
6077.279,377.114,0
6135.83,315.3,0
5643.786,316.4824,0
6004.618,417.3906,0
5884.694,373.6892,0
5911.835,284.793,0
5961.462,448.5901,0
5893.367,389.9978,0
5806.441,307.5859,0
5289.865,269.1633,0
5228.575,215.1563,0
5955.637,248.6702,0
5848.692,381.8347,0
5705.219,286.8108,0
5936.696,292.7744,0
5731.34,403.5815,0
6023.012,290.8757,0
6028.912,349.7422,0
5913.738,261.0264,0
6020.646,315.6248,0
5886.78,254.3601,0
5875.013,214.6111,0
5941.207,440.4058,0
5792.291,255.4895,0
6100.022,300.5544,0
5986.005,308.8345,0
6076.869,482.5103,0
6085.768,347.6365,0
5772.074,376.5815,0
5994.262,361.0386,0
5734.086,266.6995,0
5842.394,441.5403,0
5945.782,339.9587,0
6225.419,454.5227,0
5844.311,429.4753,0
6048.258,372.4946,0
5962.298,307.2075,0
5907.592,426.136,0
5987.253,335.0393,0
5867.225,374.2612,0
5782.104,416.3804,0
5898.5,347.7449,0
5785.365,307.9319,0
6043.734,405.5046,0
6004.581,352.7751,0
5647.558,366.7859,0
5933.154,279.5417,0
5481.105,342.5525,0
5800.573,302.5085,0
5622.927,219.5344,0
6043.213,353.1145,0
5888.247,318.5244,0
5841.015,366.604,0
5864.999,398.3191,0
5791.325,322.2761,0
5605.309,290.1509,0
5956.741,378.2683,0
6025.715,386.7332,0
5719.607,335.6404,0
5888.792,257.4885,0
6076.525,295.5151,0
6106.915,377.4785,0
5736.494,392.4089,0
6019.433,315.981,0
6055.921,474.603,0
5760.406,449.2151,0
5710.19,359.4243,0
5913.017,311.8022,0
5963.649,328.0935,0
6037.14,487.8628,0
5755.07,404.7449,0
5906.856,413.6416,0
5758.873,287.1184,0
6017.803,358.9475,0
6077.205,314.8625,0
5676.467,350.5994,0
5885.146,368.5696,0
6011.504,328.822,0
5936.111,299.5562,0
5939.962,360.5525,0
5867.704,378.4475,0
5563.305,417.6885,0
6073.045,427.5962,0
5317.928,392.7522,0
6006.74,417.4224,0
6213.564,368.6428,0
6036.266,443.6833,0
5805.58,420.4685,0
5910.818,409.2896,0
5843.849,409.394,0
6045.119,257.5747,0
5996.119,455.6338,0
5923.285,305.3406,0
5642.115,265.9036,0
5392.385,376.3728,0
5961.373,298.3433,0
5563.799,437.2576,0
5652.72,405.0461,0
5891.753,358.71,0
5785.865,518.2002,0
5850.67,408.3274,0
5720.487,322.9253,0
5696.901,323.4783,0
6160.507,348.3225,0
6083.608,214.0854,0
5867.844,275.3699,0
5961.741,382.3806,0
6113.196,343.7773,0
6303.591,210.5476,0
5989.396,335.5474,0
5886.183,286.8586,0
5969.105,337.4307,0
6095.216,365.4153,0
5861.977,365.2397,0
5836.676,241.199,0
5701.757,325.749,0
5343.814,280.0605,0
6015.545,377.626,0
5820.834,314.3655,0
5740.541,398.2351,0
5790.398,432.9421,0
5741.329,303.8735,0
5845.487,446.2297,0
5335.124,329.6138,0
5508.541,293.2192,0
5669.194,321.8525,0
5880.95,358.2493,0
5954.697,411.002,0
5883.346,336.8662,0
6104.482,277.0105,0
6042.751,395.0403,0
6041.053,454.5786,0
5721.922,382.6414,0
5623.725,320.1875,0
5730.717,308.521,0
6017.121,335.0273,0
5549.436,389.7441,0
6126.565,268.9785,0
5767.32,393.5203,0
5897.801,367.8694,0
5676.871,349.6248,0
5710.542,422.4402,0
5823.308,392.7305,0
5807.482,329.3608,0
5929.489,394.5674,0
5758.441,334.7764,0
5955.421,327.9338,0
5598.563,347.2346,0
5788.956,276.646,0
6095.415,308.1746,0
5298.379,310.9736,0
6282.51,322.3201,0
5649.48,305.0105,0
5967.759,371.5667,0
5353.69,257.1235,0
5757.241,423.4507,0
5888.91,306.1179,0
5897.305,524.7834,0
5880.789,433.5137,0
5950.362,359.0405,0
5989.693,301.4565,0
5815.044,352.4148,0
5903.235,461.1782,0
5965.138,376.7053,0
6074.141,198.2161,0
5813.459,324.7041,0
6000.946,411.7871,0
5991.396,202.8369,0
5668.233,389.5066,0
5368.013,309.3552,0
5912.081,427.9617,0
5816.378,366.2319,0
5337.181,365.4509,0
6020.875,338.2813,0
6017.582,287.6099,0
6047.456,359.8601,0
5804.575,386.0718,0
6030.157,442.2261,0
6027.139,439.4709,0
5427.484,286.2441,0
5632.576,289.2227,0
5770.259,313.1265,0
6047.651,398.6672,0
6031.654,372.1128,0
5959.383,244.4319,0
5932.665,307.2139,0
6039.887,334.0615,0
5874.346,325.3777,0
5225.146,262.1841,0
5893.667,288.9319,0
5672.2,330.0688,0
5377.398,277.8596,0
5907.944,345.0623,0
6014.688,358.8464,0
5846.47,412.7373,0
5766.913,296.501,0
5828.285,324.3699,0
5826.251,397.7676,0
5414.658,357.3958,0
5876.239,374.481,0
5528.554,263.8762,0
5867.268,404.824,0
6022.978,315.2131,0
5386.701,420.0491,0
5766.172,365.759,0
5730.596,395.5493,0
5178.627,255.5166,0
5912.246,274.9368,0
5372.097,300.05,0
5488.961,283.1311,0
5963.449,355.2083,0
5767.808,358.467,0
5824.248,403.4373,0
5876.314,317.1362,0
6015.095,436.2595,0
5837.404,461.3694,0
6022.475,260.6201,0
5866.736,402.7898,0
6011.629,333.1963,0
5698.996,482.2676,0
6021.466,421.0505,0
5796.264,478.0256,0
6221.193,458.5938,0
5472.524,399.4565,0
5462.836,210.2192,0
5427.681,308.4829,0
5939.839,355.9304,0
6229.569,300.7976,0
5371.03,244.251,0
5863.823,364.9636,0
5875.685,488.0237,0
5502.13,318.0076,0
5809.521,462.3633,0
5885.241,358.1172,0
6153.45,379.7097,0
6262.182,374.1853,0
5742.63,448.9341,0
5757.907,419.7764,0
5732.918,421.6924,0
5565.057,281.395,0
5658.911,341.5103,0
6051.342,262.2319,0
5545.101,386.7546,0
5684.225,308.0684,0
5537.69,311.0789,0
5892.059,378.3696,0
5984.088,275.0488,0
5790.003,394.4639,0
5910.981,279.4683,0
5778.406,288.512,0
5913.223,320.4841,0
5786.635,320.8271,0
5968.671,338.8496,0
5705.579,167.823,0
5779.419,300.0493,0
6149.755,326.1711,0
5343.277,298.0029,0
5433.86,286.5869,0
5865.857,365.6963,0
6043.921,370.2925,0
5559.96,397.0413,0
6124.096,242.0945,0
6090.716,304.8408,0
5905.613,305.4436,0
6009.787,349.7922,0
5945.069,404.3774,0
5196.745,444.5132,0
5888.005,328.4214,0
5686.026,307.0625,0
5734.15,293.5527,0
5602.762,277.5471,0
5560.676,302.9851,0
5927.473,349.4114,0
5714.771,393.8181,0
5485.349,381.5356,0
5869.563,302.2883,0
5637.467,348.0898,0
6024.717,290.7083,0
6229.35,312.1245,0
6076.358,370.2888,0
5862.178,353.3093,0
5646.594,379.166,0
5877.044,393.0012,0
5507.089,307.5232,0
5632.432,352.4512,0
5819.018,350.5693,0
6016.929,331.719,0
5821.612,334.4941,0
6036.498,189.4512,0
6223.561,362.9724,0
5525.019,323.2554,0
5841.355,403.1104,0
5950.732,322.5801,0
6092.353,286.1833,0
5340.72,299.4851,0
5853.283,198.5771,0
6090.035,449.2065,0
5880.145,390.6838,0
6025.749,251.6111,0
5871.096,429.5615,0
5800.053,369.5171,0
6186.034,279.0303,0
5672.7,396.1208,0
6106.276,343.759,0
5431.872,264.4966,0
5781.654,445.3086,0
6030.571,328.8772,0
5695.511,223.2942,0
5801.057,341.3137,0
5368.179,345.2358,0
5458.146,378.1121,0
5781.285,354.45,0
5855.91,262.3958,0
5878.612,405.063,0
5956.007,320.9512,0
5906.804,442.6309,0
5649.308,360.5574,0
5610.346,271.5256,0
5957.979,410.9453,0
5727.864,226.2893,0
5986.51,380.105,0
6014.198,271.7629,0
5733.726,322.7266,0
6086.887,358.0789,0
5978.707,362.9915,0
5968.892,399.7957,0
5623.694,295.0354,0
5910.836,357.0823,0
5725.39,393.0549,0
6015.451,366.4951,0
5791.016,221.1492,0
6099.179,290.5247,0
5537.699,417.0017,0
5664.194,346.6348,0
5759.708,277.0527,0
5869.694,385.5498,0
5911.285,372.5112,0
5912.544,346.0325,0
5915.421,383.7695,0
5945.023,409.6223,0
5998.852,250.0391,0
6031.109,358.5474,0
5996.385,395.6631,0
5740.817,241.0403,0
5800.226,321.1558,0
5494.432,364.8071,0
5601.173,374.2131,0
5890.755,248.9282,0
6071.329,299.7449,0
6077.344,415.6179,0
6176.073,264.6941,0
5878.029,308.5981,0
6090.656,296.1648,0
5915.834,459.6626,0
5720.486,394.3428,0
5979.901,342.6021,0
5899.342,389.7786,0
5866.719,346.0999,0
5868.427,440.6943,0
5700.46,349.844,0
6129.681,355.3401,0
5876.64,402.1206,0
5531.591,235.093,0
6025.971,388.6042,0
5869.722,320.9338,0
6093.569,411.2522,0
5716.773,331.1631,0
5970.44,404.6484,0
5592.188,288.3167,0
5407.826,358.1191,0
5486.782,285.405,0
5890.624,300.7839,0
5910.944,368.0908,0
5447.882,366.7244,0
5892.707,407.9683,0
5658.978,287.9885,0
5357.705,373.2524,0
5929.61,314.5989,0
5884.458,427.3633,0
5958.814,473.3044,0
5809.643,347.2214,0
5674.751,344.3979,0
5599.308,492.4253,0
6065.277,416.7671,0
5973.083,408.5735,0
5574.583,308.2397,0
6046.436,327.9841,0
5775.313,373.3792,0
5126.075,305.7051,0
5422.587,316.3616,0
5616.427,387.1282,0
5878.737,222.0964,0
5727.104,324.5525,0
5883.423,397.4326,0
5933.32,382.9019,0
6028.945,384.5664,0
5898.683,337.9263,0
5779.786,255.5073,0
5967.573,329.8877,0
6057.57,355.105,0
6053.163,365.697,0
5313.824,199.2429,0
5573.283,447.2354,0
5851.324,388.1824,0
5864.434,272.7427,0
5923.026,422.4827,0
5874.31,313.7461,0
5542.831,292.5325,0
5840.669,348.0364,0
6111.683,251.8574,0
5527.885,289.4871,0
5661.773,378.99,0
5924.99,403.2688,0
5295.434,268.7959,0
5977.176,329.9211,0
5931.103,355.1118,0
5867.347,403.3518,0
5852.424,296.7378,0
5582.722,346.3489,0
5994.806,364.7397,0
5591.851,423.9226,0
5508.287,332.1243,0
5666.692,463.7124,0
5945.61,329.2529,0
5765.279,227.4753,0
5854.078,362.7961,0
6068.618,448.3196,0
5575.206,392.572,0
5356.708,283.2991,0
5898.891,285.4814,0
5983.217,247.7747,0
6030.938,338.019,0
5730.019,357.8777,0
5838.913,291.9795,0
5770.679,353.6379,0
5894.787,452.4719,0
6014.254,276.7336,0
5896.059,309.0198,0
5339.61,311.9998,0
5831.75,518.3198,0
6059.76,356.7727,0
6007.492,359.5989,0
5830.448,360.5493,0
5849.006,350.7654,0
5563.07,311.085,0
5834.477,394.1357,0
5949.066,383.8989,0
5857.85,368.4185,0
6030.097,427.6472,0
5941.053,332.1211,0
6168.713,447.6968,0
5837.526,299.8655,0
5407.427,188.1851,0
5828.23,278.77,0
6075.331,309.6492,0
5226.745,299.217,0
5617.394,345.8745,0
6081.043,247.9319,0
5644.25,430.8618,0
5713.94,280.4814,0
5774.726,388.25,0
5774.111,272.2261,0
6039.843,381.5154,0
6031.815,307.3755,0
6051.577,328.1572,0
5943.32,320.3635,0
5905.851,423.2202,0
5823.436,386.8499,0
5569.261,348.1501,0
5894.75,369.3818,0
5802.919,382.5435,0
5919.302,342.115,0
5546.582,350.1492,0
5925.04,304.3188,0
6036.913,440.5654,0
6079.372,430.7493,0
5848.649,372.3923,0
5799.456,346.1406,0
5965.983,355.8992,0
5930.135,386.6733,0
5593.031,292.6028,0
5950.142,360.3523,0
5717.438,277.5078,0
6061.802,420.4307,0
5754.373,477.7239,0
5553.311,401.1528,0
5925.071,477.9941,0
6015.193,392.8643,0
5793.3,371.5535,0
5880.468,365.9714,0
6021.95,280.3489,0
5946.161,394.9368,0
5824.786,331.0183,0
5698.455,446.8269,0
5365.466,235.8682,0
5384.292,341.2783,0
5783.819,339.9221,0
5510.681,329.6985,0
5279.535,314.4451,0
5900.588,305.8821,0
6093.937,300.5344,0
5989.141,362.5134,0
5990.523,338.5186,0
5931.845,302.9458,0
5318.07,309.3994,0
5949.254,328.532,0
5767.002,438.896,0
5750.706,404.7041,0
5656.7,448.9873,0
5749.708,433.9187,0
5808.096,398.2363,0
5767.871,436.3052,0
5843.041,367.1831,0
5572.348,403.5024,0
5600.514,279.3047,0
5114.098,357.3052,0
5845.317,343.1084,0
5903.548,397.4207,0
5985.866,500.2915,0
5960.394,481.5483,0
5738.379,323.5256,0
5825.702,351.0603,0
5871.91,331.9668,0
5618.63,298.0051,0
5661.242,361.675,0
5859.785,351.6846,0
5626.765,441.531,0
5990.074,338.5874,0
5377.102,459.2236,0
6186.027,313.2966,0
5761.202,477.1731,0
5928.173,253.5625,0
5727.792,451.0168,0
5929.36,336.7278,0
5865.916,424.3074,0
5928.864,270.866,0
5362.908,281.9358,0
5959.306,333.6606,0
5815.253,256.6328,0
5955.937,393.0056,0
5893.723,388.5154,0
6021.024,438.3455,0
5598.205,379.0801,0
5775.113,304.9878,0
5555.58,330.1069,0
5539.68,418.2703,0
6039.372,360.6284,0
6021.651,369.1292,0
5747.112,383.2173,0
5874.86,350.4087,0
5914.006,393.6345,0
5708.372,160.8357,0
5984.115,373.7766,0
5854.805,346.8201,0
5230.122,273.6797,0
5903.317,350.2156,0
5675.32,366.0579,0
6034.93,408.4238,0
5767.311,342.4392,0
5787.821,511.8501,0
5647.753,400.5708,0
5827.279,276.4705,0
5295.896,327.4065,0
5892.366,331.6211,0
5495.362,314.9363,0
5798.867,410.9956,0
5797.681,419.5066,0
5173.548,287.4084,0
5907.861,188.8906,0
5445.814,429.8054,0
6001.043,291.1067,0
5761.024,272.366,0
5927.638,276.5525,0
5884.8,356.3562,0
5940.967,324.0059,0
5934.833,339.6221,0
5837.763,326.6306,0
5956.419,331.3159,0
5764.683,224.2776,0
6006.275,275.9722,0
6303.258,348.5793,0
5850.164,359.27,0
5780.49,394.9072,0
6086.481,265.343,0
5679.423,382.3972,0
5939.146,351.269,0
5697.451,364.0662,0
5592.768,359.8706,0
5785.466,454.7375,0
5760.073,348.166,0
5863.302,295.5095,0
6010.668,400.2339,0
5923.811,361.9863,0
6052.06,326.2749,0
5721.272,355.1665,0
5981.505,324.6304,0
5986.047,397.699,0
5687.309,255.4307,0
5800.563,363.5146,0
5816.123,356.7366,0
5679.783,285.2144,0
5378.938,276.6624,0
6073.439,344.7231,0
5757.729,422.0554,0
5835.939,416.2197,0
5775.829,365.4958,0
6157.011,228.1213,0
5927.347,415.0481,0
5354.893,349.75,0
6008.837,275.9424,0
6061.565,274.739,0
5942.634,397.0464,0
5838.692,245.0217,0
5969.12,478.2881,0
5850.575,296.574,0
6174.339,353.5903,0
6211.85,337.4832,0
6050.321,425.4033,0
5657.478,318.9099,0
5866.463,441.5769,0
5500.936,379.0073,0
5991.203,352.5828,0
5618.966,265.5298,0
5745.991,367.3184,0
5649.718,362.3062,0
5943.693,407.4368,0
5892.046,372.5645,0
6226.539,219.8247,0
6024.947,354.9014,0
5857.041,300.5464,0
5988.728,322.5022,0
5768.704,448.4492,0
5715.832,290.9626,0
5216.801,396.5088,0
5733.744,344.2808,0
5452.257,296.1484,0
5487.217,348.2507,0
5884.934,401.761,0
5431.348,396.4375,0
5867.545,434.082,0
6005.866,380.8696,0
5883.406,364.7478,0
5938.308,315.2671,0
5589.832,361.0803,0
5938.279,399.9917,0
5835.591,273.1558,0
5930.099,387.0293,0
5980.313,335.8928,0
5917.042,367.7808,0
5654.941,337.7554,0
5902.769,283.5007,0
6040.204,358.1191,0
5641.018,343.9312,0
5824.827,196.0715,0
5913.372,313.188,0
6154.419,239.3601,0
5244.123,328.6836,0
5927.253,340.2119,0
5962.385,370.5229,0
5433.539,332.8079,0
5647.286,367.7163,0
5517.374,357.3928,0
5896.67,321.6738,0
5805.887,378.0728,0
5927.108,214.1064,0
5757.822,233.657,0
5493.832,200.2715,0
5750.277,340.2742,0
5706.993,396.0444,0
5539.376,315.9307,0
5866.714,345.3596,0
5891.868,283.9006,0
6056.218,381.6392,0
5444.749,319.5137,0
5523.684,353.1714,0
5587.42,384.1899,0
5770.153,368.2622,0
5940.83,381.2178,0
5688.821,303.7944,0
5552.152,385.1282,0
5661.443,267.9131,0
5499.15,243.3401,0
5971.654,382.3997,0
5582.687,223.4939,0
5471.198,250.0322,0
5675.268,327.8298,0
5929.188,355.5232,0
5868.197,311.5581,0
5887.879,399.5859,0
5964.612,371.5691,0
5878.56,364.5046,0
5501.718,346.5154,0
5633.998,414.7861,0
6224.322,339.6909,0
5646.351,283.8394,0
6103.614,354.6189,0
6347.442,285.9651,0
5846.21,379.9175,0
5935.643,506.7869,0
5639.814,301.6086,0
5447.238,330.4087,0
6079.99,285.5178,0
5786.183,354.8513,0
5769.016,315.1199,0
5742.403,272.3372,0
5954.317,417.6951,0
5873.273,341.1628,0
5776.904,389.2405,0
5889.72,288.6316,0
5644.559,356.3413,0
5963.515,287.6628,0
6144.355,363.2715,0
6078.453,279.4512,0
5901.684,312.9404,0
5998.295,391.9526,0
5701.589,332.384,0
5956.249,347.2915,0
5887.69,482.0212,0
5657.764,370.4761,0
5985.418,335.2913,0
5887.425,308.7751,0
5954.314,410.4644,0
5193.94,417.0364,0
5835.572,333.7942,0
5951.628,406.2627,0
6011.746,388.6611,0
5256.887,267.9031,0
5950.916,312.6326,0
5645.253,345.2595,0
5758.811,277.5398,0
5736.975,359.7122,0
5959.266,395.7329,0
5935.489,254.9265,0
5302.047,336.332,0
5661.965,403.2646,0
6221.539,420.5159,0
6138.078,255.9832,0
5853.199,416.5508,0
6231.251,355.946,0
5607.575,370.7422,0
5829.496,168.4739,0
6025.155,309.8623,0
5581.612,284.9575,0
5871.097,293.209,0
5164.751,306.052,0
5912.731,336.0869,0
5826.74,299.7439,0
5848.896,344.2871,0
6002.508,297.9211,0
5796.198,243.3057,0
6100.605,284.7615,0
6080.418,351.1445,0
5247.224,290.0437,0
5514.374,290.1172,0
5743.217,381.1362,0
5969.203,373.5903,0
6020.043,388.5039,0
5777.434,287.0903,0
5928.292,368.2727,0
5908.53,467.9146,0
5853.636,403.2288,0
5786.836,312.2146,0
5438.068,299.6021,0
5955.592,252.3293,0
5900.242,371.2676,0
5825.837,334.3848,0
5772.957,323.2795,0
6013.096,207.4854,0
5805.871,373.8518,0
5845.663,300.9126,0
6106.476,373.3352,0
5586.241,394.9155,0
5845.149,262.6172,0
6187.292,269.7786,0
5947.903,365.356,0
6123.638,273.2786,0
5974.061,211.6025,0
5586.558,246.1982,0
5449.158,222.9229,0
5445.527,135.6526,0
5939.883,416.9536,0
5744.029,336.3926,0
5812.292,303.5984,0
5858.894,333.0391,0
5831.787,360.5969,0
5986.875,290.3911,0
5639.386,322.7661,0
6113.393,223.8911,0
6128.608,316.874,0
5923.477,289.4805,0
5945.562,324.3474,0
5911.979,361.0901,0
5969.456,365.6199,0
5656.054,332.2534,0
5896.713,316.4663,0
5866.179,417.2063,0
5730.832,532.9102,0
5590.114,294.2742,0
5928.695,471.6721,0
5433.112,260.6428,0
5949.676,311.428,0
5807.636,359.1042,0
6035.145,281.7148,0
5562.432,352.2759,0
5980.891,324.8518,0
5837.744,357.6721,0
5816.954,231.8721,0
5459.809,305.4268,0
5999.038,416.4656,0
5905.187,449.8711,0
6159.167,491.8425,0
5900.513,358.6956,0
5827.061,374.4993,0
5755.425,389.686,0
5789.316,251.719,0
5368.506,301.7024,0
5598.371,275.2744,0
5584.716,417.7522,0
5258.434,281.1594,0
5964.403,317.6296,0
5834.178,382.687,0
5782.849,390.6848,0
5937.771,330.6802,0
5561.216,169.0869,0
5939.551,404.916,0
5582.639,312.9348,0
5957.904,324.0649,0
5888.108,433.4146,0
5928.79,326.083,0
5506.67,353.0596,0
5881.83,306.1267,0
6136.201,337.9485,0
5701.011,210.8777,0
5440.964,313.2417,0
5735.069,385.9424,0
5807.364,440.4814,0
5925.465,360.0989,0
5892.114,258.9763,0
5911.417,459.2158,0
5887.325,435.2061,0
5886.92,443.334,0
5880.253,321.7117,0
6079.336,377.5969,0
5857.486,256.5557,0
5737.675,395.1318,0
5729.712,282.1384,0
5904.789,420.2849,0
5342.094,289.8428,0
5398.336,312.0974,0
5927.583,232.155,0
5797.523,444.2017,0
5774.57,321.4841,0
5881.683,296.3826,0
5940.094,314.3372,0
6071.488,462.9761,0
5979.935,311.603,0
6028.754,397.363,0
5760.615,330.5422,0
5234.503,263.2207,0
5776.63,415.6841,0
6078.886,399.4475,0
5776.565,393.5872,0
5892.727,257.6089,0
5987.492,423.9382,0
5814.883,282.8384,0
5339.585,363.4087,0
6039.799,433.0483,0
5398.895,303.5027,0
5908.166,414.8882,0
5784.839,317.6636,0
5928.632,243.6187,0
5895.459,279.7781,0
5932.254,284.5325,0
5887.453,351.5835,0
5818.506,237.063,0
6022.402,330.439,0
5916.629,332.4124,0
5887.062,420.3235,0
5988.168,442.481,0
5998.665,372.4824,0
6004.642,367.7295,0
5606.056,303.7905,0
6005.877,305.5593,0
5897.112,384.3164,0
5942.645,328.179,0
5724.903,394.572,0
5721.149,254.6587,0
5264.527,232.022,0
5991.081,276.771,0
6095.56,444.2703,0
5939.101,215.7681,0
5687.79,273.0071,0
5798.5,328.6101,0
6133.516,324.3132,0
5304.191,290.1379,0
5758.834,409.8918,0
5754.234,288.7827,0
5976.226,412.4568,0
6145.505,292.5427,0
5834.619,368.0686,0
5929.097,360.8682,0
5869.122,360.1824,0
5966.523,256.8828,0
6008.631,288.8645,0
5735.147,188.7502,0
6005.143,375.5383,0
5778.394,432.8086,0
6128.07,256.0698,0
5764.024,297.8408,0
5742.319,445.9905,0
5969.664,357.1616,0
6037.982,388.7979,0
5924.779,321.209,0
5992.006,330.5059,0
5976.487,332.1013,0
5778.184,321.7974,0
5878.83,239.1865,0
5966.445,293.876,0
5413.428,228.9231,0
5695.915,300.6331,0
5760.512,429.7634,0
5527.661,245.8987,0
5517.075,178.2737,0
5686.254,295.6306,0
5536.303,339.9639,0
5675.757,432.4961,0
5928.933,446.6208,0
5998.374,338.3901,0
5821.966,336.1646,0
5812.679,356.5002,0
5249.272,308.874,0
5896.135,407.3218,0
5619.856,352.9053,0
6203.797,416.6802,0
5695.651,216.2969,0
5866.604,314.4382,0
5941.452,371.0962,0
5905.543,291.877,0
6002.6,241.5413,0
5650.33,455.0784,0
5964.169,378.6931,0
5699.046,235.8301,0
5841.17,339.4517,0
5387.563,285.8301,0
5708.794,225.2922,0
5820.089,411.6196,0
6041.875,369.9543,0
6020.205,361.5549,0
5378.323,277.6604,0
5668.714,361.6433,0
5977.951,350.3,0
5773.154,255.8381,0
5915.356,492.0513,0
5876.556,441.2629,0
6049.315,436.2449,0
6091.471,457.009,0
5397.89,298.9124,0
5478.487,255.8706,0
5831.085,424.6567,0
5831.017,383.4233,0
5704.926,320.1497,0
5535.544,290.0034,0
5996.689,295.3413,0
5490.979,280.0359,0
5907.151,343.8938,0
6021.215,426.27,0
5883.37,378.5051,0
5905.303,323.6331,0
5930.097,377.2515,0
5684.649,308.541,0
5987.171,238.8787,0
5821.973,322.8269,0
5823.158,481.512,0
5710.191,378.3066,0
5868.909,427.8271,0
5629.561,379.7998,0
6017.763,424.6895,0
5852.802,252.1348,0
5737.384,349.3748,0
5348.707,262.48,0
6137.679,350.0286,0
6036.498,451.3647,0
5984.445,332.4822,0
5984.596,247.0576,0
5900.473,246.8655,0
5816.178,401.0779,0
5544.651,354.9641,0
5531.592,419.1921,0
5453.645,271.9707,0
5691.2,308.0432,0
5421.499,287.4951,0
5777.167,352.4636,0
5911.434,295.9524,0
6089.865,242.1814,0
5683.913,488.3735,0
5443.182,247.8218,0
5760.767,385.4824,0
5702.437,380.2061,0
5864.111,302.45,0
5826.792,387.125,0
5715.072,339.3196,0
5519.846,320.146,0
5942.5,260.0513,0
5694.824,311.5933,0
6290.471,378.5208,0
6048.176,344.5671,0
5901.767,376.6292,0
6050.49,416.1648,0
6178.342,249.9277,0
6050.201,270.3154,0
5788.619,348.2905,0
5814.78,396.3794,0
6025.923,409.5793,0
5965.508,358.5334,0
5919.517,302.7339,0
5864.903,270.8506,0
5803.907,304.146,0
5958.368,228.3635,0
5932.841,381.8794,0
5729.468,193.03,0
5992.052,454.0088,0
5886.086,378.6804,0
6087.628,429.0837,0
5680.014,240.5466,0
5925.818,271.0955,0
5834.034,313.1873,0
5918.046,232.1792,0
5407.295,259.7085,0
5928.405,278.3525,0
5875.024,262.6135,0
5600.231,358.0066,0
6002.974,463.5049,0
5931.601,408.6936,0
5865.948,392.241,0
5955.268,390.2883,0
5906.2,391.1416,0
6030.261,292.6907,0
5594.57,324.3838,0
5727.372,327.0205,0
5988.871,516.4026,0
5685.415,241.531,0
5757.354,425.5671,0
5987.063,316.3977,0
5841.916,342.5217,0
5350.214,233.0166,0
5827.37,369.0332,0
5701.646,455.4736,0
5683.689,302.1628,0
5919.544,455.5117,0
5883.923,382.3159,0
5429.068,346.2214,0
5734.144,319.9309,0
5485.804,328.1221,0
6091.138,297.8872,0
5475.086,364.0359,0
5957.827,295.7498,0
6170.888,401.5129,0
5764.069,345.1643,0
5906.136,500.7322,0
5834.704,289.6111,0
5871.24,269.2927,0
5787.981,269.0337,0
5646.295,338.7998,0
5811.484,320.124,0
5773.527,320.9966,0
5764.284,361.9954,0
5700.586,355.5845,0
5859.624,348.7153,0
5712.137,339.3835,0
5944.028,294.1914,0
6055.746,281.0383,0
5442.471,321.124,0
5619.555,326.498,0
5300.242,351.25,0
5883.457,286.4131,0
5811.941,348.6665,0
6019.509,336.3704,0
5942.034,206.95,0
5752.361,464.3079,0
5714.509,236.7246,0
6006.286,279.0869,0
5861.819,368.136,0
5781.16,380.7114,0
5911.742,260.2209,0
5760.453,370.5469,0
5731.847,333.75,0
5695.246,262.6404,0
5717.061,449.3408,0
6080.567,349.0803,0
5723.411,293.0649,0
6121.996,409.6194,0
5803.23,287.4409,0
5899.247,274.8994,0
5970.937,346.9136,0
5915.45,244.4543,0
5870.046,360.3518,0
5939.308,353.4202,0
6164.495,311.135,0
5760.559,192.322,0
5792.521,358.9316,0
5739.96,347.241,0
5911.095,416.6963,0
5925.515,347.2979,0
5998.476,432.2295,0
5772.43,364.1611,0
5944.589,364.6953,0
5917.358,455.103,0
5814.865,377.8103,0
6010.082,239.4844,0
6073.339,381.854,0
5596.326,353.3286,0
5938.313,343.8848,0
5508.287,304.2908,0
5662.427,303.6108,0
5703.183,450.1907,0
5763.74,428.9749,0
5708.307,474.1138,0
5619.209,291.4495,0
5834.725,411.9443,0
5977.286,263.1416,0
5895.147,274.9929,0
5863.036,452.6492,0
6077.583,374.4893,0
5615.985,161.4622,0
5753.711,333.5654,0
6004.622,454.2729,0
5932.879,397.3547,0
5857.791,399.7798,0
6063.213,320.4482,0
5536.274,236.8203,0
5835.151,383.458,0
5550.736,383.6565,0
5846.936,397.1602,0
5759.642,299.144,0
5940.352,335.1917,0
5878.559,275.1921,0
5639.949,278.9241,0
5842.868,367.5669,0
5837.881,397.5063,0
5813.146,243.1821,0
5891.352,304.8921,0
5225.177,286.0508,0
5405.526,255.9224,0
5985.822,264.3828,0
5924.55,301.2598,0
5909.945,353.9724,0
6015.533,392.5134,0
6014.902,322.9468,0
5836.234,408.7314,0
6049.41,233.2554,0
5386.876,327.5962,0
6108.992,288.616,0
5761.499,406.7656,0
6060.748,275.187,0
5951.873,332.4204,0
5991.289,256.3696,0
5933.916,266.4863,0
5958.831,424.2969,0
6134.254,311.9851,0
5638.198,260.2583,0
5864.288,328.4175,0
6189.83,344.9304,0
5539.068,350.0549,0
5687.151,283.5823,0
5680.514,399.9258,0
5669.446,219.5771,0
5694.986,347.4167,0
5777.054,387.2893,0
5587.743,347.8232,0
5801.173,367.0066,0
5996.504,266.2104,0
5640.622,288.8887,0
5767.879,434.0181,0
5908.86,445.177,0
6087.415,369.4834,0
5823.217,235.1807,0
5709.335,353.7195,0
5951.851,303.6084,0
5848.836,340.657,0
5292.104,214.9695,0
5619.018,298.6689,0
5809.088,266.5396,0
5949.932,450.0537,0
5692.36,329.3962,0
5909.132,336.9688,0
6044.472,344.6812,0
5956.555,425.845,0
5808.229,210.6047,0
5514.856,366.4534,0
5687.607,216.5547,0
5960.915,305.0525,0
5675.312,382.0793,0
5934.843,352.4082,0
5738.497,340.8821,0
5689.585,279.0618,0
5631.309,313.3804,0
5898.922,292.5112,0
5268.486,272.7415,0
5824.645,305.7388,0
5734.097,337.0647,0
5963.834,273.1787,0
5789.59,331.0083,0
5475.381,285.4917,0
5905.971,320.9761,0
5637.373,216.4749,0
5625.537,359.2944,0
5862.66,331.4001,0
6008.277,300.0632,0
5963.072,423.9185,0
5798.984,295.1116,0
5846.312,348.5637,0
5550.71,327.4697,0
5788.726,316.0186,0
5861.325,306.8879,0
5684.695,344.9941,0
5324.113,286.7268,0
5728.85,425.5088,0
5459.65,328.7969,0
5688.552,330.2502,0
5999.814,314.9604,0
5773.893,306.5037,0
5683.463,366.2007,0
5912.207,400.073,0
5826.762,276.7769,0
5781.801,319.4453,0
6145.743,220.3975,0
6071.279,315.0322,0
5998.324,383.4141,0
5485.585,287.6316,0
5978.291,253.1775,0
5719.44,189.1934,0
5824.647,309.1475,0
5660.9,316.9678,0
5994.595,298.1555,0
6035.126,367.5696,0
5954.921,267.3142,0
5900.867,287.8237,0
5853.186,265.5474,0
5663.57,323.8223,0
6063.494,325.6897,0
5807.629,426.1482,0
6052.792,249.2891,0
5482.85,332.2778,0
5603.896,360.2686,0
5290.918,353.4165,0
5800.724,250.1401,0
5605.645,281.9983,0
6163.266,325.4341,0
5552.61,421.4836,0
5858.538,412.9983,0
5266.874,236.3921,0
5703.222,368.6985,0
5866.937,392.2014,0
5891.978,349.7869,0
5817.542,243.1826,0
5542.153,227.2424,0
5904.101,298.3108,0
6030.917,247.2505,0
5820.157,317.53,0
5859.873,402.2478,0
6045.782,501.7,0
5810.236,455.2449,0
5524.175,341.7009,0
5806.223,301.1233,0
6087.598,237.8728,0
5842.456,323.3679,0
5779.04,204.3455,0
5909.95,446.6113,0
5245.172,292.2043,0
5979.126,374.5776,0
5830.133,307.9058,0
5965.572,273.7778,0
5915.08,339.4109,0
5926.585,335.2334,0
5865.799,312.8535,0
5733.075,403.3523,0
5901.064,376.0554,0
5598.356,310.5747,0
5395.604,342.7378,0
5622.037,254.7422,0
5636.407,489.072,0
5573.625,200.7275,0
5639.859,357.0933,0
5925.119,477.4373,0
5893.635,387.2214,0
5702.973,347.575,0
6013.372,398.5959,0
5720.807,246.1772,0
5814.494,280.8989,0
5768.13,346.6475,0
5838.307,389.3518,0
5920.263,350.1963,0
5962.967,312.7847,0
6057.142,266.6633,0
5659.983,265.7258,0
5776.986,281.0918,0
5797.291,411.3223,0
5884.792,385.7124,0
5968.105,406.9827,0
5727.028,370.1868,0
6058.281,345.2368,0
5966.922,355.3279,0
5263.047,413.1316,0
5881.844,346.1174,0
5828.478,298.314,0
6128.738,355.1331,0
5892.645,340.0601,0
5587.974,299.5574,0
5971.33,393.4988,0
5975.626,382.8589,0
5752.601,259.8428,0
5527.553,261.0994,0
5851.008,356.2671,0
5755.827,330.7388,0
5927.475,354.5642,0
5922.061,333.8259,0
5327.804,246.8271,0
5490.064,391.5027,0
5828.461,357.2747,0
5826.572,313.116,0
5994.137,409.2302,0
5663.355,497.7759,0
5798.49,411.5925,0
5676.036,272.7151,0
5659.976,318.1934,0
5885.337,320.9255,0
5753.035,465.5444,0
5567.733,324.6592,0
5657.519,364.4473,0
5695.014,402.9485,0
5958.403,409.1624,0
5921.156,439.7468,0
5715.544,399.6821,0
5838.251,375.7048,0
5901.021,403.8066,0
5685.203,418.0295,0
5924.586,224.8259,0
6086.326,293.7864,0
5591.487,331.0894,0
5763.672,238.657,0
5568.207,311.4524,0
5467.679,380.9575,0
5747.245,366.147,0
5635.801,325.3533,0
6236.036,303.3655,0
5948.891,366.74,0
5587.394,368.2803,0
5721.746,450.9312,0
5935.857,378.8132,0
5592.554,290.9639,0
5958.499,347.7817,0
5850.929,399.3252,0
5525.433,233.2815,0
5752.366,324.4634,0
5971.104,370.8501,0
5619.792,364.8513,0
5769.167,321.7051,0
5960.661,272.2668,0
6084.65,360.3721,0
5768.656,244.957,0
5932.325,271.3022,0
5961.881,438.6865,0
5847.166,406.136,0
5920.987,448.3706,0
5912.769,377.3569,0
5861.098,323.5222,0
5986.109,355.4631,0
5996.538,306.7485,0
5647.341,457.0955,0
5814.723,331.2939,0
6069.578,398.677,0
5766.155,381.4146,0
5681.44,274.4607,0
5822.936,363.3552,0
5585.244,261.8699,0
5962.963,414.8257,0
5780.583,429.6833,0
5958.167,470.6553,0
5670.684,352.5972,0
5915.915,472.7124,0
5756.982,286.4216,0
5949.963,426.8623,0
5680.115,312.1709,0
5845.478,235.7551,0
5959.802,391.1365,0
5862.753,332.0837,0
5912.733,352.4683,0
5894.667,316.7649,0
5800.147,227.0405,0
5623.789,256.4285,0
6012.404,225.427,0
5646.17,251.6763,0
5828.946,436.2605,0
6123.622,387.6995,0
5757.435,403.2898,0
6123.355,347.4326,0
6056.523,308.4663,0
5674.608,412.7656,0
5457.894,250.6089,0
5816.552,243.5959,0
5475.477,337.0459,0
5981.568,383.468,0
5953.113,329.2605,0
5782.703,276.801,0
6186.034,333.2051,0
6054.899,366.446,0
5730.86,233.479,0
6045.59,269.0891,0
5909.257,265.9441,0
6012.577,274.7456,0
5693.4,336.0596,0
5609.235,298.7524,0
5901.543,283.1001,0
5684.872,343.3989,0
5838.587,288.304,0
5851.4,397.7607,0
6128.445,369.1414,0
6126.019,307.4314,0
5406.526,243.3125,0
6125.087,427.8013,0
5796.918,425.3191,0
5940.6,302.604,0
5881.89,324.5803,0
6079.67,374.6577,0
5910.915,440.2717,0
5788.928,410.1504,0
5498.925,376.1582,0
5742.749,299.877,0
5845.991,384.9871,0
6205.459,350.7861,0
6407.489,312.4399,0
5920.155,336.1079,0
5871.562,405.5784,0
5611.396,257.9976,0
6062.393,345.9243,0
6160.019,382.3188,0
5404.09,221.4736,0
5820.612,312.3103,0
5826.694,264.7646,0
5645.081,273.8174,0
5838.743,512.2822,0
5651.565,321.5151,0
5650.803,299.7173,0
5707.524,197.189,0
5887.351,348.0942,0
5543.896,327.6914,0
5690.672,391.7058,0
5536.696,352.5691,0
5957.619,273.2905,0
5635.545,366.4492,0
6027.069,302.0208,0
5785.666,317.4126,0
5780.802,493.166,0
5999.613,331.2502,0
5749.239,450.0461,0
5749.426,258.4473,0
5942.049,270.8508,0
5781.87,437.9001,0
5775.508,389.3862,0
5916.436,301.6858,0
6102.446,448.3916,0
6098.058,310.2908,0
5824.627,371.2065,0
5869.595,457.3728,0
6000.729,504.6873,0
6089.442,372.1902,0
5696.269,249.7229,0
5875.487,462.7581,0
5508.479,282.8552,0
5863.414,393.3828,0
5942.674,343.3999,0
5744.104,323.7961,0
5957.448,358.8889,0
5964.088,395.4487,0
5895.738,297.5884,0
5929.069,486.6475,0
5604.415,251.3914,0
5836.451,366.9475,0
5558.613,338.6396,0
6057.179,353.1848,0
5895.053,328.4609,0
5800.004,340.1992,0
5867.646,369.8662,0
5552.988,493.1252,0
5693.27,356.6309,0
6002.291,413.0156,0
5930.299,419.8687,0
5782.577,282.3901,0
5717.698,370.6892,0
5844.89,492.0969,0
5894.108,368.1511,0
5833.172,264.2661,0
5694.511,317.7478,0
5871.214,239.7927,0
5725.119,392.9568,0
6041.762,325.0337,0
5677.091,321.4219,0
5561.075,104.5088,0
5750.935,340.1677,0
6114.342,379.9861,0
5908.393,400.4653,0
5854.114,408.5115,0
5808.091,326.2712,0
5781.667,427.5637,0
6076.413,275.7849,0
5780.457,348.4006,0
5842.206,439.8201,0
5820.838,422.4294,0
5838.286,149.281,0
5650.733,292.6274,0
5686.456,348.3958,0
6024.553,360.1675,0
6073.599,365.4509,0
5858.228,384.0251,0
6037.135,377.1055,0
6048.875,362.2202,0
5943.538,274.502,0
6134.208,306.0386,0
5821.464,358.6741,0
5568.265,355.6602,0
5709.148,304.2539,0
5745.131,331.3901,0
5988.341,8728.0,
5872.84,350.1489,0
5827.886,344.9624,0
6059.621,443.6892,0
5728.558,399.436,0
5602.803,321.7729,0
6055.226,475.8123,0
6030.025,369.3311,0
5857.99,360.9595,0
5676.998,272.1145,0
5842.095,262.2104,0
5920.918,438.1985,0
5765.54,273.0112,0
5856.16,317.4839,0
5800.04,365.781,0
5931.375,397.3767,0
5688.455,388.3608,0
5871.513,399.7671,0
5900.688,252.9717,0
5887.297,525.0352,0
5835.678,385.6973,0
5794.492,281.3596,0
5663.735,335.7522,0
5966.099,375.7051,0
5869.188,363.3279,0
5874.632,254.6052,0
5717.14,292.0881,0
5702.692,378.6226,0
5861.863,349.8093,0
5910.06,269.7415,0
5873.757,373.4937,0
5801.458,416.2307,0
5893.304,422.8713,0
5895.226,389.4399,0
5773.567,394.7041,0
6112.191,220.0276,0
5792.599,338.1152,0
5850.342,388.8931,0
5234.469,227.6267,0
5457.581,321.6108,0
5937.315,314.4907,0
5803.668,313.7104,0
5947.761,321.3003,0
5926.101,427.8711,0
5176.137,388.6851,0
5389.972,319.8738,0
6005.432,392.7371,0
5534.472,295.0503,0
5702.875,372.022,0
5631.115,300.2173,0
5861.696,366.1848,0
5907.082,377.0229,0
5795.164,213.0049,0
5842.597,463.9561,0
5735.822,340.9248,0
5905.932,469.4128,0
5947.098,305.9221,0
5981.108,333.1377,0
5698.074,365.4497,0
5189.52,278.1511,0
5594.989,280.6438,0
5972.344,367.5591,0
6160.523,256.7292,0
5641.58,323.3403,0
5729.731,352.3977,0
5823.798,347.7603,0
5955.747,495.6746,0
5310.778,273.2073,0
5731.337,373.9038,0
5614.179,205.1248,0
5938.075,331.3291,0
5938.52,327.7568,0
5535.913,366.5864,0
5848.534,334.6912,0
6055.822,271.4817,0
5822.533,275.7837,0
5969.767,252.7847,0
5741.532,350.427,0
5871.614,253.012,0
6020.563,377.2759,0
5914.442,379.241,0
6191.352,298.5642,0
5757.555,421.7,0
5616.399,271.5989,0
5617.6,319.8013,0
5872.635,425.1003,0
5634.033,316.3469,0
6009.166,351.4358,0
5844.368,327.8308,0
5889.442,233.5737,0
5785.762,324.2437,0
5852.077,384.4856,0
5865.51,337.1255,0
5263.065,278.1692,0
5969.771,348.8345,0
5491.302,362.3193,0
5840.622,325.165,0
5686.251,303.9092,0
5902.725,429.2307,0
5568.426,445.6208,0
5791.666,376.8049,0
5764.02,380.3896,0
5900.295,288.614,0
5467.605,247.998,0
5676.328,328.0745,0
5806.816,324.2371,0
5741.657,335.5212,0
5603.629,323.7095,0
6373.309,290.3469,0
6038.839,261.4807,0
5607.878,350.7559,0
5619.697,312.699,0
5742.747,362.8083,0
5807.63,328.7595,0
5898.956,406.7263,0
5900.973,311.0562,0
5825.777,396.8572,0
5876.164,389.583,0
5690.219,387.6873,0
5476.461,452.343,0
5616.895,409.2859,0
5326.209,238.1418,0
5904.4,346.5156,0
5495.891,473.259,0
5516.7,459.895,0
5746.484,386.6208,0
5763.907,334.6516,0
6024.451,302.1157,0
5279.187,269.0229,0
5704.481,277.0413,0
6001.585,362.9404,0
6073.917,342.241,0
5778.263,328.6448,0
5990.402,222.5554,0
5856.588,447.6445,0
6008.792,435.333,0
5870.819,394.5583,0
5748.468,330.3596,0
5921.598,322.0112,0
5700.086,368.7488,0
5925.95,327.345,0
5889.011,389.4448,0
5514.241,312.5769,0
6254.943,359.77,0
5920.608,489.7952,0
5746.654,463.5884,0
5971.303,390.061,0
6244.024,326.2268,0
5844.471,430.4104,0
6018.645,396.1609,0
5987.206,285.4863,0
5993.086,471.5908,0
5729.648,413.1145,0
5722.774,484.3845,0
5835.543,391.4919,0
5833.451,327.3152,0
5327.993,356.7886,0
5847.255,302.7009,0
5913.897,404.7134,0
6002.315,323.7813,0
5870.033,326.333,0
6034.623,438.959,0
5947.239,364.0371,0
5992.364,336.3911,0
5959.912,378.4353,0
5854.327,442.8491,0
5790.436,416.5015,0
5979.306,335.0903,0
5889.056,382.3499,0
5824.744,315.1636,0
5445.654,278.2236,0
6035.771,378.1003,0
5896.29,400.7451,0
5822.411,427.6714,0
5765.593,453.8916,0
5849.076,371.3369,0
5779.821,347.7053,0
5867.953,340.7979,0
5652.504,296.7771,0
5715.316,292.7512,0
5726.443,250.074,0
5779.712,519.3884,0
5935.692,345.7227,0
5772.657,325.116,0
5772.692,360.3997,0
5801.71,258.6992,0
5896.877,410.8906,0
5658.889,346.2366,0
5224.449,244.8071,0
5792.134,296.4268,0
5284.745,235.9878,0
5670.672,319.4658,0
6139.885,207.478,0
5433.705,304.6265,0
5250.97,228.6914,0
5583.729,349.6748,0
5774.879,216.3228,0
6041.834,307.7542,0
5911.922,471.9631,0
5724.451,346.8774,0
6303.116,380.5659,0
6121.705,276.4294,0
5874.585,302.6833,0
5748.5,399.3264,0
5305.716,315.2476,0
5754.489,302.8079,0
5622.659,326.8552,0
5959.79,285.3203,0
5786.108,328.158,0
5452.322,277.6274,0
5315.784,282.0015,0
5863.482,402.7844,0
6147.724,440.8164,0
6045.099,336.4895,0
5697.732,424.6248,0
5703.22,290.3533,0
5780.6,279.9143,0
5335.569,241.2549,0
5893.641,358.7659,0
5392.941,372.2561,0
6074.594,507.1978,0
5925.927,413.1367,0
5767.224,420.1121,0
5794.845,398.6533,0
5812.184,406.282,0
6134.854,301.3977,0
5668.858,285.9861,0
5804.719,394.416,0
5917.885,239.4619,0
5875.809,399.9536,0
5800.744,337.6626,0
5384.369,369.0242,0
5861.552,384.1348,0
5875.741,424.3845,0
5695.782,368.345,0
5676.647,251.1816,0
5683.428,352.072,0
5645.857,344.7498,0
5932.127,388.0671,0
5741.386,332.8748,0
6043.924,430.447,0
5730.12,430.6448,0
5852.782,359.3108,0
5954.747,362.738,0
5863.285,506.1267,0
5765.404,446.0156,0
5367.16,284.6467,0
5756.714,374.7734,0
5689.555,284.5623,0
5740.686,286.5427,0
6036.562,451.4226,0
5632.269,338.9011,0
5747.81,449.999,0
5903.475,316.01,0
5914.155,280.1794,0
5928.224,449.5615,0
6082.498,380.4685,0
5659.758,322.2041,0
5714.795,320.6262,0
5624.347,485.1848,0
5867.82,384.4548,0
5910.903,323.9265,0
5815.651,441.6563,0
5958.252,256.2754,0
5342.516,311.0913,0
5708.45,287.0278,0
6002.618,347.3113,0
5829.977,343.9998,0
6104.409,349.1821,0
5671.523,358.3176,0
5825.588,319.4329,0
5972.157,426.1897,0
5809.006,281.4846,0
5764.461,392.3523,0
5575.3,297.7112,0
5456.258,305.4502,0
5894.753,359.4087,0
5941.381,267.6963,0
6035.258,366.238,0
5519.613,224.3853,0
5840.157,314.5356,0
5779.756,371.2625,0
6190.003,406.5676,0
5739.363,411.7734,0
5552.419,405.219,0
5459.906,446.0588,0
5594.051,350.0708,0
5948.569,383.6724,0
5782.011,368.4189,0
5917.791,270.9136,0
5647.204,296.2581,0
5344.434,328.4299,0
5172.101,326.6279,0
5808.302,321.8882,0
5645.585,466.7231,0
5839.944,370.686,0
5813.087,415.8677,0
5886.962,302.0374,0
5997.587,284.4177,0
5645.526,283.2332,0
6073.594,491.8748,0
5860.549,362.2576,0
5882.531,199.9292,0
5892.972,434.7422,0
5848.717,396.592,0
5751.484,423.8413,0
5661.373,549.2046,0
5618.887,205.262,0
5818.911,436.9204,0
5954.27,334.4294,0
5973.902,324.572,0
5636.507,373.2234,0
5591.684,331.3752,0
6001.354,482.3137,0
5665.136,400.4993,0
5944.438,334.0725,0
5984.353,236.7383,0
5344.494,486.4543,0
5577.483,407.8352,0
5807.629,276.1274,0
5774.81,204.301,0
5816.195,433.7324,0
5737.374,331.8984,0
5664.439,304.2629,0
5830.453,379.1169,0
5306.3,290.8416,0
5943.361,418.8582,0
6040.798,337.2749,0
5569.658,312.0605,0
6081.342,352.709,0
5283.191,332.124,0
5949.54,326.5972,0
5864.409,307.5857,0
6162.878,415.4995,0
5771.676,322.9331,0
5939.899,408.7319,0
5833.302,409.1443,0
6128.589,453.2139,0
5589.884,309.1362,0
5732.584,373.8726,0
5779.96,358.0408,0
6032.281,467.9316,0
5926.495,362.1929,0
5592.227,455.5403,0
5813.118,478.6995,0
5707.583,446.0869,0
5654.404,361.7317,0
5726.165,320.2271,0
5961.154,299.4006,0
4990.173,261.1423,0
5623.006,335.8093,0
5704.49,376.8496,0
6018.613,495.7991,0
6043.223,464.2102,0
5993.464,416.6018,0
5815.701,478.2144,0
5875.303,355.8572,0
5845.187,371.3069,0
5825.863,268.9487,0
5965.957,453.8325,0
5811.922,361.7949,0
5103.806,370.8901,0
5804.324,498.8486,0
5929.168,356.459,0
5942.68,237.6802,0
5997.202,421.5278,0
5863.134,489.072,0
5730.246,311.6184,0
5787.612,218.9653,0
5853.875,389.1414,0
6168.676,291.0679,0
5969.704,415.187,0
5856.993,433.9995,0
5546.895,361.3223,0
5647.564,375.5151,0
5419.479,210.0605,0
5433.623,301.4983,0
5729.708,388.6707,0
6019.919,215.2854,0
5876.733,386.4302,0
5841.504,475.2866,0
6132.995,294.2371,0
5947.628,272.3877,0
5995.842,294.1025,0
6140.597,285.8545,0
5902.056,417.4868,0
5692.614,192.0449,0
5671.766,266.9385,0
6213.305,357.4751,0
5967.507,399.1008,0
5603.341,393.3464,0
5783.833,546.2021,0
5466.794,222.0349,0
5626.898,256.3926,0
5931.375,327.4414,0
5823.101,467.0994,0
5662.613,297.6265,0
5215.48,262.1914,0
6046.239,280.5278,0
6250.23,288.6819,0
5961.401,450.2373,0
6060.893,432.269,0
6078.702,234.2227,0
5868.766,388.2539,0
5744.428,349.5955,0
6094.151,293.3081,0
5791.459,290.8887,0
5921.203,422.4512,0
5919.542,367.0635,0
6106.439,413.4399,0
5617.882,386.2361,0
5965.3,201.7607,0
6150.903,388.2405,0
5705.987,429.0566,0
6041.783,307.9521,0
5937.385,376.0972,0
5711.914,301.8721,0
5904.073,396.6934,0
5596.422,390.5037,0
5629.905,395.7268,0
5655.701,376.0945,0
5751.405,455.259,0
5931.308,348.9553,0
6078.578,331.5356,0
5719.894,386.2642,0
6022.948,334.1765,0
5990.117,328.4644,0
6002.464,352.9841,0
5685.569,432.6013,0
5629.208,352.3757,0
5719.165,335.6682,0
5873.833,431.4216,0
6000.251,391.2725,0
5833.996,358.4951,0
5714.784,389.0896,0
5961.805,289.0317,0
5923.18,455.1184,0
6072.24,433.7896,0
5247.102,319.1021,0
6062.653,240.207,0
5435.355,310.8201,0
5873.118,397.4294,0
5903.151,418.9653,0
6043.161,289.2668,0
5545.591,354.4766,0
5560.682,303.5923,0
6100.421,291.1611,0
5778.473,412.2563,0
5836.166,359.8403,0
6033.314,341.4927,0
5911.902,390.4475,0
5820.767,230.1648,0
5920.777,428.4924,0
5978.424,317.7307,0
5775.855,237.6851,0
5836.926,318.8545,0
5168.103,306.8823,0
5879.55,269.1375,0
5769.148,431.0454,0
5860.807,316.3635,0
6116.925,413.9185,0
5924.077,302.1475,0
5771.495,252.717,0
5873.587,336.9778,0
5784.066,254.917,0
5652.974,241.4404,0
5959.651,320.9292,0
5942.183,430.4607,0
6084.384,305.8298,0
6147.105,236.436,0
5875.639,421.0737,0
6125.512,384.9075,0
5826.758,346.1306,0
5977.376,307.0903,0
6027.369,327.9497,0
6102.693,304.3838,0
5637.15,379.2502,0
6009.42,408.321,0
5402.429,401.3755,0
5685.337,315.1501,0
5729.75,316.6489,0
5473.799,235.8269,0
6016.245,337.5159,0
5901.449,310.719,0
5745.354,243.27,0
5882.734,321.4956,0
5942.738,376.3123,0
5911.325,227.2742,0
5515.414,285.3928,0
5551.175,367.9143,0
5812.057,372.8552,0
6068.195,362.5559,0
6112.568,416.179,0
5848.909,411.8899,0
5936.434,342.4365,0
5721.69,370.8745,0
5513.676,293.5415,0
5084.079,261.9312,0
6018.507,346.1399,0
5688.173,288.2542,0
5923.616,378.4126,0
5816.104,442.6985,0
6031.301,301.2336,0
5979.621,350.5735,0
5990.743,341.9912,0
5774.014,406.6538,0
5862.223,371.6179,0
5844.400,6624.0,
5785.332,365.4871,0
5741.422,344.2883,0
5816.912,381.5273,0
5890.727,409.853,0
5595.546,287.585,0
6187.89,250.4392,0
5232.339,256.8499,0
5756.434,381.0134,0
5602.712,339.5051,0
5765.149,359.7786,0
6037.165,332.478,0
5913.386,449.3291,0
5524.959,401.7136,0
5958.556,445.7476,0
5663.174,347.2559,0
6026.364,570.5325,0
5831.554,465.8125,0
5694.122,431.4084,0
5733.193,406.6169,0
5714.986,325.8657,0
5992.306,328.0669,0
5734.113,415.4861,0
6118.754,316.062,0
5551.07,273.4648,0
5622.491,324.2932,0
5392.212,387.4836,0
5987.74,437.1912,0
5950.296,372.1262,0
5954.763,414.8745,0
5285.011,224.6096,0
5630.495,358.8535,0
5874.607,356.9663,0
5925.843,346.9253,0
5468.025,308.397,0
5901.464,266.575,0
6002.755,273.9834,0
5807.896,343.907,0
6100.48,230.979,0
6059.443,453.083,0
5893.446,386.4973,0
5984.834,426.5046,0
5895.05,383.0093,0
5712.343,468.1638,0
5784.474,385.0247,0
5928.721,307.4558,0
5919.68,489.5059,0
5509.814,277.5505,0
5582.616,325.6907,0
6022.401,368.8904,0
5642.337,314.6187,0
5631.727,368.6565,0
6001.035,305.8376,0
5697.478,287.7837,0
5515.284,270.9883,0
5718.15,455.512,0
5890.234,376.7253,0
5939.56,441.468,0
5844.393,458.269,0
5818.282,284.2244,0
5939.768,293.106,0
5811.942,351.3269,0
5793.337,393.8982,0
5852.139,407.3914,0
5859.407,234.2756,0
5262.469,322.4338,0
5821.573,412.0618,0
5447.424,373.897,0
5805.026,392.6484,0
6124.29,467.488,0
5796.312,412.7761,0
5790.256,465.9346,0
5845.224,301.5625,0
5802.897,382.1628,0
5693.505,319.6387,0
6043.281,273.0435,0
5482.173,283.0796,0
5916.007,292.0486,0
6225.085,332.6155,0
6101.697,253.7686,0
5691.292,350.7058,0
6156.281,222.1907,0
5396.08,338.947,0
5934.795,447.6921,0
5440.397,346.7793,0
5926.761,269.1187,0
5807.416,276.9612,0
5817.406,406.1367,0
5673.068,422.533,0
5747.36,380.6418,0
5950.634,367.3594,0
5677.646,453.8438,0
5853.216,262.6123,0
6047.528,293.7483,0
5386.098,355.4834,0
5903.955,507.8718,0
6092.886,396.1633,0
5825.378,351.082,0
6048.81,350.21,0
5912.17,370.8809,0
5886.377,350.6089,0
5970.773,464.179,0
5759.591,371.2793,0
6088.077,359.7148,0
5806.142,335.9148,0
5976.329,322.5439,0
5743.554,302.1621,0
5953.844,388.7683,0
5571.823,353.4426,0
5767.094,361.8472,0
5817.457,455.7971,0
6048.949,315.3242,0
5724.418,217.4924,0
5939.013,301.8516,0
6018.519,265.593,0
5853.755,426.2905,0
5993.487,301.3933,0
5534.868,301.9709,0
6085.025,380.6106,0
5880.984,408.4221,0
6237.229,278.1189,0
6084.172,362.7153,0
6121.429,378.5359,0
5879.781,381.2764,0
5681.186,384.095,0
5837.401,375.5322,0
5846.922,367.4844,0
5918.579,302.5251,0
6039.827,350.9148,0
6186.29,323.2646,0
5904.76,340.1624,0
5690.089,319.6311,0
5795.932,322.2603,0
6094.815,232.2256,0
5919.739,207.9558,0
5784.572,394.8342,0
5732.563,371.8359,0
5984.455,318.0078,0
6026.158,248.7397,0
6025.415,465.5088,0
5934.426,379.9021,0
5866.942,307.8452,0
6046.125,162.1245,0
5772.801,343.8191,0
5610.301,273.863,0
5718.706,326.1663,0
6011.106,281.5615,0
6167.455,316.4004,0
5750.317,447.7429,0
5844.485,486.7246,0
5537.11,309.0107,0
5492.366,332.7729,0
6148.111,399.564,0
5916.025,337.7561,0
5955.217,360.7305,0
5826.475,366.7573,0
5942.233,420.3208,0
5902.196,276.5527,0
5716.726,453.4832,0
5804.039,380.7852,0
5571.708,446.3542,0
5802.976,324.1755,0
5854.255,396.8193,0
5739.77,481.3015,0
5430.088,323.2727,0
5889.825,313.3267,0
5804.385,304.1157,0
5713.674,290.5393,0
5442.552,294.9409,0
5785.449,468.6106,0
6031.244,369.4556,0
5926.94,285.439,0
5972.469,278.1567,0
5577.488,255.5581,0
6056.301,377.8157,0
5858.207,330.7124,0
5919.752,331.9775,0
6055.577,272.845,0
6204.102,221.5793,0
5856.157,386.7585,0
5806.456,458.595,0
5823.245,396.3242,0
5447.752,325.1741,0
5840.587,269.8894,0
5644.004,373.7827,0
5905.159,426.8955,0
5892.839,305.1836,0
5614.736,237.781,0
5429.623,320.7617,0
5760.033,391.2146,0
5873.295,399.6697,0
5663.024,363.8975,0
5660.815,426.4497,0
5965.599,330.1653,0
5915.264,323.0964,0
5494.195,319.5093,0
5779.347,318.1802,0
6106.085,441.6594,0
6129.401,350.7415,0
5859.228,305.1765,0
5837.301,449.9446,0
5862.947,365.5388,0
5725.776,526.345,0
5558.617,302.7141,0
5546.063,438.6465,0
5799.317,445.365,0
5937.784,326.6716,0
5808.23,425.2576,0
5630.223,302.5623,0
6079.066,386.3623,0
5715.391,523.4148,0
5830.164,423.4731,0
6064.846,369.9502,0
5650.526,361.3801,0
5780.292,221.8547,0
5877.804,349.1184,0
5736.696,501.1233,0
5940.69,321.896,0
5897.098,436.1917,0
5626.58,441.8066,0
5655.682,376.7217,0
6073.97,370.1152,0
5654.578,287.8818,0
5649.094,386.3997,0
5715.376,233.0693,0
5827.308,356.9038,0
5789.021,371.4341,0
5724.263,305.0605,0
5821.245,413.6711,0
5935.601,306.7346,0
5756.27,394.1277,0
5463.144,229.3071,0
5707.611,345.886,0
5853.858,379.8604,0
5756.837,340.054,0
5265.604,247.2139,0
5736.806,341.9414,0
5807.829,368.2722,0
5891.746,391.3201,0
5611.535,291.0874,0
6019.623,311.7993,0
5869.488,451.9973,0
5615.834,249.51,0
5618.87,406.7927,0
5730.775,502.4421,0
5927.154,334.1819,0
5552.034,445.4382,0
5703.105,353.8218,0
5893.549,371.3787,0
5650.216,417.2139,0
5915.803,363.1304,0
5388.53,171.302,0
5413.469,351.1372,0
5974.488,343.6023,0
5786.023,414.637,0
5381.271,295.9375,0
5873.358,423.0142,0
5793.229,387.6855,0
5926.145,448.9087,0
6098.855,470.2708,0
5906.562,449.9971,0
5238.665,249.0518,0
5973.871,359.1331,0
6006.242,322.0681,0
5669.062,463.1814,0
5521.06,283.1509,0
5659.458,264.6819,0
5929.159,345.1626,0
5579.739,252.7642,0
5896.621,282.0457,0
5183.679,347.0542,0
5935.049,302.6057,0
5882.298,428.9963,0
5750.327,485.3967,0
5887.228,395.949,0
6036.665,383.4473,0
6032.989,425.0063,0
5688.452,391.6565,0
5880.942,385.2322,0
5932.66,254.6597,0
5866.372,318.8333,0
5642.172,411.469,0
5868.464,372.0217,0
6163.179,380.7,0
5706.871,339.0222,0
6019.083,456.6792,0
5909.028,334.0623,0
5824.095,283.7278,0
5752.077,339.4712,0
5543.592,447.6716,0
5283.351,420.9189,0
5942.495,317.0305,0
6054.651,367.3359,0
5932.662,343.1855,0
5783.356,310.6165,0
5466.201,362.6372,0
5942.657,299.522,0
5827.822,378.7559,0
5872.147,261.1211,0
6884.664,474.5073,0
5079.299,208.4011,0
5553.492,406.9451,0
6031.039,268.4109,0
5647.436,208.7717,0
5790.424,429.4751,0
6019.992,354.3389,0
5783.569,410.2283,0
6004.343,305.4294,0
5885.701,299.2813,0
5865.631,415.4795,0
5762.517,243.4326,0
5915.865,351.0464,0
5987.512,410.0154,0
5665.847,448.6211,0
5942.41,327.3718,0
5600.451,417.645,0
5895.715,368.3977,0
5811.856,441.2068,0
5943.277,6113.0,
6001.472,380.2617,0
5480.29,232.5374,0
5527.291,305.6724,0
5518.449,274.3306,0
5921.231,387.8621,0
5359.545,303.5105,0
5715.284,415.1326,0
5982.567,383.5134,0
5882.781,378.5974,0
5680.135,413.3538,0
5839.098,435.2852,0
5715.033,308.0708,0
5914.661,399.1641,0
5974.554,364.2791,0
5715.617,275.1704,0
5674.526,347.033,0
5896.564,373.7834,0
6007.206,403.4912,0
5607.521,389.6616,0
5634.958,458.4602,0
6058.281,357.2478,0
5306.219,335.3696,0
5953.949,319.1975,0
5837.39,369.4832,0
5755.338,353.5444,0
5868.864,280.0605,0
5721.217,399.7241,0
5782.807,452.6196,0
5827.8,329.8911,0
5930.735,392.9919,0
5651.705,372.3477,0
5759.608,494.9375,0
5924.398,281.9956,0
5658.869,411.813,0
6022.152,412.9805,0
5736.938,396.9417,0
6016.375,388.6597,0
6014.319,459.5286,0
5811.079,319.9424,0
5857.641,313.1135,0
5371.307,417.8806,0
5842.569,299.438,0
5717.88,216.573,0
5591.945,381.5115,0
5957.566,328.5903,0
5888.297,416.2898,0
5540.702,261.8796,0
5824.989,332.2144,0
5776.065,381.0774,0
5808.734,297.5793,0
5984.345,334.687,0
6000.42,445.4424,0
5948.021,387.7954,0
5700.882,398.1704,0
5722.005,370.9553,0
5766.677,455.0718,0
5543.271,288.1951,0
5654.184,237.3535,0
6770.285,517.8442,0
5759.128,409.6519,0
5944.633,284.0283,0
5956.623,316.6531,0
5697.146,408.0005,0
5440.064,354.2324,0
5686.644,445.791,0
5894.317,267.2095,0
5839.602,343.0088,0
5835.838,332.5142,0
5689.785,297.6812,0
5947.248,370.2676,0
6010.567,489.075,0
5820.727,416.3672,0
5310.508,257.6147,0
5451.093,395.6804,0
5711.07,400.0344,0
5741.449,387.2434,0
5885.15,411.1074,0
5843.5,418.1111,0
5813.667,321.3665,0
5843.313,360.3323,0
6040.509,365.8108,0
5882.176,396.0728,0
6113.095,301.092,0
5769.757,458.3516,0
5692.106,409.4246,0
5950.023,256.1406,0
5922.273,416.9165,0
6102.426,365.4917,0
5652.107,536.415,0
5906.384,293.7935,0
5933.358,240.3679,0
5945.497,323.2214,0
5668.772,313.2195,0
5595.022,350.781,0
5942.064,387.9326,0
6089.618,276.0291,0
5718.561,410.7876,0
5962.271,349.7947,0
5949.331,393.2678,0
5833.081,310.5955,0
5956.303,342.0542,0
5795.574,363.0991,0
5892.843,254.6416,0
5704.149,380.3091,0
5798.575,364.3579,0
5767.041,343.4675,0
5569.924,295.1848,0
5811.649,352.9023,0
5868.623,350.0955,0
5906.142,344.7239,0
5997.386,352.9719,0
5644.686,306.5627,0
5928.389,494.6641,0
5640.473,306.0723,0
5819.022,396.1702,0
5705.671,416.8401,0
5850.333,270.6995,0
5931.194,348.4951,0
6134.259,401.4546,0
6063.745,382.635,0
5994.526,415.2246,0
5748.84,395.2246,0
6021.932,379.3035,0
5865.548,420.7085,0
5911.925,368.0156,0
5960.007,354.8848,0
5543.751,288.5669,0
5760.204,435.9705,0
5740.263,479.8484,0
6108.62,439.0137,0
5972.984,473.0884,0
5439.232,290.0598,0
5879.54,390.2739,0
5970.884,279.865,0
6106.285,466.0813,0
5868.983,484.9885,0
5947.178,290.8235,0
5965.911,386.7383,0
6010.058,331.2339,0
5457.126,336.5693,0
6020.106,329.2278,0
6062.542,256.6494,0
5928.132,331.2952,0
5899.151,341.1079,0
5955.174,454.3679,0
5934.657,343.2788,0
5993.356,347.2361,0
5841.837,426.427,0
6012.696,286.3176,0
5655.492,378.5752,0
5883.856,359.9521,0
5853.187,313.6492,0
5438.431,282.1621,0
5973.259,357.9675,0
5899.034,333.7512,0
5866.283,288.4153,0
5864.575,324.3728,0
6079.332,270.2424,0
5586.273,371.0774,0
5833.509,367.9834,0
5772.089,446.1101,0
5740.795,258.1951,0
5741.779,314.4758,0
5658.296,382.9331,0
6000.389,265.3479,0
5642.158,386.7515,0
5506.279,422.6799,0
5566.866,348.7058,0
5583.031,389.4438,0
5814.135,292.6174,0
5726.18,439.7966,0
5478.188,401.1194,0
5881.615,385.0012,0
5765.69,464.4309,0
5984.536,296.625,0
5774.502,302.7878,0
5926.824,290.3926,0
5774.604,269.5486,0
5952.747,365.7532,0
5908.23,311.2883,0
5873.824,414.9241,0
5942.308,401.2856,0
5709.287,284.2183,0
6069.657,291.6953,0
5860.712,383.2754,0
6021.578,334.8164,0
5900.665,227.7515,0
5930.015,315.1694,0
6051.266,315.989,0
5964.5,266.8962,0
5822.734,335.7427,0
6035.43,276.6765,0
5850.467,267.0825,0
5937.216,328.5215,0
5434.251,392.2009,0
5920.569,296.3311,0
5882.645,377.7158,0
6067.438,305.2544,0
5760.69,271.7732,0
5596.21,361.1848,0
5745.815,403.1833,0
6027.393,308.1594,0
5842.628,351.9585,0
5983.77,357.4131,0
5926.028,350.4028,0
5872.574,321.8289,0
5776.214,258.8909,0
5742.172,377.5061,0
5794.721,245.3481,0
5850.135,310.3777,0
5368.368,280.874,0
5954.388,377.5366,0
6076.312,209.0276,0
5855.773,452.646,0
6078.11,457.4424,0
6091.807,317.1636,0
5672.767,412.8618,0
5966.498,384.3196,0
6085.727,313.5483,0
5604.554,279.6226,0
5751.818,256.885,0
6154.604,278.8079,0
5969.921,294.7041,0
5877.659,266.3367,0
5884.056,344.793,0
5468.119,357.3906,0
5429.71,302.6877,0
5904.037,229.4451,0
5392.613,414.9873,0
5903.264,325.9414,0
5437.746,248.8318,0
5698.119,350.3423,0
5852.826,356.8115,0
6041.58,298.3447,0
5738.313,305.3252,0
5763.199,430.7466,0
5528.636,300.9595,0
5758.147,320.2693,0
5951.235,360.9619,0
5950.696,421.9294,0
5913.896,342.2441,0
6060.304,425.3921,0
5856.252,392.3098,0
5676.468,262.9402,0
5908.354,352.5286,0
5330.934,251.6274,0
6040.5,286.4319,0
5999.253,331.7053,0
5763.305,377.3606,0
5834.448,397.9487,0
5917.287,407.9504,0
5519.462,325.2144,0
5787.072,319.1787,0
5825.298,320.9089,0
5662.646,448.1089,0
6017.329,299.0969,0
5952.19,350.1191,0
5151.966,453.2378,0
5996.93,312.012,0
5503.811,355.0127,0
5496.138,254.7842,0
5910.654,491.2886,0
5795.251,350.7957,0
5773.353,333.4102,0
5919.921,295.2285,0
5885.324,291.4607,0
5932.47,428.6252,0
5684.936,360.7283,0
6056.728,211.0269,0
5791.2,369.4836,0
5862.332,296.6077,0
5456.122,265.7241,0
5476.969,326.0203,0
5618.717,309.6902,0
5726.479,313.1113,0
5765.145,374.199,0
5897.414,303.9001,0
5997.459,385.7856,0
5954.792,379.7993,0
5986.702,323.4897,0
5619.683,451.5842,0
5574.374,309.8013,0
5703.142,310.7529,0
5537.094,371.8267,0
5806.152,536.8689,0
5779.104,270.4827,0
5538.685,385.209,0
5904.823,366.8845,0
5607.466,452.009,0
5619.547,281.7336,0
5880.743,410.1636,0
5985.422,359.7307,0
5714.991,408.3564,0
6053.307,393.5483,0
5895.966,364.2559,0
5576.74,345.6819,0
5809.111,363.0171,0
5968.187,264.6636,0
5962.537,316.8164,0
5833.939,419.2212,0
5909.366,358.3525,0
6027.266,299.4326,0
5787.262,422.8022,0
5827.969,347.1707,0
5708.652,393.9111,0
5628.287,343.5032,0
5566.142,323.7563,0
5584.875,370.6636,0
5774.433,260.9839,0
6014.533,354.9497,0
6083.241,249.5544,0
5686.354,275.499,0
5887.767,340.0491,0
5974.885,412.7803,0
5973.396,295.0808,0
5855.702,364.3718,0
5959.805,290.8193,0
5801.181,519.0757,0
5880.479,295.5149,0
6120.162,308.2261,0
5973.167,348.4719,0
5755.56,198.0156,0
5952.703,258.9751,0
5933.546,383.8767,0
5990.019,358.9209,0
5831.361,474.8843,0
5980.355,354.9937,0
5775.865,344.4172,0
5888.154,412.884,0
5641.918,263.1128,0
5569.188,336.0139,0
6017.978,256.9272,0
5809.155,354.4536,0
5837.894,366.6436,0
5862.974,317.9824,0
5661.446,359.9939,0
5819.861,359.751,0
5664.733,288.9609,0
6200.936,291.2532,0
6030.5,423.9607,0
5700.226,303.988,0
5697.208,369.865,0
5860.76,367.4966,0
5635.693,343.7051,0
5747.34,341.9819,0
5862.117,382.8438,0
5941.196,461.7761,0
5803.266,352.5586,0
5973.747,347.8567,0
5972.958,289.8528,0
5630.055,255.834,0
6050.141,296.4258,0
5840.533,422.5981,0
5879.543,350.4214,0
5764.173,307.3076,0
5883.468,300.6089,0
5621.427,396.7256,0
5802.846,473.3433,0
5503.906,355.0103,0
5870.884,421.9666,0
5840.731,439.385,0
6045.375,347.6799,0
5839.311,367.9624,0
5665.125,255.8843,0
5916.691,371.0042,0
5828.283,299.2493,0
5513.259,308.7476,0
5850.253,395.0598,0
5359.253,343.5481,0
5914.021,397.7373,0
5812.988,309.6213,0
5751.455,345.8582,0
5578.764,361.9792,0
5714.816,330.2175,0
5900.326,314.2551,0
5814.092,288.6709,0
5760.78,397.7524,0
5845.875,326.7766,0
6113.126,276.8511,0
5918.504,398.2173,0
5917.024,348.4172,0
5490.396,286.4861,0
5697.824,313.7764,0
6145.3,436.1436,0
6006.674,366.7944,0
5890.399,353.9285,0
5858.822,354.9612,0
5857.359,340.8735,0
6071.166,338.2378,0
5510.635,261.2002,0
6014.557,344.8821,0
5308.903,279.5791,0
5428.094,289.3755,0
5850.046,315.3594,0
5843.957,349.1975,0
5950.737,375.7395,0
5703.432,347.7559,0
5798.539,351.3159,0
5848.842,402.9592,0
6076.632,346.0984,0
5734.393,375.2341,0
5728.666,358.1658,0
5466.074,288.3008,0
6075.683,247.2361,0
5977.214,344.5464,0
5289.824,269.7295,0
5657.8,316.6333,0
5895.672,398.7168,0
5970.459,371.4919,0
5872.124,332.1135,0
5938.585,338.9407,0
5804.186,383.5649,0
5760.45,403.0435,0
5901.688,369.873,0
5793.202,494.8716,0
5998.486,278.061,0
5804.792,422.7986,0
5787.468,316.001,0
5875.26,281.469,0
5943.579,423.5574,0
6024.783,347.5513,0
5959.449,339.7527,0
5952.147,332.0815,0
5774.411,354.5391,0
5900.625,367.2532,0
5597.811,339.3367,0
6002.059,428.6406,0
6065.795,274.9392,0
5964.358,289.5134,0
5933.599,473.2148,0
5712.681,419.1025,0
5832.684,364.5613,0
5965.05,352.1309,0
5730.233,340.7925,0
5862.389,382.0146,0
5957.538,386.3257,0
5857.214,365.3267,0
5749.269,409.1726,0
6134.269,406.1064,0
5463.963,281.6064,0
5646.115,419.2405,0
5607.27,289.8982,0
5895.823,334.8391,0
5880.138,445.9094,0
5737.915,350.2971,0
6220.936,385.9165,0
5824.887,420.6609,0
5838.796,327.9185,0
5899.615,350.5205,0
6008.301,356.5862,0
5699.062,349.6057,0
5563.436,265.2957,0
5757.161,220.8276,0
6232.297,386.0444,0
5893.858,290.927,0
5734.242,423.5747,0
5507.898,297.9646,0
5853.887,289.7141,0
5812.218,348.9692,0
5825.335,235.2783,0
5738.772,387.9702,0
5733.522,322.5293,0
5610.208,277.4119,0
5902.699,291.468,0
5983.205,347.3733,0
5956.916,326.6606,0
5704.414,322.7524,0
6046.9,353.801,0
5773.742,298.0063,0
5343.898,400.8804,0
5864.83,289.5452,0
5931.336,396.4055,0
5972.245,321.74,0
5824.247,353.385,0
6092.613,406.0989,0
5838.862,385.1528,0
5731.447,340.72,0
5693.735,339.3494,0
5785.195,311.2671,0
5639.549,360.4526,0
5514.832,279.0847,0
5560.218,282.5764,0
5742.929,461.5234,0
5867.014,241.9663,0
6063.537,257.0059,0
5447.486,255.9739,0
5726.283,364.7939,0
6077.203,287.9238,0
5477.962,284.4597,0
5512.072,365.1111,0
5901.068,386.9287,0
5785.879,277.3679,0
5746.381,293.23,0
5796.498,359.4102,0
5772.517,288.7695,0
5902.001,348.053,0
6005.115,377.5071,0
5801.761,363.7034,0
5852.611,362.6938,0
5746.828,299.5354,0
5847.469,426.6511,0
5866.782,426.4399,0
5997.999,304.8655,0
5901.504,276.5154,0
6064.754,358.0728,0
5593.939,351.6777,0
5725.869,423.748,0
5912.009,233.2773,0
6086.654,257.1128,0
5751.846,430.8721,0
6040.408,310.5513,0
5652.826,436.522,0
5750.991,220.2715,0
6009.115,295.1816,0
5461.884,279.7283,0
5639.573,488.0886,0
5948.078,358.0793,0
5621.149,377.5769,0
5766.754,429.7,0
5478.628,309.9404,0
5469.364,240.4775,0
5945.516,364.9719,0
5680.494,270.7173,0
5694.328,351.8552,0
5707.901,284.2764,0
5820.836,356.9861,0
5467.039,351.178,0
5808.125,321.7373,0
5753.869,300.7051,0
5489.081,255.978,0
5879.919,429.8462,0
5856.223,348.9023,0
5494.596,457.7837,0
5876.895,265.8218,0
6191.082,406.8381,0
5367.894,219.6611,0
5676.565,228.4968,0
5886.518,322.7278,0
6051.496,343.168,0
6019.635,257.2075,0
5908.254,315.8809,0
5846.744,476.8689,0
6206.827,390.1409,0
5860.203,432.7742,0
5938.299,403.9565,0
5626.201,389.8352,0
5983.773,306.7969,0
5598.3,385.7078,0
5856.042,332.0938,0
5699.674,327.5193,0
5647.93,445.9341,0
5822.822,456.064,0
5931.097,256.4573,0
6200.642,387.4805,0
5982.477,341.2256,0
5786.863,416.5896,0
6045.363,406.0151,0
5752.929,386.5303,0
6066.619,327.3904,0
5665.495,301.9539,0
5823.833,313.324,0
5931.853,350.3811,0
5805.722,488.748,0
5648.825,356.1963,0
5986.129,382.4443,0
5833.098,375.9285,0
5822.673,431.9885,0
5865.815,363.0908,0
5699.035,394.9985,0
5743.101,355.217,0
5672.218,427.1943,0
5910.253,351.9407,0
6057.126,373.1206,0
5529.504,343.7283,0
5599.675,327.7681,0
5960.328,322.5,0
5833.593,310.2961,0
6106.7,291.9241,0
6247.903,405.1514,0
5755.707,385.3052,0
5840.26,384.3992,0
6198.516,341.676,0
5922.981,399.7139,0
5441.869,333.3474,0
5849.454,363.9109,0
5900.573,336.877,0
5872.074,401.9988,0
5995.707,298.0732,0
5890.546,515.0588,0
5923.042,256.354,0
5922.06,338.4629,0
5786.4,329.0618,0
5621.218,444.2983,0
5692.278,425.9797,0
5719.873,325.6089,0
5745.263,357.1624,0
5450.221,268.6472,0
6011.162,218.6768,0
5934.45,362.7437,0
5776.776,349.3586,0
5796.047,323.8359,0
5863.413,319.3499,0
5873.245,350.7161,0
6022.941,328.8281,0
5548.896,433.0315,0
5898.948,396.2158,0
5805.443,372.825,0
5312.656,264.7397,0
5860.518,299.5173,0
6033.281,258.6802,0
5951.212,359.2468,0
5631.457,265.0,
5716.849,245.8242,0
5810.257,403.6338,0
5644.024,285.1724,0
5842.01,320.1885,0
5693.423,366.4724,0
5742.609,314.2163,0
5702.921,224.7866,0
5718.313,372.2661,0
5924.199,373.4673,0
5375.478,364.437,0
5944.926,281.0789,0
5586.626,353.5281,0
5685.989,364.1929,0
5704.573,351.918,0
5754.783,267.0623,0
5624.646,324.332,0
5953.798,255.9702,0
5943.748,336.7471,0
5733.875,378.3984,0
5851.008,323.6853,0
5812.845,371.8987,0
5966.789,398.2595,0
5640.246,235.7561,0
5591.242,305.9719,0
5667.27,229.3867,0
5901.486,348.3127,0
5865.701,388.5208,0
6071.123,241.5349,0
5688.57,289.9468,0
5469.792,360.4387,0
6084.647,243.3408,0
6047.986,238.3816,0
5981.13,462.2588,0
6062.041,324.321,0
5804.655,364.7339,0
5956.899,418.9067,0
6057.935,372.918,0
5838.049,328.1904,0
5478.287,290.7849,0
5714.844,260.2485,0
6059.364,279.125,0
5717.616,396.0525,0
5595.771,286.5068,0
6035.763,244.5811,0
5914.102,379.1292,0
5465.548,436.5613,0
5708.587,321.3635,0
5458.504,431.2844,0
5956.149,322.0339,0
5629.155,377.6355,0
6031.871,213.7778,0
5877.212,363.7461,0
5813.691,417.6204,0
5783.849,380.6658,0
5744.017,391.5002,0
5938.136,386.2324,0
5997.222,372.3672,0
5365.64,344.3708,0
5847.352,328.2463,0
5609.014,337.4243,0
5524.931,195.394,0
5408.925,313.2751,0
5999.385,357.3086,0
6069.717,244.6792,0
5526.966,303.6008,0
5836.348,442.7695,0
5412.144,384.9509,0
5851.671,272.1052,0
5879.559,383.6665,0
5488.077,343.3013,0
5976.803,447.8533,0
5712.451,301.1313,0
5525.656,307.3345,0
5930.271,399.3081,0
5849.473,291.4705,0
5817.563,386.8784,0
5781.483,425.052,0
5521.724,337.22,0
5654.995,380.5891,0
5744.047,329.0879,0
5717.603,360.6284,0
5665.532,287.8521,0
6091.347,345.5098,0
5726.161,234.6748,0
5711.354,436.3833,0
5503.136,472.8118,0
5949.727,278.6455,0
5535.809,394.4785,0
5896.64,307.7175,0
5913.586,474.2935,0
5755.941,395.0566,0
5888.493,346.0664,0
5855.645,278.3909,0
5874.22,377.9121,0
5861.903,365.114,0
5678.042,253.0261,0
5698.068,416.6709,0
5863.436,423.6626,0
6078.416,323.2209,0
5769.786,440.5654,0
5590.146,302.5579,0
5983.091,377.1936,0
5876.918,292.7034,0
5543.523,360.3147,0
5847.903,443.2927,0
5779.458,340.3081,0
5865.255,322.075,0
5804.434,366.958,0
5899.308,397.9849,0
5795.333,362.6287,0
5850.287,338.9709,0
5944.655,442.2036,0
5847.72,441.6104,0
5863.683,511.9856,0
5974.174,256.5776,0
5873.016,446.3379,0
5955.628,493.8938,0
5973.288,349.2134,0
5561.033,370.6843,0
5492.388,329.8818,0
5781.726,179.0151,0
6017.303,362.0298,0
5982.298,344.6794,0
5997.042,423.9326,0
5822.675,433.8386,0
5692.897,422.0784,0
5927.849,334.6831,0
5670.054,461.9727,0
5705.555,383.2249,0
5568.185,342.4822,0
5889.49,357.135,0
5661.645,423.7139,0
5641.557,326.8582,0
5935.868,379.0823,0
5992.009,401.4839,0
5882.268,406.3645,0
5964.158,426.7551,0
5811.216,387.2297,0
5798.508,318.6689,0
5809.269,387.4648,0
5845.334,334.75,0
5954.09,261.207,0
5971.125,366.0916,0
5342.859,307.7454,0
5916.174,327.949,0
5436.729,316.6455,0
5770.562,348.1858,0
5835.401,515.4771,0
5731.671,369.9302,0
5759.695,311.7271,0
5598.791,294.5049,0
5895.415,388.031,0
5949.227,350.8586,0
6037.787,397.3838,0
5759.62,466.0769,0
5934.883,310.4641,0
5940.336,423.8394,0
5810.898,311.3071,0
5894.396,387.9192,0
5597.038,329.9465,0
5789.963,216.5879,0
5530.93,323.3525,0
5813.698,469.583,0
5935.854,431.4363,0
5904.161,323.6035,0
5986.239,344.0916,0
5552.81,275.8518,0
5713.654,304.2087,0
5928.415,328.6069,0
5876.889,354.6978,0
6056.394,403.3506,0
5849.927,394.6423,0
6046.54,466.8362,0
5939.791,492.5107,0
5861.353,321.0229,0
5940.557,406.4192,0
5722.326,386.7546,0
5796.958,358.9724,0
5956.395,486.2349,0
5726.18,343.5945,0
5901.282,377.5508,0
5858.394,354.9065,0
5795.78,381.9495,0
5880.301,485.7244,0
6145.425,378.3008,0
6109.423,416.2913,0
6069.245,477.4263,0
6243.738,285.5476,0
5475.17,271.9841,0
5997.213,372.3445,0
5842.392,345.7434,0
5750.881,375.0938,0
6069.143,393.5989,0
5917.894,436.1497,0
5912.633,425.4802,0
5952.096,270.2173,0
6018.442,378.7334,0
5778.95,411.3875,0
6132.44,358.6348,0
6039.056,497.5327,0
5911.828,317.999,0
5807.294,381.697,0
5979.578,319.3962,0
5879.27,465.7002,0
6006.058,367.7874,0
5701.441,472.7659,0
5730.567,540.2185,0
5774.428,371.8203,0
5946.574,452.3162,0
5823.906,338.219,0
5874.694,425.1316,0
5908.524,327.4424,0
6057.363,433.9084,0
5929.111,407.7612,0
5991.253,333.3003,0
5756.994,350.0356,0
5870.544,350.7646,0
5706.639,424.5989,0
5842.529,370.5139,0
5802.261,308.7107,0
6059.599,323.0562,0
5920.889,343.2134,0
6127.529,339.522,0
6191.757,394.3579,0
5837.472,358.239,0
5952.037,205.03,0
5893.883,456.8474,0
5684.131,308.1914,0
5597.821,459.2991,0
5531.894,304.3088,0
5981.91,272.3521,0
5930.866,286.0142,0
5874.632,266.6431,0
6023.977,404.7039,0
6110.883,444.7358,0
5741.358,502.5376,0
5633.659,241.4556,0
5884.627,482.2144,0
5909.26,375.4761,0
6127.227,410.8943,0
6038.285,274.217,0
5751.053,397.5261,0
5825.188,417.2041,0
5892.197,447.6099,0
5842.013,437.4158,0
6011.71,417.8704,0
5697.544,406.5977,0
6074.838,298.3267,0
5707.974,362.8916,0
5735.387,386.3757,0
6129.743,421.3142,0
5822.708,447.333,0
5720.178,351.1587,0
5805.043,412.8474,0
5959.346,481.1477,0
6122.075,339.7834,0
5754.335,298.9175,0
5595.71,316.4749,0
5877.962,441.2654,0
5786.837,379.7756,0
5934.218,338.9587,0
6065.514,401.9648,0
5866.638,384.7354,0
5495.307,318.645,0
5987.876,443.8306,0
5776.292,498.3579,0
5956.149,369.75,0
6024.395,330.8508,0
5927.478,376.4004,0
5812.805,456.6145,0
5780.374,477.6301,0
5984.488,421.8914,0
6028.823,371.3765,0
5809.977,433.2712,0
5915.876,347.6611,0
5992.018,469.8623,0
5396.49,366.7659,0
5832.441,456.4045,0
5923.504,416.999,0
5880.751,381.0757,0
6040.572,524.3826,0
5864.014,394.5322,0
6003.881,252.1582,0
6044.018,450.3816,0
5662.105,421.5366,0
5974.329,292.8484,0
5848.338,415.0359,0
5801.69,372.6965,0
5919.229,266.9856,0
5562.967,495.9233,0
5740.807,441.7615,0
5808.765,476.0261,0
6019.139,355.1494,0
5989.502,349.0247,0
5802.867,439.9707,0
6021.292,366.1309,0
5744.127,441.1538,0
6069.877,439.6453,0
5702.916,479.6455,0
6045.223,396.6169,0
5470.06,346.0527,0
5723.06,425.6794,0
5924.683,293.5208,0
6099.392,265.9985,0
5862.773,491.9534,0
5786.288,484.0593,0
5585.608,443.0906,0
5624.021,430.7383,0
5812.258,434.4297,0
5915.19,419.9167,0
5583.701,514.4209,0
5484.221,373.6604,0
5821.029,545.4824,0
5950.261,391.4639,0
5726.401,393.9141,0
6005.181,397.8999,0
6128.504,353.9714,0
5748.678,390.4817,0
5863.645,409.2456,0
5742.581,569.4136,0
5642.316,513.3582,0
5890.651,500.0149,0
6120.548,298.9028,0
5985.204,410.5981,0
5723.673,443.1707,0
5809.45,398.1526,0
5921.764,517.02,0
5982.545,377.5208,0
6059.036,341.8723,0
5798.938,499.0725,0
5997.464,342.1272,0
5831.072,258.7393,0
5640.485,448.9592,0
5842.588,408.1279,0
5916.676,415.9128,0
6048.025,334.9558,0
6102.26,438.4067,0
5837.092,483.9878,0
5751.676,434.3057,0
5905.755,376.7871,0
5978.929,434.2407,0
5980.287,418.4438,0
5708.83,320.1641,0
5947.871,400.9055,0
5889.124,391.48,0
5913.797,444.9841,0
5842.999,455.2825,0
5649.604,485.3577,0
6101.657,471.7339,0
6063.975,423.5991,0
5989.329,495.6733,0
6089.473,346.6211,0
5878.447,434.0559,0
5734.905,345.4453,0
5836.609,428.4624,0
5919.488,445.6475,0
6022.664,410.9258,0
5605.121,447.7471,0
5906.615,440.6548,0
5943.955,357.291,0
5948.088,435.2483,0
5936.115,391.1963,0
5999.508,358.7869,0
6239.494,326.844,0
5772.946,355.6206,0
5980.571,454.2751,0
5572.258,351.6528,0
5990.159,397.7136,0
5705.322,319.1963,0
5964.917,476.0027,0
6060.721,421.4177,0
5731.261,371.6655,0
5779.784,380.0793,0
5879.873,386.4282,0
5736.487,517.4771,0
5932.012,368.875,0
5857.062,511.875,0
5863.721,391.0906,0
5994.981,334.5303,0
5708.004,445.5435,0
5813.991,438.1282,0
5638.585,314.2419,0
5659.154,393.5298,0
6027.305,349.8071,0
5942.193,327.0527,0
5718.65,392.0564,0
6061.031,434.2012,0
5911.745,404.4382,0
5732.459,257.4387,0
5580.412,303.5078,0
6136.709,307.563,0
5885.823,562.3015,0
6212.836,438.3354,0
6111.925,386.9507,0
6105.586,339.0984,0
5838.507,377.2427,0
5789.115,494.7983,0
5898.551,360.4338,0
5985.959,412.365,0
5923.478,309.9912,0
5860.454,466.823,0
5881.255,408.885,0
5876.527,319.1802,0
5951.43,370.6536,0
5810.564,437.761,0
5695.068,452.2651,0
5696.674,370.1169,0
5915.215,455.5813,0
5623.163,416.9072,0
5885.739,385.718,0
5651.236,431.8992,0
5729.146,330.8267,0
5849.575,417.354,0
5930.477,419.7349,0
5828.21,298.6323,0
5728.062,392.0908,0
5846.344,312.8792,0
5822.447,484.8945,0
5999.034,477.6392,0
5650.665,338.6104,0
6044.724,449.1062,0
5914.706,380.9512,0
5871.143,299.28,0
5894.652,420.2153,0
5868.7,394.929,0
5837.81,448.0098,0
5815.346,432.0247,0
5780.877,367.4417,0
5809.808,423.1675,0
5979.625,368.0818,0
5883.98,378.178,0
5951.372,401.3293,0
5870.801,403.2065,0
5863.368,388.8555,0
5847.774,376.0088,0
6020.162,298.3901,0
5627.557,549.0603,0
5787.228,496.6685,0
5800.965,340.7542,0
5945.412,292.0115,0
5677.662,442.696,0
5970.483,534.2087,0
6009.746,438.0767,0
5838.256,344.9363,0
5795.832,325.5203,0
5785.375,295.5811,0
6010.373,329.438,0
5820.417,410.8755,0
5980.53,332.6907,0
6168.474,414.5112,0
5860.698,342.9663,0
5876.088,408.1782,0
5829.076,395.5713,0
5878.609,335.6821,0
5899.285,424.3818,0
5875.925,358.3838,0
5819.413,338.4983,0
5823.256,389.4404,0
5369.113,401.5757,0
5795.019,355.5127,0
5697.963,324.0613,0
6015.412,528.6128,0
5906.258,402.1206,0
6127.626,391.7205,0
6256.735,290.186,0
5903.188,362.3079,0
6031.929,355.9661,0
5808.942,347.6807,0
5872.361,460.2803,0
5920.281,473.6465,0
5461.467,381.6213,0
5651.136,408.2961,0
5860.802,308.1689,0
6011.98,215.8372,0
5969.265,344.8931,0
5957.179,341.3723,0
6148.167,354.772,0
6089.227,339.572,0
5965.828,384.8699,0
5877.153,481.4116,0
5679.536,415.5491,0
5966.05,401.9866,0
5995.491,461.6094,0
5963.5,354.4839,0
5837.995,326.9734,0
6071.348,334.7278,0
5837.054,339.8704,0
5868.062,452.9265,0
5918.838,466.3274,0
5822.394,356.0432,0
6098.039,409.5745,0
5796.472,341.4045,0
5760.864,344.9785,0
6074.007,372.3809,0
5985.102,423.7043,0
6064.293,445.7014,0
5874.56,464.2761,0
5983.539,429.4575,0
6055.025,418.9094,0
5996.057,321.707,0
6089.152,395.1265,0
5940.108,457.8091,0
6036.298,314.615,0
5824.377,357.4292,0
5937.701,389.9731,0
5855.177,442.3228,0
5826.333,426.144,0
5791.204,373.8496,0
5969.478,373.9348,0
6002.677,369.7778,0
5622.232,378.8633,0
5824.613,296.3726,0
6096.855,344.5615,0
5787.063,450.8621,0
5758.301,390.6787,0
5580.572,348.1865,0
5922.993,440.4392,0
6223.855,370.6934,0
6177.398,369.6338,0
6043.755,429.8301,0
5846.027,375.0637,0
5956.435,422.6711,0
5834.675,430.0288,0
5967.005,441.1594,0
5840.744,407.3977,0
6070.89,355.0696,0
5921.671,343.0547,0
6124.965,267.894,0
6074.551,295.7485,0
5972.064,312.4441,0
5819.184,383.9822,0
5972.331,460.8638,0
5702.832,388.3777,0
5967.286,438.8025,0
5846.575,343.1194,0
5738.004,452.751,0
5863.527,487.408,0
5843.024,486.6553,0
5990.175,374.4475,0
5918.492,465.0327,0
5979.242,356.4224,0
5744.605,366.6152,0
5601.796,530.1477,0
5838.341,417.1599,0
5797.223,438.8311,0
5913.897,253.5313,0
5887.441,342.8718,0
5993.941,411.5452,0
5770.257,343.0964,0
5936.314,440.5208,0
6088.425,463.573,0
5791.641,455.4158,0
5778.932,374.7593,0
5793.246,436.2175,0
5512.717,527.156,0
5715.817,376.5852,0
5995.4,468.4492,0
6021.198,433.269,0
5745.16,477.178,0
6124.176,357.6948,0
5397.573,331.7827,0
5917.204,436.3059,0
5676.179,436.3367,0
5844.402,460.1182,0
5959.974,382.063,0
5843.236,464.5059,0
5890.081,372.9729,0
5945.584,479.1252,0
5920.919,383.4106,0
5804.597,350.9016,0
5797.298,276.2974,0
5965.373,349.6465,0
5820.65,431.2786,0
6184.934,422.7576,0
5935.099,322.1294,0
5987.824,352.5322,0
6048.314,352.1777,0
6061.188,419.0164,0
5959.838,473.647,0
5876.066,343.5247,0
5922.206,365.3123,0
5686.7,354.2546,0
5501.154,298.7087,0
6084.463,383.2021,0
5907.908,404.6978,0
6154.072,341.0935,0
5766.912,345.6929,0
5821.727,555.7051,0
5961.372,379.5305,0
5872.238,391.291,0
5782.4,341.1802,0
5702.468,363.5129,0
5781.619,346.3267,0
5853.336,333.9722,0
5686.293,414.7517,0
5816.625,370.0732,0
5763.009,377.886,0
5854.369,390.7314,0
6241.039,299.9944,0
5900.577,331.3628,0
5713.323,368.8062,0
5950.444,424.2415,0
5889.604,355.9258,0
5977.831,372.873,0
6066.417,347.2183,0
5987.039,476.0454,0
6110.917,296.0012,0
5597.751,489.3757,0
5812.977,362.4546,0
5816.602,369.8582,0
5948.497,379.2305,0
5896.812,441.3552,0
5709.613,409.6367,0
6110.142,370.3284,0
5513.002,399.8967,0
5873.919,345.3396,0
5761.938,422.698,0
5809.419,512.4631,0
5981.192,350.6963,0
5705.047,360.2888,0
5959.159,384.3806,0
5820.931,456.4404,0
5741.232,326.2073,0
5874.614,349.6899,0
5946.994,371.0491,0
5959.392,414.0391,0
5483.577,347.4028,0
5961.51,443.281,0
5960.435,423.855,0
5381.491,379.3518,0
5897.436,463.1958,0
6016.328,332.7178,0
5823.211,343.2495,0
6081.694,421.2886,0
6036.857,462.8809,0
5805.892,421.3755,0
5842.509,397.6704,0
5934.13,462.9194,0
6047.143,420.4226,0
6114.084,384.1899,0
5560.959,319.239,0
5969.352,322.6514,0
5922.647,345.6057,0
5739.887,473.2205,0
5899.633,410.8098,0
6070.411,431.5996,0
5918.031,435.3738,0
5479.379,374.2783,0
5811.907,441.0964,0
5824.441,364.7534,0
6071.791,275.5786,0
5824.761,416.4954,0
5827.91,417.552,0
5794.686,393.5815,0
5674.799,562.7935,0
5842.387,414.8093,0
5923.043,358.6606,0
6097.925,316.6785,0
6015.553,322.6245,0
5721.767,579.8037,0
5885.295,384.2615,0
5956.076,474.7122,0
5984.742,364.6165,0
5935.855,464.1558,0
5886.3,368.4275,0
5934.886,307.2363,0
5961.898,433.345,0
5844.129,420.6763,0
5514.796,405.0486,0
6035.469,381.2598,0
5228.994,325.3057,0
5594.791,289.6028,0
