Target Value of 0 = negative
Target Value of 1 = positive
Target Value of u = unclassified (Advanced Classification Mode)

Ch1Amplitude,Ch2Amplitude,Hemsan
2043.453,355.96,0
5931.433,185.769,1
5988.159,173.5964,1
5893.505,207.0146,1
2024.863,371.8688,0
2085.137,295.9109,0
2088.518,292.4442,0
1939.028,357.4721,0
1980.711,355.8933,0
5490.772,226.4385,1
1951.453,260.0986,0
6164.529,104.064,1
2009.494,369.4452,0
5803.473,171.8391,1
2102.62,300.7982,0
1999.667,399.2272,0
6089.68,224.2937,1
5765.669,319.3618,1
2073.594,389.5243,0
7025.209,170.78,1
5922.18,193.9287,1
5892.997,184.156,1
2033.093,337.484,0
2070.401,276.1827,0
2015.079,424.7343,0
5707.909,220.1279,1
5613.315,294.7122,1
5517.487,295.5647,1
1992.319,367.5261,0
2174.768,297.3923,0
5792.197,217.3936,1
5854.133,232.4675,1
1966.216,291.5976,0
2043.618,275.532,0
5938.328,203.7769,1
1914.887,366.5883,0
5773.188,263.4395,1
1983.556,316.9471,0
2006.961,340.9202,0
1933.368,331.7511,0
5406.987,351.7444,1
2132.355,382.0334,0
5926.831,182.3052,1
2065.131,283.3021,0
5178.816,267.7253,1
2118.044,337.2637,0
5972.673,127.957,1
5800.557,270.6694,1
2160.384,267.5388,0
5885.197,9009.1,
1983.218,396.7704,0
5926.023,143.8557,1
2013.678,345.2341,0
1952.562,285.3333,0
6095.553,222.5386,1
5722.16,218.9504,1
5864.625,276.4126,1
6443.388,202.4558,1
5927.159,219.8103,1
1961.233,276.196,0
5673.911,209.2195,1
6070.35,220.1794,1
2110.007,301.8217,0
5734.659,179.9553,1
2050.261,325.4388,0
5946.244,110.917,1
5500.574,326.1245,1
2168.639,278.3024,0
5806.872,215.5972,1
5891.013,105.0962,1
6126.929,318.2935,1
2139.294,304.4812,0
2078.932,343.8038,0
2135.058,344.944,0
2105.433,291.084,0
6056.908,174.5842,1
1957.213,323.5494,0
5979.394,169.8701,1
5390.369,216.6653,1
5842.021,287.2244,1
1972.111,324.8728,0
6004.83,240.9929,1
5860.657,208.8005,1
2049.864,357.2446,0
1987.261,307.9103,0
1967.284,373.9802,0
6067.413,226.4741,1
5860.38,236.3098,1
1972.756,380.8887,0
6322.419,52.64917,1
1969.319,360.5803,0
5911.746,149.717,1
5857.966,228.4495,1
6991.393,254.2813,1
6045.872,235.6997,1
6003.219,188.1626,1
5899.964,214.3184,1
6166.273,189.4822,1
6094.816,209.5076,1
5895.539,190.3101,1
5873.496,168.2192,1
2016.671,257.536,0
5680.714,304.9519,1
2054.836,366.2576,0
6341.498,146.3877,1
2165.182,264.799,0
2045.891,263.8405,0
5814.738,233.2437,1
2052.27,311.7928,0
2039.3,319.0242,0
1923.918,392.9785,0
5742.357,273.8845,1
1955.785,292.3533,0
5982.482,224.437,1
5915.104,220.4678,1
5876.014,279.4231,1
5953.299,270.5249,1
5781.455,276.4314,1
5692.855,307.3372,1
5831.567,196.8176,1
6136.157,209.8433,1
2199.388,343.6592,0
6039.989,313.4705,1
5441.396,304.2307,1
5983.59,294.8696,1
2052.723,295.1152,0
1884.78,369.6754,0
6285.092,288.0981,1
5455.054,335.4844,1
1960.914,399.5982,0
2107.352,344.3911,0
2156.488,353.3954,0
5943.729,216.697,1
5770.834,233.6555,1
2034.247,358.1681,0
1987.016,305.9025,0
2002.773,354.8801,0
5502.41,301.0745,1
1946.454,349.8528,0
5952.244,288.9238,1
2019.468,313.4496,0
1935.563,347.3403,0
1989.95,337.3026,0
2109.705,333.4923,0
5769.415,164.2913,1
5726.22,231.6604,1
6112.645,273.4775,1
2056.83,330.1619,0
2097.132,360.5135,0
5892.31,158.7224,1
2035.117,298.0883,0
6000.679,272.366,1
5825.998,264.6289,1
5706.556,340.5325,1
2069.255,275.3413,0
5908.869,215.679,1
5969.575,189.4368,1
5630.327,242.1489,1
2060.169,335.1619,0
5752.946,196.0132,1
5734.075,247.2002,1
6169.604,229.6548,1
5827.156,232.1836,1
5926.81,286.1882,1
5886.393,186.3442,1
2096.264,353.2034,0
1939.781,369.5123,0
6148.306,267.2854,1
6017.073,178.8557,1
2033.566,318.2081,0
5908.635,191.2803,1
2141.861,311.8521,0
5912.722,174.3005,1
2045.72,362.2676,0
2007.595,271.3551,0
5863.472,249.7634,1
5974.43,139.4749,1
6129.13,181.9565,1
5976.27,229.2749,1
1937.182,354.0969,0
1984.742,351.4521,0
6017.441,164.6274,1
1973.842,331.9495,0
5667.228,186.1465,1
5970.186,162.5178,1
1976.18,303.701,0
6039.529,171.6152,1
5807.042,270.0425,1
5751.176,157.1287,1
2018.102,309.0505,0
2011.969,344.0829,0
1987.454,349.6255,0
5800.591,266.6394,1
1977.705,364.6502,0
1931.802,312.6931,0
1927.458,361.3365,0
5877.981,267.6184,1
5919.308,119.8425,1
5984.534,166.9146,1
2173.049,291.1929,0
5779.492,192.1816,1
1967.559,366.8738,0
6098.343,159.6006,1
1995.176,306.4042,0
6017.526,223.1414,1
6253.236,420.28,1
2127.732,361.9991,0
1983.861,328.6534,0
5731.278,232.2263,1
5865.395,302.1743,1
5970.602,199.9546,1
5890.97,238.4285,1
1995.509,346.3242,0
5943.673,140.1143,1
5971.251,235.8066,1
5739.513,189.3884,1
1943.49,343.9253,0
5809.338,282.4602,1
2061.393,270.8557,0
5854.535,198.8904,1
1991.808,328.5755,0
5888.905,354.1284,1
6045.989,280.6021,1
5392.473,348.0122,1
1980.707,359.1318,0
5898.837,284.9001,1
5837.107,183.8081,1
1998.367,336.5247,0
5894.093,137.5608,1
5944.563,221.603,1
1970.157,351.8321,0
5846.019,156.6533,1
2341.782,353.3096,0
5466.759,345.595,1
5528.293,4658.1,
6067.42,161.2742,1
5849.686,163.5378,1
5928.482,131.9978,1
5753.883,286.8364,1
6047.701,100.9341,1
1959.025,325.4102,0
5882.647,217.1479,1
1920.092,305.4541,0
5909.018,204.5916,1
5995.691,160.2983,1
5898.209,128.623,1
5690.147,302.9841,1
5954.724,195.2847,1
5792.691,182.3191,1
2095.389,316.8612,0
2215.257,382.924,0
5866.655,220.053,1
2116.46,314.3816,0
2024.876,342.6451,0
5865.219,252.8564,1
5996.646,167.416,1
1999.725,366.9547,0
1902.655,402.0452,0
6066.67,178.374,1
5742.442,309.1313,1
1975.729,328.8085,0
1955.123,332.793,0
5986.866,233.5039,1
2163.558,247.2108,0
1965.188,360.0101,0
5758.716,287.6223,1
6011.535,206.8655,1
5940.818,263.8284,1
2141.84,375.4546,0
2065.257,295.7253,0
2084.631,272.705,0
2003.256,319.787,0
1939.326,331.6731,0
1908.546,420.682,0
2011.703,325.8579,0
5817.618,267.5488,1
1873.183,389.1989,0
5362.959,290.7166,1
2061.599,292.8671,0
2023.677,327.5802,0
6289.772,239.9978,1
1933.934,365.2603,0
5874.04,211.2847,1
6071.97,118.6052,1
2038.457,329.2788,0
5909.11,213.7144,1
4852.847,203.239,1
6305.596,335.1895,1
5691.247,186.8972,1
5908.67,118.6438,1
5868.375,196.0183,1
1983.627,300.3574,0
2061.315,305.9109,0
2062.548,330.3856,0
2029.076,287.4789,0
1999.812,334.9911,0
1944.412,334.3647,0
5852.21,226.6294,1
2046.565,266.9655,0
5373.682,276.708,1
6107.341,203.5159,1
6155.062,185.1074,1
1979.519,338.9472,0
5811.753,214.158,1
1949.26,321.9359,0
2040.569,306.6422,0
1963.353,322.1957,0
5722.726,154.1123,1
6323.89,262.8894,1
1978.88,388.1185,0
5850.82,295.4661,1
1963.161,393.5923,0
2156.777,303.8064,0
2016.776,354.8986,0
1913.709,338.1225,0
5796.951,219.3413,1
6133.241,182.1633,1
5784.751,257.1418,1
5906.503,89.74829,1
5725.633,145.6687,1
1942.601,381.0634,0
2052.686,288.8983,0
2064.654,331.3864,0
5897.844,182.0779,1
4885.346,300.533,1
2101.057,317.5135,0
1998.447,365.5174,0
1975.442,294.4109,0
5623.75,220.0315,1
5977.174,110.8242,1
1925.083,349.3343,0
5896.791,289.7263,1
5994.161,164.6072,1
5715.377,128.9167,1
5861.049,101.5535,1
6151.205,192.3391,1
5864.343,282.2747,1
2056.534,332.4757,0
2121.517,334.9866,0
2034.022,286.3103,0
5920.208,172.5771,1
1961.125,323.9013,0
6105.256,192.8538,1
5879.37,166.594,1
5888.347,176.2668,1
5854.424,153.9504,1
1973.312,344.3823,0
5782.471,267.6208,1
5884.086,233.8772,1
5968.872,177.8665,1
6046.375,240.6985,1
2003.37,375.8144,0
5792.672,240.4685,1
6004.691,96.02393,1
1892.859,390.7747,0
5780.397,298.0234,1
2023.276,353.5593,0
5597.951,291.5886,1
2012.984,356.887,0
5532.125,277.334,1
6288.146,145.0457,1
2047.418,262.4608,0
2050.328,312.894,0
1911.248,350.8376,0
5642.218,317.4502,1
5849.254,247.2712,1
1946.087,400.3879,0
2196.404,200.3433,0
5961.667,182.9978,1
5965.697,140.1018,1
5805.905,132.5391,1
1981.684,349.8556,0
1825.299,358.9996,0
2145.735,304.1013,0
5438.781,243.3271,1
5959.429,170.9006,1
6134.497,132.4685,1
6043.861,145.9514,1
5861.531,215.6123,1
5766.039,264.6602,1
5809.705,256.6604,1
6032.267,276.9692,1
5976.287,119.4583,1
1935.676,361.3456,0
1950.559,370.9107,0
5915.929,247.3423,1
5724.065,140.1743,1
2084.455,382.7833,0
1893.227,372.9331,0
5322.652,190.2344,1
1944.879,353.4463,0
5864.75,149.2791,1
1984.089,318.5942,0
6137.492,185.8728,1
1884.446,368.207,0
6150.658,14.65796,1
2011.661,342.7203,0
1929.022,281.2983,0
5827.876,209.2856,1
5520.477,284.4836,1
5922.32,209.2078,1
5782.371,130.7722,1
5436.698,295.7378,1
1993.806,271.403,0
5844.72,195.8005,1
6032.982,199.938,1
5693.162,206.1067,1
2131.219,365.2332,0
5816.718,185.3733,1
6175.36,183.4902,1
6247.404,159.0969,1
2107.591,316.8121,0
2000.747,307.9344,0
2018.114,275.1313,0
5993.215,64.62036,1
5994.82,224.001,1
5856.972,179.6255,1
2006.505,352.5721,0
5579.142,249.6743,1
5909.839,190.9314,1
2053.064,259.3907,0
6240.686,171.8362,1
5681.628,333.5942,1
5845.229,166.8403,1
2061.375,282.7744,0
5704.443,280.6357,1
1934.197,324.8617,0
2015.119,291.3651,0
2286.209,355.1747,0
5986.408,149.7866,1
1969.148,409.6611,0
1904.527,333.0145,0
1971.08,335.8269,0
2031.914,373.4854,0
1993.688,281.7536,0
6004.998,108.3352,1
2036.94,322.3724,0
5848.852,148.2085,1
5891.375,174.3782,1
5912.571,340.571,1
6516.442,252.0972,1
1960.643,305.8202,0
1982.227,293.0859,0
1955.006,314.8249,0
5847.232,210.5527,1
6144.438,318.9204,1
2106.559,262.5582,0
1955.571,345.8619,0
1928.86,413.3273,0
5892.96,241.5662,1
1932.438,358.7256,0
1904.312,318.3865,0
2167.465,328.8948,0
5860.394,225.4697,1
2033.991,338.1367,0
6027.074,205.1838,1
2036.293,351.4849,0
5860.592,202.1665,1
5823.189,174.3577,1
1923.355,329.8829,0
6466.579,251.627,1
2086.718,361.5353,0
2097.422,279.3707,0
5890.304,181.6938,1
5643.296,225.0938,1
5723.644,298.3325,1
5889.005,240.2322,1
2056.543,376.4219,0
5628.785,203.0579,1
5922.132,142.5193,1
5523.229,231.0447,1
7377.586,372.9944,1
2069.649,286.9066,0
1958.197,347.5113,0
6245.455,132.9373,1
5799.018,241.1409,1
5929.115,205.1758,1
2163.525,317.8242,0
2043.672,346.8527,0
2150.935,325.8573,0
5906.658,172.8137,1
1991.059,286.0461,0
5919.784,171.2051,1
6004.281,163.5103,1
5546.407,173.6538,1
5825.185,242.5129,1
6246.237,182.3215,1
2150.585,311.2185,0
2177.251,364.3456,0
5812.708,242.9214,1
5818.467,172.3723,1
5717.658,227.2581,1
1955.792,352.2664,0
2035.88,427.5358,0
5908.094,168.3181,1
2098.06,257.191,0
5879.199,212.2417,1
2134.656,331.1085,0
5906.813,55.98901,1
6000.252,320.6763,1
2068.041,339.5179,0
6015.702,254.196,1
2556.424,305.873,0
2038.757,393.4484,0
5592.916,273.4602,1
5715.626,198.8408,1
2057.826,284.999,0
2057.265,292.1155,0
2071.077,247.74,0
6055.943,226.0269,1
2105.476,330.1263,0
1894.617,307.786,0
5705.179,198.0315,1
5973.935,184.3452,1
5819.333,153.8245,1
5885.804,181.5413,1
2049.061,341.8816,0
1975.797,333.6323,0
1973.086,346.8936,0
5605.617,233.7004,1
2088.114,274.7185,0
1904.456,309.3391,0
5947.673,108.8179,1
1991.66,255.9417,0
5520.92,352.9067,1
2047.922,341.6628,0
6323.437,127.7881,1
6032.458,177.5508,1
6043.149,181.5378,1
2029.388,344.6786,0
5889.056,226.8865,1
1931.586,232.1981,0
5949.883,153.1543,1
2076.256,304.1752,0
2081.611,261.705,0
5347.661,229.1899,1
5849.279,246.7881,1
1913.228,373.9114,0
5835.782,295.1553,1
2053.609,358.1125,0
2055.112,295.5649,0
2155.627,250.3782,0
5867.851,82.38354,1
5738.366,218.0933,1
5359.035,239.5964,1
2012.051,301.1796,0
5824.631,182.6238,1
6590.046,128.75,1
2172.433,349.2236,0
5868.833,247.2546,1
5889.72,154.7026,1
2078.785,301.5992,0
2222.839,378.2877,0
2151.447,319.1533,0
5925.468,240.1106,1
1986.758,318.5878,0
5706.294,263.1863,1
5917.45,182.9675,1
5880.448,202.0769,1
2109.335,297.515,0
6009.919,180.5566,1
1976.545,320.8246,0
2063.498,254.5664,0
2121.206,300.9087,0
5982.836,159.8145,1
2192.828,293.3951,0
5963.9,231.4202,1
5774.42,180.9521,1
6375.559,106.6353,1
1969.153,368.4182,0
2027.71,331.6832,0
5959.086,135.0952,1
2070.476,328.9451,0
5792.205,185.2588,1
5821.167,139.1096,1
2157.507,293.7092,0
5937.288,173.373,1
1982.288,316.4503,0
5973.688,210.2751,1
2001.027,358.4999,0
6108.535,165.8386,1
2071.177,354.2576,0
2099.45,313.4647,0
1961.903,285.7731,0
6064.407,152.7239,1
6102.307,142.8638,1
5900.323,217.3865,1
6026.932,202.1384,1
2006.053,289.5157,0
2213.236,282.7347,0
2096.964,282.1589,0
5671.845,191.6191,1
6086.735,275.5007,1
1981.731,393.9254,0
1918.56,396.1048,0
2045.479,312.3805,0
2047.623,414.786,0
5915.549,244.5581,1
2083.245,241.2118,0
5886.771,256.9739,1
2051.189,311.3927,0
2260.127,365.9518,0
6003.38,265.8955,1
1956.785,326.1426,0
2016.546,364.6956,0
2099.729,291.0432,0
1996.711,376.1061,0
5927.277,197.3091,1
5927.15,136.0959,1
5952.776,207.5422,1
1937.133,314.8445,0
5773.103,263.657,1
1970.289,354.5862,0
2044.932,328.7388,0
5835.486,225.2275,1
2215.321,315.3649,0
6047.813,214.3862,1
6130.525,112.0549,1
2027.266,320.2482,0
2125.439,308.3955,0
5940.52,144.0347,1
1942.339,371.8514,0
2089.24,283.5057,0
5992.023,103.575,1
2229.278,377.3251,0
1927.521,276.585,0
5822.722,238.1567,1
2022.2,327.3704,0
2116.651,363.8777,0
5464.526,235.6287,1
5937.363,314.1296,1
2037.36,328.0522,0
6135.269,193.8936,1
2098.644,357.3584,0
6092.173,100.7039,1
5740.491,195.6533,1
2001.144,316.0303,0
1981.928,306.1371,0
2185.92,263.0662,0
5196.969,259.728,1
1931.959,314.5176,0
6008.003,105.4631,1
5819.092,215.3706,1
6001.52,242.9438,1
2156.516,313.0651,0
5892.886,213.8391,1
5640.091,257.3491,1
5833.695,174.7312,1
5919.223,225.0505,1
2066.814,273.1152,0
1871.262,399.2233,0
6006.216,208.7683,1
5950.359,241.8242,1
6166.697,73.48462,1
6010.614,138.7603,1
5953.9,125.1931,1
6644.325,251.9978,1
5893.039,254.8374,1
5767.267,261.9084,1
5157.489,324.4392,1
5908.131,165.6565,1
5969.937,142.5422,1
1983.8,314.3446,0
5583.781,231.3296,1
4818.842,327.7881,1
5893.412,177.3943,1
5981.435,310.2056,1
5290.979,259.2253,1
6308.698,177.4412,1
5892.198,358.7324,1
5629.4,259.707,1
5965.762,210.5945,1
5873.123,291.321,1
5736.8,259.1663,1
1922.416,363.034,0
2058.174,271.0621,0
1939.3,286.4462,0
5985.854,263.1914,1
1995.275,373.8066,0
2146.084,345.7363,0
6071.209,167.802,1
1938.256,327.1642,0
5875.612,260.416,1
5837.338,209.833,1
6436.496,195.3665,1
1968.42,331.5569,0
5916.691,243.3318,1
2060.314,352.787,0
5901.263,268.5881,1
5875.548,204.479,1
5961.504,195.8645,1
2057.644,346.3439,0
5670.314,2473.1,
6390.878,210.1814,1
5749.2,248.9563,1
6258.221,194.8271,1
5854.096,104.6531,1
1925.743,340.8683,0
2092.724,310.4375,0
5869.068,141.063,1
2044.796,234.4906,0
2145.613,299.0288,0
6251.785,167.5464,1
5175.933,241.7195,1
5963.308,150.3789,1
5941.768,141.561,1
6105.501,179.5193,1
2071.186,335.5177,0
1903.49,251.48,0
5934.437,236.1934,1
5433.263,178.0234,1
2044.838,331.9855,0
5649.744,206.8611,1
5707.64,293.0859,1
6019.309,185.1416,1
1998.931,362.334,0
6315.057,124.3369,1
5984.825,91.36133,1
5816.937,236.9844,1
1979.536,317.3008,0
5732.902,237.1755,1
1944.54,318.6689,0
5786.613,306.9329,1
5889.82,229.3379,1
2008.192,303.5576,0
2089.335,242.6213,0
1966.613,334.0928,0
6043.019,228.3271,1
1953.432,358.6903,0
1888.404,383.1489,0
2141.238,288.7562,0
5565.557,330.5793,1
2047.283,341.87,0
2091.867,297.6519,0
2086.385,351.3274,0
1964.341,320.2893,0
2090.202,304.8182,0
5596.893,279.2319,1
1980.317,270.4578,0
1919.75,391.0984,0
2096.511,304.7462,0
2055.679,282.2164,0
2053.945,299.0259,0
1977.671,313.0377,0
1982.374,320.3051,0
5829.259,190.6052,1
6009.757,214.385,1
6257.256,157.9827,1
5883.959,86.47681,1
1956.029,260.6707,0
2066.757,330.251,0
2122.559,297.941,0
1924.084,412.7327,0
5871.915,211.9565,1
5934.786,160.9932,1
2207.829,328.0353,0
5054.934,329.2295,1
1986.822,305.0298,0
6133.093,261.0002,1
5784.893,194.5664,1
5960.584,230.8582,1
2158.1,335.8966,0
5977.073,271.8506,1
2127.483,360.9054,0
5976.856,217.0483,1
5738.091,175.4253,1
2023.411,336.3699,0
5791.336,162.3181,1
1945.74,399.4965,0
5635.457,241.7092,1
6187.319,145.0308,1
6045.862,102.3088,1
1962.42,294.5372,0
5783.365,228.377,1
5937.058,293.6428,1
1929.318,302.9844,0
6109.38,209.667,1
2150.468,291.2791,0
5982.232,45.27539,1
5883.727,242.4734,1
2063.544,287.3669,0
5713.355,311.5347,1
5883.605,275.7715,1
2002.004,439.4746,0
6001.221,173.2847,1
6254.881,339.1233,1
2025.502,360.3857,0
1986.74,312.2158,0
5625.992,208.1262,1
6021.336,247.812,1
2054.948,304.077,0
6182.282,215.7761,1
2039.275,351.1348,0
1962.791,377.5292,0
5840.423,174.4204,1
5904.979,226.5122,1
5822.126,235.4365,1
2024.819,325.7094,0
2024.595,412.9435,0
2070.064,301.9156,0
2119.91,350.3032,0
5878.62,255.5625,1
5844.954,244.2583,1
5810.511,246.2644,1
1982.953,338.4307,0
1893.2,325.0016,0
1912.218,341.2638,0
6250.463,282.5723,1
1988.009,364.0327,0
5958.747,102.6201,1
6057.102,188.978,1
5786.583,293.3955,1
6215.27,224.1628,1
5864.645,274.8706,1
5949.359,166.2126,1
2112.493,294.3184,0
5692.913,142.2014,1
5700.599,288.0117,1
5815.999,291.0076,1
6150.129,186.7603,1
5865.048,204.7207,1
6161.634,191.2563,1
2271.826,370.0052,0
5915.63,233.3955,1
5303.158,265.0962,1
1994.428,311.8199,0
2115.331,283.7386,0
5876.031,204.4014,1
5852.96,273.9436,1
5886.042,254.8435,1
6437.052,266.4468,1
5940.856,123.5171,1
6294.568,195.665,1
5972.236,302.5493,1
2136.62,339.4894,0
1960.139,343.8639,0
2133.328,259.6438,0
5879.647,206.9023,1
5739.861,253.5735,1
6151.682,279.9285,1
2009.852,298.8602,0
5800.563,309.1799,1
5780.677,215.8062,1
2008.227,274.123,0
2040.055,247.356,0
2099.072,264.193,0
6074.31,230.0476,1
2030.471,393.4813,0
5837.348,292.9675,1
5983.911,286.4038,1
1884.716,417.0372,0
1956.894,361.4251,0
6036.2,183.511,1
5999.444,306.0107,1
2116.917,303.3757,0
2003.483,366.5204,0
5505.723,303.3538,1
5826.183,260.0376,1
2103.36,338.8009,0
5659.845,234.0139,1
6108.012,201.1638,1
2001.263,374.5832,0
5786.793,251.447,1
1978.146,367.9075,0
2101.909,323.2965,0
2287.972,323.449,0
2091.158,264.8505,0
1966.415,330.532,0
2073.302,282.126,0
1927.003,340.5899,0
6113.56,201.4836,1
5866.389,270.9753,1
1965.373,348.2608,0
2058.267,321.7327,0
5700.903,261.145,1
6047.336,228.2017,1
5796.372,205.5891,1
5749.521,247.1064,1
2069.787,279.8273,0
5947.796,214.5044,1
6139.834,277.9036,1
5921.178,228.3379,1
5939.523,147.5876,1
5844.943,178.9412,1
2060.118,373.6923,0
5864.542,243.5527,1
6030.13,235.8787,1
1986.992,346.8807,0
5777.201,268.0859,1
6084.238,139.4067,1
5933.705,214.7031,1
5884.876,176.3665,1
6072.222,210.0276,1
2119.214,310.4565,0
1943.913,345.9037,0
6040.229,158.8408,1
6072.666,205.8643,1
2001.97,305.6452,0
5742.878,282.8228,1
1972.521,310.35,0
5871.987,231.9766,1
5788.423,319.925,1
2004.251,310.7429,0
2019.128,315.9218,0
2022.443,369.1886,0
5909.819,286.3413,1
2051.993,293.6976,0
5731.118,102.4434,1
5907.457,125.2122,1
5829.735,206.5356,1
5950.109,130.1858,1
5879.373,148.9458,1
2109.186,351.6667,0
5777.806,233.2837,1
2026.301,302.5212,0
5848.098,240.4758,1
2106.421,235.8865,0
5654.234,183.5496,1
5722.264,189.9636,1
2035.923,381.4135,0
2110.501,314.2034,0
5867.269,167.397,1
1963.973,329.4904,0
1983.652,252.7662,0
5641.286,304.3176,1
5850.44,267.1794,1
1905.285,349.2686,0
5817.269,284.0627,1
2173.934,247.1617,0
6087.493,192.9504,1
1991.791,299.2826,0
6460.926,137.6709,1
2097.709,340.053,0
5732.565,264.6892,1
6124.523,116.7307,1
1987.322,303.9261,0
5864.667,217.1636,1
5942.623,151.3711,1
5891.914,309.0518,1
5897.13,262.8135,1
5905.651,185.9492,1
1994.97,316.3514,0
1966.01,291.9269,0
2086.981,296.6545,0
6033.801,177.1245,1
5909.721,178.8037,1
6384.538,150.4268,1
5809.271,240.6631,1
5878.874,392.4482,1
6046.816,179.0991,1
1950.36,301.7516,0
1956.752,263.2408,0
2110.607,296.1038,0
5445.402,210.573,1
5890.017,289.2092,1
6008.898,232.1052,1
6068.075,137.2063,1
5527.493,230.281,1
2067.021,383.0,
2059.779,307.3525,0
1963.049,346.2751,0
2146.122,323.7258,0
2052.809,313.8916,0
5344.529,330.9543,1
6292.31,131.5461,1
1994.866,304.5879,0
2051.321,298.6194,0
5992.116,181.5383,1
5700.8,202.1238,1
2022.871,332.6422,0
2075.13,277.506,0
1921.024,325.3071,0
5410.246,183.6216,1
5846.037,119.5859,1
1940.534,325.3265,0
6061.275,220.9272,1
6053.226,248.1433,1
6172.875,156.2097,1
7037.374,85.85889,1
1958.459,318.3502,0
5392.521,246.3247,1
5963.291,218.7576,1
1970.901,398.1752,0
5717.887,290.0249,1
5572.445,264.6426,1
1984.107,394.4563,0
5940.677,131.7676,1
6089.591,239.031,1
2045.955,319.175,0
2008.34,324.3451,0
6012.755,167.3652,1
5699.718,262.7888,1
5973.308,81.42334,1
2070.605,306.3435,0
2000.024,353.5693,0
6065.871,161.4312,1
1950.661,326.9932,0
5992.023,150.2522,1
6454.473,186.385,1
2142.472,350.4143,0
2089.645,227.8016,0
5911.166,238.627,1
1941.749,313.4003,0
5832.47,206.3989,1
5891.244,268.6536,1
2088.437,374.889,0
1949.551,385.6426,0
2092.253,278.5713,0
5828.545,227.1272,1
5944.006,166.1475,1
5752.216,217.6709,1
1977.875,309.3839,0
5565.943,232.019,1
4237.275,180.0251,1
2145.302,299.8069,0
5933.988,210.0752,1
6086.015,176.7222,1
5371.921,240.4387,1
2020.912,321.3721,0
6125.72,40.52661,1
6108.916,194.126,1
1978.574,289.6172,0
6084.238,136.2249,1
6212.85,293.9011,1
5799.476,276.8115,1
2273.106,301.9304,0
5967.961,265.0588,1
5910.893,242.3987,1
1952.273,317.3801,0
2133.413,252.2195,0
1994.027,326.2986,0
5734.717,157.8098,1
1982.927,354.0621,0
5894.246,202.7112,1
5839.461,203.0562,1
5857.819,200.2607,1
1992.054,353.827,0
1992.164,360.5544,0
5204.237,259.9004,1
2057.175,341.3571,0
5781.9,225.1663,1
2013.88,313.5769,0
2048.391,278.8937,0
5954.47,191.5369,1
6209.117,228.6418,1
5880.832,213.5676,1
2160.081,324.6731,0
5749.005,327.3196,1
2042.72,282.577,0
2017.13,417.8628,0
1962.3,292.0247,0
6185.819,157.0642,1
5857.739,187.3489,1
6644.457,391.6365,1
2052.702,333.4855,0
1989.999,285.0651,0
5913.037,320.5659,1
6023.856,115.572,1
6047.659,177.7251,1
6209.965,219.8555,1
5928.682,140.3086,1
2052.161,279.7848,0
2055.1,323.4937,0
2012.397,226.0864,0
2031.306,337.3893,0
2000.77,375.1486,0
2012.934,278.4324,0
5911.089,214.8699,1
5404.589,247.4585,1
5986.508,209.7942,1
2001.717,349.2686,0
5987.53,236.1501,1
6070.755,171.6565,1
2026.831,261.7008,0
2076.203,348.6348,0
2119.267,303.6824,0
5877.224,203.0901,1
2171.904,377.5575,0
5787.027,244.5793,1
1928.572,332.0533,0
5654.097,200.9019,1
5761.918,242.1128,1
2004.954,248.0127,0
6081.59,330.7014,1
2002.076,295.1892,0
5893.042,159.3438,1
5759.91,266.1733,1
5898.747,194.9375,1
6472.424,206.707,1
5884.707,96.40723,1
5933.303,193.3494,1
5667.242,239.7791,1
2050.813,374.7566,0
1936.395,321.469,0
5990.611,167.9783,1
2047.523,306.2616,0
5967.533,200.2593,1
5992.36,239.3699,1
6057.702,257.1111,1
5935.11,89.4519,1
5964.804,264.1299,1
1878.625,381.2043,0
5681.458,259.9719,1
5755.758,148.7627,1
5894.594,215.2813,1
5959.724,255.8975,1
5855.04,201.4365,1
2192.225,279.7931,0
5850.833,249.9136,1
5726.533,346.8687,1
6258.305,162.4114,1
2027.022,316.6931,0
5579.967,289.98,1
2063.504,305.1577,0
1977.374,273.5806,0
1900.281,335.6178,0
5653.032,329.3267,1
6086.604,212.0718,1
5765.196,239.1243,1
5844.136,191.1729,1
5913.191,152.0801,1
1987.593,326.5275,0
5832.538,183.8767,1
2062.594,224.3008,0
2002.282,385.2513,0
1931.686,347.6348,0
5881.423,199.478,1
2140.241,233.1761,0
5964.167,252.9258,1
5971.422,185.9128,1
5983.767,85.61621,1
5838.102,309.2769,1
1976.398,374.546,0
1946.558,379.0806,0
5876.134,260.856,1
5739.23,258.7991,1
5846.891,249.8799,1
5807.446,212.9534,1
6020.641,199.1301,1
5800.239,246.1379,1
6101.221,167.418,1
2050.705,319.5709,0
5712.015,225.2922,1
5795.51,303.5942,1
5721.344,225.6492,1
5628.899,237.0967,1
5878.743,204.3345,1
6373.48,170.6707,1
2116.645,261.9008,0
1951.349,409.1172,0
5911.205,85.28857,1
2143.501,292.902,0
5740.582,218.0356,1
2049.174,313.4114,0
5836.976,283.3557,1
2017.046,330.433,0
5994.602,215.7024,1
5651.441,264.4329,1
1928.312,304.7161,0
2017.141,356.4938,0
2178.302,314.6893,0
2000.878,296.0889,0
2122.968,387.6036,0
5987.212,157.2361,1
6195.281,189.5544,1
1896.091,419.3822,0
2074.05,360.8892,0
2061.943,298.2323,0
1972.917,347.1606,0
6165.684,212.1821,1
2018.989,257.0494,0
5943.309,156.4282,1
2030.677,369.0458,0
5886.548,125.092,1
2035.124,340.4794,0
1930.094,402.8594,0
5774.065,298.5356,1
2027.878,309.7787,0
5944.616,208.4758,1
5342.611,315.7437,1
6242.744,172.0898,1
5976.268,127.0901,1
6003.426,222.8733,1
5910.765,135.7163,1
6411.631,127.6865,1
6197.01,175.4438,1
5627.263,268.531,1
6158.733,283.7927,1
1953.929,301.1878,0
5864.72,214.9399,1
2065.975,314.6127,0
1996.038,291.1456,0
2179.691,290.8212,0
5896.645,160.6907,1
6045.205,228.397,1
5526.228,228.2881,1
1970.565,389.394,0
5649.745,216.2664,1
2035.868,361.1866,0
6241.279,133.261,1
2031.006,310.0647,0
6220.521,266.3369,1
6296.527,303.104,1
5826.595,217.3262,1
1964.073,357.0155,0
2051.874,315.8768,0
5937.378,174.6519,1
6233.372,189.1499,1
1962.397,319.7458,0
5791.094,204.0322,1
1921.967,330.7712,0
6840.881,84.76538,1
1999.39,299.015,0
5908.957,258.4436,1
1932.13,359.8853,0
5846.192,192.47,1
5778.931,192.2654,1
5979.354,166.7681,1
6042.263,191.4622,1
2096.549,280.1731,0
5980.671,164.97,1
1967.837,333.1584,0
5999.504,247.8049,1
6037.242,153.1978,1
5704.352,195.9839,1
2004.656,344.6171,0
2036.196,308.6777,0
6047.788,164.9795,1
5889.023,236.8423,1
1940.325,400.4452,0
2034.571,313.6155,0
5849.949,200.1672,1
2005.106,338.2337,0
2085.872,314.1462,0
5573.439,270.4485,1
5828.285,194.376,1
5110.577,312.8477,1
5792.607,260.7317,1
6035.598,99.42676,1
5901.227,248.1299,1
5398.159,248.7505,1
2144.335,347.5856,0
1923.83,361.8499,0
1970.296,449.5448,0
6058.029,176.2593,1
5393.533,297.0229,1
5844.342,142.6873,1
5821.214,261.6174,1
1961.841,313.8353,0
6030.486,299.5808,1
5944.564,277.8281,1
1996.788,312.6548,0
2085.578,316.2275,0
5949.576,208.5603,1
5791.189,131.6714,1
5715.084,180.9824,1
2182.993,258.5403,0
2008.288,289.9208,0
5955.8,270.3811,1
5888.536,298.4277,1
2141.159,353.8593,0
5800.966,191.2471,1
1892.855,352.3581,0
5323.44,264.5466,1
1966.961,311.7344,0
5801.59,243.9719,1
6329.194,143.8301,1
2092.69,280.8569,0
2106.139,299.2526,0
2091.226,316.4193,0
2043.441,345.3466,0
5827.952,198.603,1
2122.318,380.5708,0
6160.52,118.5728,1
2095.409,353.0825,0
2208.497,348.4958,0
5880.362,180.4294,1
5974.094,217.856,1
2161.714,297.6637,0
2079.474,359.5938,0
2012.201,235.862,0
5785.497,218.6846,1
5861.241,232.0583,1
5865.396,193.8542,1
1938.198,354.1061,0
5930.187,324.48,1
2003.885,398.6093,0
1960.638,320.9754,0
5845.346,159.354,1
5807.369,298.6497,1
5907.15,187.0483,1
2054.283,356.0643,0
2003.604,272.2696,0
6188.146,122.845,1
2021.51,278.9851,0
5717.526,233.9792,1
5828.271,144.2244,1
5761.882,246.6538,1
6113.862,272.3176,1
5896.075,221.3782,1
1912.273,283.9245,0
2057.012,300.4756,0
2148.314,261.8674,0
5289.566,251.606,1
1999.445,395.9542,0
2076.519,293.5195,0
1933.933,397.2708,0
5851.475,208.4058,1
1981.942,283.6192,0
1950.217,271.1945,0
1996.908,270.3202,0
5840.742,134.4246,1
1982.679,279.1686,0
5734.924,283.7815,1
6030.59,162.4463,1
2022.822,331.5509,0
6455.257,170.3723,1
6138.686,219.7437,1
1963.429,389.0899,0
2067.062,270.2638,0
6035.716,205.3816,1
1982.396,337.4585,0
5870.84,341.1812,1
1900.278,415.0323,0
2054.166,256.7026,0
5950.103,231.0349,1
5935.99,199.3999,1
5834.506,209.0862,1
5933.438,218.1377,1
2022.865,246.1655,0
5786.828,154.5852,1
1958.616,323.7942,0
5919.624,298.6853,1
5862.937,195.2725,1
6011.509,260.6899,1
1969.54,260.1691,0
6532.059,241.3777,1
2073.979,308.6442,0
5826.91,281.9487,1
2102.738,313.9392,0
1911.12,317.2186,0
1976.697,301.9683,0
5975.246,253.1677,1
6315.729,155.9678,1
5666.688,251.4375,1
5511.608,223.1799,1
2047.903,276.5702,0
1995.203,284.6111,0
6155.585,215.635,1
2226.325,316.6099,0
5831.665,318.3906,1
5845.081,221.4148,1
5640.111,259.6865,1
2018.131,393.1488,0
5902.826,305.2566,1
1971.884,406.067,0
5724.391,264.0024,1
2051.501,331.7164,0
5804.441,117.689,1
1927.182,296.0937,0
1920.692,331.1382,0
6145.659,105.8445,1
2194.69,367.1193,0
1941.924,407.8493,0
1940.769,386.6395,0
1985.63,305.4212,0
1981.095,413.2377,0
6070.113,194.8135,1
5870.74,266.5576,1
5643.94,273.9775,1
1970.261,373.6952,0
2052.419,373.5635,0
6133.354,273.4353,1
6051.608,259.6294,1
2032.575,372.0778,0
1981.133,375.7991,0
5780.392,235.2278,1
5616.217,318.8745,1
5769.243,326.8289,1
5821.084,271.9739,1
5965.912,117.9841,1
1926.326,414.0297,0
2048.32,362.045,0
1989.549,364.7482,0
6013.993,365.5872,1
5719.008,263.6106,1
5775.134,314.416,1
1965.935,334.027,0
1949.234,360.0363,0
2081.417,299.1669,0
2001.903,316.4355,0
1963.063,316.5822,0
6256.822,207.7314,1
5787.384,254.3364,1
5703.313,240.4673,1
4851.061,229.2429,1
6375.042,367.1921,1
5944.005,127.7383,1
2055.298,449.1642,0
2008.674,347.7568,0
5933.669,233.3494,1
2080.419,326.2666,0
2051.035,319.9144,0
5621.446,187.5342,1
5973.172,213.9785,1
2197.552,369.9261,0
5785.364,225.2405,1
5800.279,223.0139,1
1967.33,329.2524,0
1936.836,295.9587,0
1939.546,310.0729,0
2005.714,409.1328,0
5361.503,396.4868,1
1983.996,293.6747,0
2104.618,224.0117,0
2053.45,305.2659,0
6004.509,264.2151,1
2083.354,274.5802,0
6050.045,153.2827,1
2110.711,318.2881,0
5901.324,205.3484,1
5853.127,250.8416,1
5825.434,152.7637,1
5879.822,157.2456,1
1939.51,339.9061,0
5886.112,164.2913,1
5884.516,299.031,1
2028.185,316.932,0
5927.005,109.071,1
1989.268,338.8289,0
5986.957,124.5979,1
2103.43,360.6517,0
5627.618,290.4424,1
2085.765,255.6732,0
2170.71,400.4929,0
2143.724,288.5782,0
2003.431,353.7036,0
5788.996,175.9695,1
1897.576,386.8192,0
1956.508,348.7789,0
5917.335,224.439,1
1866.607,363.518,0
6010.219,242.6772,1
1952.148,375.4622,0
5861.246,115.1458,1
5980.692,248.2107,1
5654.222,245.771,1
6157.23,186.9905,1
5190.607,317.0286,1
5964.912,210.5464,1
5959.882,263.707,1
1899.198,329.5601,0
2155.292,307.5155,0
1994.121,338.6268,0
2034.198,374.4784,0
5723.609,126.1052,1
1931.781,345.2003,0
2020.279,257.9026,0
2116.832,382.9603,0
6195.783,298.5,1
6431.036,174.5417,1
6064.664,30.77612,1
6069.573,285.8345,1
1997.594,348.5193,0
5661.185,154.6445,1
1909.337,432.7769,0
6233.144,233.5671,1
5937.038,214.4229,1
5972.173,178.3589,1
6301.23,253.8813,1
5839.897,177.8193,1
6089.473,182.1912,1
5709.723,389.2292,1
1941.644,357.2272,0
6097.706,231.9521,1
5870.263,247.2888,1
6182.539,96.7981,1
5739.425,234.2136,1
5787.059,84.89453,1
2208.654,298.4637,0
1980.689,334.4994,0
5301.195,166.72,1
1982.62,321.3113,0
6013.849,138.6975,1
6108.471,131.5752,1
5857.081,263.8047,1
1969.195,377.6569,0
5907.758,183.2478,1
5559.596,346.1074,1
2049.354,313.2601,0
2045.242,288.83,0
6345.239,197.5447,1
5833.49,246.3677,1
1913.383,415.0362,0
5979.296,252.1477,1
5858.285,261.8604,1
1885.831,361.0599,0
1873.211,410.7084,0
5976.057,266.1292,1
5816.676,246.1716,1
5190.121,305.7808,1
6113.567,352.7886,1
6453.981,267.1003,1
2088.279,342.6155,0
5849.404,175.1387,1
2150.592,280.2377,0
1939.579,325.2141,0
5877.182,258.6436,1
5904.931,243.6824,1
5683.465,171.5908,1
6359.641,410.4956,1
1962.897,408.1925,0
2024.62,307.9266,0
2108.596,321.8678,0
6194.123,206.8203,1
5516.053,347.8896,1
5978.416,217.6497,1
6033.666,143.3657,1
2030.762,272.4422,0
1997.781,375.6588,0
5772.456,210.5654,1
5908.682,160.386,1
5661.748,208.4734,1
6067.214,166.666,1
5889.371,186.9551,1
5768.666,239.7168,1
2060.264,305.0846,0
2019.716,316.0748,0
2024.87,278.6238,0
6067.406,271.7175,1
1995.144,334.2729,0
1991.338,366.9029,0
2003.687,301.292,0
5844.289,239.1516,1
5957.833,198.6821,1
5985.306,122.6018,1
5820.827,175.8511,1
2038.007,354.2872,0
2092.651,360.3392,0
5637.154,222.1626,1
5760.074,228.8538,1
5868.648,264.6289,1
2020.352,341.48,0
5930.674,76.25708,1
5912.841,185.877,1
6006.296,204.5859,1
5828.276,102.8469,1
5974.423,136.6108,1
6044.982,230.8286,1
5804.296,211.0547,1
5776.942,312.5891,1
5680.972,244.5259,1
5657.643,200.8748,1
2038.326,295.7784,0
5716.473,210.0667,1
2061.127,321.9954,0
5853.679,197.4419,1
2037.569,329.8154,0
5838.371,114.7017,1
5840.026,170.3804,1
5817.091,200.3501,1
2149.437,240.381,0
1949.76,331.3827,0
5399.394,232.0496,1
2040.095,289.8469,0
2011.938,295.9745,0
5924.581,231.5513,1
1997.621,330.4383,0
5984.825,185.5325,1
5699.946,180.5239,1
6021.744,177.0728,1
5939.102,262.0625,1
5774.076,257.2815,1
2122.896,423.2104,0
6113.263,217.5874,1
2166.24,306.1797,0
2052.099,305.3944,0
6101.292,203.9807,1
5967.218,199.8569,1
2012.787,308.5392,0
1946.796,428.9521,0
2083.141,300.1606,0
1894.665,310.8536,0
5855.881,218.9851,1
5752.025,309.6152,1
1982.557,246.0353,0
5874.658,218.6865,1
1891.763,346.718,0
2185.89,237.5181,0
1974.057,407.9891,0
2166.412,405.7103,0
2115.258,265.9503,0
1993.101,374.4673,0
2209.167,392.5333,0
5715.985,261.2847,1
5999.512,181.749,1
5732.58,253.645,1
2074.39,309.2816,0
6091.151,98.89136,1
5695.349,195.9519,1
2057.191,329.1787,0
5888.319,226.9856,1
2011.222,304.738,0
1854.741,356.9567,0
2203.917,252.8555,0
1986.273,338.9521,0
1933.1,312.1824,0
2058.674,277.1316,0
5807.044,185.3245,1
1994.066,328.4355,0
6136.688,286.2542,1
2031.471,296.1627,0
5847.901,226.2739,1
1992.324,301.6353,0
6195.927,217.0803,1
1973.894,283.3677,0
6183.934,362.2771,1
5995.444,189.5833,1
6066.937,264.5066,1
2032.592,309.8236,0
2074.985,349.2747,0
1934.869,290.0106,0
6144.229,131.7883,1
5914.254,207.8083,1
2013.75,288.4443,0
1998.106,319.9089,0
5888.416,103.9531,1
5415.34,169.0295,1
1959.112,308.9172,0
1914.027,353.3548,0
5837.134,241.5181,1
5866.002,169.1067,1
1945.312,292.0351,0
1988.492,300.8456,0
6421.947,182.9348,1
5979.714,232.4929,1
5809.562,116.0032,1
6300.738,229.1868,1
5936.495,157.0874,1
1942.38,352.6882,0
5800.053,250.0752,1
5868.703,252.5754,1
5808.136,213.321,1
5595.657,322.7939,1
5865.404,170.636,1
2113.602,380.3611,0
1955.143,367.0045,0
6132.817,310.9382,1
2331.86,353.6494,0
2189.439,320.7178,0
6186.932,219.3647,1
6011.028,69.64331,1
1983.035,301.3107,0
5824.037,219.104,1
5824.876,285.5979,1
5539.031,275.7769,1
1906.583,334.1929,0
2028.617,292.0215,0
6113.372,134.4214,1
5884.036,183.4302,1
2084.13,360.2578,0
5878.783,141.1953,1
5936.029,221.6736,1
2083.098,361.9181,0
2050.662,360.7433,0
5944.15,239.9695,1
5891.66,250.6936,1
5920.725,240.5115,1
5969.776,225.3713,1
5064.181,250.3745,1
5857.278,151.6592,1
5903.879,198.301,1
5771.364,258.6072,1
5978.667,142.0586,1
1992.751,286.7855,0
1926.413,292.2791,0
2047.884,418.7943,0
5906.708,269.1616,1
5554.122,263.0496,1
2211.814,364.9403,0
2142.213,300.2281,0
5900.849,254.2361,1
5814.729,175.2893,1
1965.833,338.843,0
2038.153,319.6261,0
2045.79,300.823,0
2091.737,216.6239,0
2071.126,380.4629,0
2023.706,338.8943,0
5215.804,253.4482,1
1948.599,353.2505,0
1948.286,465.4262,0
6002.323,274.0908,1
5925.443,202.5947,1
1883.256,368.498,0
2096.796,314.1993,0
2186.953,337.7346,0
5688.676,217.8972,1
1955.458,350.3673,0
5829.055,163.1665,1
1903.261,351.3663,0
2099.111,258.0667,0
5904.011,219.4705,1
2116.918,324.3765,0
5687.405,238.2576,1
2052.137,232.9591,0
6101.418,127.0867,1
5910.514,213.321,1
6119.533,257.6587,1
5923.661,188.6636,1
1918.898,384.2166,0
5962.66,183.0647,1
2010.577,339.4147,0
1931.792,370.8564,0
6244.64,104.7659,1
5846.363,103.864,1
2166.341,358.4399,0
2103.008,270.7271,0
5937.279,171.0757,1
2011.616,378.0216,0
5850.049,275.5396,1
1913.058,328.0448,0
2041.419,323.3529,0
2058.839,358.3298,0
1991.718,369.9756,0
2081.337,329.6128,0
2014.816,260.4409,0
1939.617,417.9975,0
6050.907,166.803,1
6033.08,277.7727,1
1966.005,357.253,0
2016.463,364.8438,0
6069.979,328.1753,1
5861.86,250.728,1
1975.478,295.8633,0
5981.582,224.7229,1
5749.363,251.5066,1
2038.597,348.946,0
5151.204,350.988,1
1892.451,254.3767,0
5414.113,181.0063,1
2023.612,305.1389,0
1981.964,404.1743,0
7144.688,229.2073,1
5883.601,157.2734,1
2106.781,226.9503,0
6222.87,329.7651,1
5962.054,182.4856,1
5882.688,184.8423,1
1944.238,357.3156,0
2007.162,245.9729,0
2100.138,232.5393,0
6093.141,230.968,1
6157.291,419.1846,1
5942.719,158.1362,1
5945.169,207.0205,1
5905.799,194.678,1
5819.935,105.4194,1
5848.564,270.6021,1
2034.878,270.8273,0
2013.961,415.4368,0
1989.765,304.4119,0
1908.773,375.556,0
5792.901,259.5955,1
2097.648,350.8284,0
2055.732,320.8398,0
2030.011,294.3501,0
5842.343,300.4475,1
2055.265,277.0032,0
5859.618,200.6506,1
5717.82,137.1428,1
2073.302,290.7615,0
5915.284,234.3489,1
1971.656,386.4719,0
2174.066,242.4326,0
5776.283,177.7405,1
5965.851,273.772,1
2106.971,293.553,0
1949.815,317.0223,0
5948.86,211.1814,1
1973.378,329.6934,0
2077.759,277.7706,0
2021.484,307.4562,0
2037.869,254.0974,0
2085.498,255.0321,0
2033.152,365.2125,0
6046.791,247.3818,1
2154.99,276.1472,0
5602.383,239.084,1
2049.279,341.712,0
1968.31,302.0096,0
1979.957,391.6768,0
2013.812,335.4374,0
1969.294,311.9531,0
5740.62,245.7534,1
2109.512,310.4282,0
1860.157,398.1834,0
2065.845,318.826,0
2060.551,315.8855,0
6217.325,242.6458,1
6271.06,107.6113,1
6668.314,309.0693,1
2110.492,328.3397,0
5396.272,261.0117,1
5148.998,309.4165,1
5967.549,165.751,1
2136.304,259.4221,0
5797.528,118.7661,1
5694.003,203.6565,1
4916.769,261.9785,1
6200.059,66.57031,1
2014.346,358.5576,0
6223.795,210.6533,1
2040.372,275.6854,0
1926.209,372.8572,0
6290.089,119.4338,1
5871.813,175.2283,1
2099.769,283.5381,0
1995.825,342.0674,0
6077.758,145.1497,1
6436.205,200.8152,1
5854.406,224.0459,1
5925.23,200.9924,1
5826.013,156.856,1
6039.539,250.4778,1
2019.669,327.8099,0
5905.221,200.6125,1
5687.297,254.1045,1
5931.229,159.6309,1
1983.162,380.8819,0
2084.344,249.5828,0
5773.195,232.6309,1
2196.291,319.3712,0
5948.006,152.6646,1
5757.588,249.0474,1
5959.944,177.791,1
6025.681,270.1873,1
5164.86,198.5493,1
5931.181,149.6919,1
2049.341,365.1384,0
2043.75,360.3204,0
5929.128,199.0457,1
2305.277,313.828,0
5773.402,302.4009,1
6070.566,156.2441,1
5862.961,171.0769,1
1903.775,364.5129,0
2033.043,274.0378,0
5845.178,121.5352,1
2027.086,324.7325,0
5965.167,97.57227,1
1889.596,446.1213,0
5787.018,292.7571,1
2071.104,301.2241,0
5716.373,131.9834,1
2227.69,353.5729,0
2011.309,330.3572,0
5874.496,188.7041,1
5988.585,178.2246,1
2218.6,373.3992,0
1936.824,297.2474,0
6090.967,192.1428,1
1989.803,350.1832,0
2020.677,296.7969,0
5902.245,315.0522,1
2052.477,258.6376,0
1924.896,344.7881,0
5969.861,95.70459,1
5816.556,196.4109,1
1937.852,329.4433,0
2071.457,329.5294,0
5955.382,51.68091,1
2134.185,258.7571,0
2070.21,275.9943,0
5926.86,211.6907,1
1991.58,410.1324,0
6152.849,265.6855,1
5541.01,234.0608,1
1970.267,271.749,0
1977.061,356.053,0
6089.664,149.4341,1
6097.892,159.2156,1
5964.627,124.8438,1
6324.902,193.9688,1
5849.032,164.324,1
5660.429,231.8518,1
6058.856,160.4539,1
5433.363,240.5945,1
2042.972,306.791,0
6305.691,269.825,1
6033.591,150.0283,1
6008.708,151.6177,1
5873.377,260.8499,1
6736.473,142.0789,1
5765.792,240.8262,1
1892.982,339.4161,0
6078.368,183.9333,1
5782.387,204.5615,1
2014.961,346.378,0
6026.359,170.5513,1
5940.75,237.4688,1
5433.11,150.8528,1
1992.177,328.8889,0
5803.326,281.8206,1
5726.267,319.4236,1
5796.343,187.8779,1
5842.763,291.2227,1
1950.222,307.402,0
6505.883,236.988,1
1957.672,346.2729,0
5941.758,213.5876,1
2043.902,369.9756,0
6106.896,193.418,1
2023.539,302.7213,0
1964.483,388.8987,0
5663.097,421.4983,1
2020.663,313.7426,0
1993.101,361.3335,0
5904.513,150.4653,1
5975.717,286.1677,1
1983.672,269.1898,0
5558.829,227.7063,1
5956.788,162.5579,1
2041.376,349.9246,0
5713.318,249.4329,1
5953.608,221.925,1
2082.351,414.3201,0
6023.442,267.2351,1
2198.737,350.4574,0
6164.105,237.657,1
5805.448,277.8728,1
5962.358,212.1423,1
2011.374,376.4662,0
1992.249,340.6543,0
5833.441,257.3435,1
6036.787,199.2073,1
2087.777,309.2386,0
5666.759,227.5637,1
2076.866,365.4724,0
2022.667,275.476,0
5791.229,226.843,1
5881.928,245.7317,1
2075.451,310.3586,0
5912.133,327.4326,1
5948.559,208.4941,1
6143.352,135.9041,1
1945.85,328.7563,0
6016.579,174.3372,1
5822.248,165.4568,1
5991.446,210.5364,1
2064.672,330.3973,0
6207.405,262.3752,1
5881.607,291.5747,1
5973.051,196.9631,1
6095.609,174.7747,1
5605.298,189.8723,1
1985.184,271.5154,0
1933.083,385.6265,0
1952.635,407.516,0
5674.278,261.5867,1
6190.067,221.8457,1
2076.171,262.5303,0
2080.929,250.0468,0
2074.789,302.7737,0
1943.52,391.7903,0
2091.293,287.1454,0
5908.803,262.3037,1
1932.848,320.6434,0
6355.64,108.7078,1
5796.151,222.2485,1
6009.182,102.3359,1
6152.954,242.1882,1
1948.987,288.4941,0
2042.862,376.5522,0
1925.582,356.8347,0
6574.262,161.4624,1
5993.007,181.8596,1
2067.609,270.0083,0
6547.887,27.80322,1
2116.436,298.2137,0
5638.761,188.344,1
1963.304,362.0416,0
5848.255,205.4316,1
5902.235,217.7151,1
1974.858,322.7546,0
5259.959,339.1943,1
5765.624,287.5767,1
6403.396,295.7458,1
5570.303,197.4753,1
2097.628,307.7914,0
5883.422,293.1975,1
5711.534,214.0164,1
2026.75,250.5079,0
5690.834,174.4854,1
5801.156,222.553,1
5858.646,129.0112,1
5933.681,255.3928,1
6281.269,212.1646,1
6011.337,225.8218,1
5880.397,234.127,1
5620.568,363.3142,1
1983.41,317.6039,0
5992.052,96.68896,1
2061.882,315.3546,0
5974.108,158.54,1
1932.294,358.048,0
2028.926,307.3467,0
1977.152,350.5989,0
2003.312,347.7482,0
5958.7,150.2646,1
5734.583,146.1116,1
6019.88,138.5549,1
2127.278,331.9188,0
1986.181,351.9197,0
1985.315,305.1702,0
2049.047,260.3507,0
2052.242,317.1783,0
1994.191,325.3326,0
2056.48,296.5582,0
2078.418,313.1396,0
6061.091,162.4795,1
2019.18,395.7351,0
1988.658,331.3854,0
5758.074,240.3845,1
5936.804,75.1394,1
2109.511,294.4008,0
2064.888,377.3535,0
5918.958,123.5156,1
5969.473,386.113,1
5902.377,205.9785,1
5902.972,216.6853,1
1991.791,306.4176,0
1918.806,331.6099,0
2157.704,312.0753,0
5771.617,261.0083,1
5712.637,252.6582,1
6141.303,188.9063,1
6019.253,270.3635,1
5903.382,213.175,1
1985.546,327.799,0
5960.15,186.5107,1
5819.291,173.8162,1
5950.057,106.7378,1
5671.563,289.4641,1
6099.797,393.4556,1
5713.21,291.9963,1
1969.535,309.1091,0
2113.416,279.6345,0
5746.745,230.3301,1
1937.331,292.0975,0
5820.478,189.2573,1
2045.181,316.9772,0
5787.599,291.7771,1
5959.361,172.2163,1
2003.884,383.8259,0
1933.837,367.2189,0
5940.905,212.5693,1
1913.903,361.0735,0
1973.985,346.7062,0
2071.761,305.1547,0
1988.631,369.8577,0
5866.787,316.8987,1
2014.017,332.8715,0
5756.122,215.6074,1
2008.24,380.6021,0
6279.516,215.7192,1
6129.221,358.1624,1
5873.738,219.3389,1
2035.921,290.7018,0
2015.017,280.6696,0
2091.488,336.4663,0
5984.064,183.4285,1
2033.053,337.9639,0
2062.924,340.8762,0
2084.963,345.2778,0
1903.652,312.0615,0
5931.22,123.103,1
2050.856,294.0255,0
5935.046,324.0981,1
5728.6,265.2358,1
1962.233,301.6968,0
5839.168,239.7283,1
6255.945,235.9248,1
6195.226,226.1389,1
5866.765,239.7556,1
1917.903,404.0186,0
1986.77,263.2453,0
5705.445,209.4631,1
2144.124,306.8575,0
2036.163,353.5996,0
5972.78,159.0928,1
5748.156,186.6621,1
1994.488,358.5825,0
5936.639,46.12109,1
5946.84,308.3196,1
5885.404,205.5017,1
6410.472,418.1677,1
5870.304,205.5774,1
6303.695,265.9468,1
5739.271,197.4404,1
2102.779,264.402,0
5954.169,189.5085,1
6323.63,291.2261,1
1936.55,336.3898,0
5796.243,269.4407,1
5704.851,335.4802,1
5934.148,218.7759,1
1993.802,368.5014,0
5870.138,161.5496,1
1914.977,347.6998,0
2095.993,258.048,0
5775.631,55.46191,1
2008.495,321.9727,0
6299.077,179.7471,1
5929.376,66.07471,1
5772.251,289.2888,1
6113.448,303.6418,1
5999.845,178.3811,1
5790.819,247.1743,1
6041.285,204.2451,1
2078.002,329.5912,0
5386.526,228.103,1
5642.825,230.2673,1
5777.212,174.446,1
5426.595,362.5674,1
5616.005,226.3618,1
5903.312,118.3657,1
4151.387,242.8967,0
1975.072,409.0109,0
2055.137,303.5969,0
5159.597,297.0759,1
5887.609,309.3694,1
6130.488,215.4329,1
1890.509,411.8548,0
5254.809,305.9258,1
6052.393,175.7871,1
6205.573,122.0242,1
1980.646,395.6379,0
5928.693,219.6592,1
1879.476,354.9347,0
2104.757,345.8186,0
2036.593,306.6365,0
5660.63,233.2969,1
5917.192,191.9453,1
2056.468,365.7269,0
5842.188,290.9646,1
5833.686,238.3503,1
2039.167,316.6206,0
2003.111,399.0151,0
1955.733,352.083,0
5533.066,136.9697,1
6155.527,184.2834,1
5970.559,174.4404,1
2039.064,320.6241,0
6318.932,138.3042,1
2096.431,360.8599,0
2118.339,350.6877,0
6117.477,265.0259,1
6198.617,204.3579,1
2122.955,311.7979,0
1879.834,435.6492,0
5715.725,205.2849,1
2035.686,259.9385,0
1969.542,271.3435,0
5876.957,226.5356,1
1984.07,313.3246,0
6096.533,270.6675,1
2066.004,288.9955,0
6098.854,169.1396,1
5885.346,219.2356,1
1984.605,286.1628,0
5125.662,241.0146,1
5713.356,265.7847,1
2090.608,256.0057,0
5961.347,189.7808,1
1948.685,367.1287,0
6030.502,128.2422,1
1895.311,312.563,0
2015.742,320.194,0
5711.847,250.6851,1
1968.87,308.4382,0
4575.011,296.3821,1
2072.998,312.3972,0
5768.839,243.5649,1
6054.819,121.6804,1
2020.97,353.3455,0
2133.491,229.5592,0
2151.499,379.8247,0
6047.899,239.7979,1
6064.891,240.5061,1
5956.06,171.8125,1
5684.737,285.103,1
2104.961,221.5153,0
1950.667,333.4508,0
6061.608,88.92554,1
2077.314,265.3672,0
5830.265,147.4624,1
5483.849,378.8132,1
6276.036,155.0718,1
1969.867,392.6986,0
1999.435,314.8682,0
1931.475,355.6539,0
2025.742,281.1552,0
6713.84,238.239,1
5980.739,243.4468,1
2160.673,351.4097,0
5755.863,340.5059,1
1975.968,321.0665,0
6094.021,77.19165,1
2018.607,289.5081,0
5651.791,167.2966,1
1973.137,338.3952,0
5903.712,248.5474,1
6272.681,220.7737,1
2015.472,326.5884,0
2063.303,319.1727,0
6151.365,185.0522,1
1991.502,351.1237,0
1967.164,323.9069,0
6070.211,157.9412,1
5846.66,297.4768,1
5793.949,214.6296,1
5903.419,156.6868,1
1909.637,392.4874,0
5812.111,274.5332,1
1973.799,321.9629,0
5741.529,127.8325,1
5817.214,216.8545,1
2085.976,287.6995,0
5771.941,192.1841,1
6112.674,111.145,1
6127.352,78.50098,1
2143.617,333.1313,0
5983.281,206.0901,1
5357.454,225.3708,1
5835.752,211.2817,1
5883.621,241.8621,1
2002.073,327.6097,0
1981.296,380.2239,0
5540.551,211.8831,1
2159.947,288.3395,0
5938.413,187.5757,1
5976.754,162.0356,1
5719.969,244.9736,1
1909.228,310.9136,0
2101.119,316.0952,0
1950.026,385.1235,0
1929.754,382.7307,0
1948.59,323.0411,0
2023.027,384.0782,0
1948.131,276.5432,0
5871.157,276.7896,1
2138.522,332.8594,0
6012.155,190.6091,1
1958.151,293.2524,0
5696.733,256.3328,1
2008.647,317.7275,0
5965.946,232.9951,1
1957.302,342.9733,0
5774.347,159.9031,1
5737.117,332.1274,1
2016.557,274.2453,0
1996.564,317.1849,0
6038.767,254.4336,1
1915.5,418.4636,0
2077.584,349.2437,0
6089.254,253.7397,1
2041.509,354.0712,0
5999.203,226.2144,1
1962.755,317.6799,0
5985.818,216.6467,1
5418.946,317.6406,1
2076.197,341.0222,0
1965.729,314.1718,0
2152.67,317.8214,0
1857.159,387.1775,0
1922.886,356.7834,0
1942.898,319.875,0
1862.691,323.7266,0
6282.962,271.6111,1
5887.968,234.9585,1
2075.339,334.0059,0
5769.582,278.2549,1
2028.984,330.3706,0
1946.323,372.505,0
2021.774,404.4618,0
5669.166,255.1331,1
1897.285,354.4954,0
5916.782,164.8887,1
2012.714,324.4826,0
1960.776,326.0085,0
5689.48,225.8662,1
1964.011,287.7032,0
1977.05,376.0451,0
6018.404,219.2637,1
6032.788,213.5352,1
2125.667,341.6401,0
5642.198,257.9722,1
5975.317,204.1294,1
5888.208,177.9551,1
5785.502,265.0344,1
5821.479,215.8359,1
6054.795,215.9927,1
2066.201,325.6613,0
5487.831,336.3616,1
5745.39,239.7629,1
5935.494,205.7759,1
5318.979,210.9026,1
2083.846,340.2573,0
5783.025,347.1196,1
1947.445,312.1985,0
6335.721,321.5708,1
1970.91,383.8493,0
5412.708,249.5603,1
5935.034,104.8123,1
2058.952,322.1313,0
5239.854,285.9155,1
1995.688,363.2581,0
6060.652,145.1826,1
1965.982,313.785,0
5789.143,290.7256,1
5947.679,266.6108,1
2022.465,296.7819,0
1962.659,353.2907,0
1944.753,334.5265,0
1894.665,397.2189,0
6051.998,169.7444,1
2014.635,351.578,0
6167.519,152.6655,1
5874.857,283.656,1
2006.796,266.7891,0
5594.405,231.1699,1
6151.847,249.866,1
5643.269,252.9648,1
2008.666,270.9548,0
2059.222,349.8185,0
2056.459,354.2054,0
1998.412,366.025,0
5830.73,270.0972,1
5950.786,301.4475,1
5606.465,240.2361,1
6164.496,188.5239,1
5958.135,144.0693,1
6051.191,192.6365,1
2160.989,293.0682,0
5805.013,219.094,1
1921.418,335.8489,0
1966.001,315.8813,0
5841.512,218.6921,1
5904.75,219.5627,1
2084.278,336.2061,0
5948.32,257.1921,1
2034.598,317.97,0
2060.977,312.0776,0
5964.511,213.8193,1
5916.586,147.4453,1
5972.758,173.2786,1
1920.566,418.2767,0
2118.521,249.4048,0
5700.861,251.6667,1
1917.664,367.8425,0
2120.772,246.5674,0
2004.698,336.3991,0
5922.42,267.0413,1
5851.022,251.7498,1
1990.463,396.6825,0
1954.932,239.8365,0
5767.354,194.106,1
5455.27,282.5828,1
6001.961,146.0754,1
5475.413,245.8677,1
5863.786,247.8037,1
5992.381,177.2686,1
5438.523,237.686,1
5864.698,204.8301,1
5810.365,156.1257,1
5878.659,286.2502,1
5896.624,223.2417,1
5448.675,193.4507,1
6635.498,56.61743,1
6461.258,211.9688,1
2160.608,284.0675,0
5982.564,162.1389,1
5953.374,229.8369,1
1990.016,339.5565,0
1947.472,390.0392,0
1923.132,316.9022,0
2143.542,306.2402,0
5785.28,228.6052,1
5863.243,205.2932,1
5882.028,255.3125,1
2156.256,330.5267,0
2034.712,377.0863,0
2030.185,323.2941,0
5785.945,247.0247,1
1881.93,385.9418,0
5844.792,234.2295,1
6241.649,203.8809,1
5429.804,237.728,1
5881.678,138.1062,1
5908.971,190.1892,1
2031.893,376.3813,0
2084.975,356.9906,0
1870.381,381.6833,0
6036.443,209.5618,1
2005.4,320.2659,0
1980.458,359.6594,0
5081.836,314.7786,1
5856.704,170.9451,1
5770.176,209.5242,1
2026.112,328.1825,0
5697.57,295.3091,1
5997.489,215.6101,1
6072.998,185.5654,1
6083.003,217.5103,1
5988.03,229.8782,1
5870.449,172.269,1
5520.284,233.4294,1
2057.251,335.6106,0
5916.24,177.4771,1
2012.869,271.5665,0
2036.984,354.9453,0
1992.49,294.0889,0
2109.862,343.0857,0
1965.791,342.4086,0
2063.572,225.5068,0
1939.537,413.6194,0
2066.988,330.4622,0
1990.734,278.532,0
2009.532,340.8945,0
2009.122,365.5724,0
1970.054,332.2615,0
2153.711,311.4904,0
5942.818,204.6924,1
5839.663,200.7747,1
2010.404,290.1355,0
2007.082,370.3126,0
5953.162,156.6204,1
5955.489,185.9629,1
1938.078,333.5759,0
5847.767,128.9302,1
6106.785,193.3291,1
5878.165,158.9258,1
2140.989,311.3408,0
5812.365,186.6997,1
6059.304,213.0183,1
1990.872,357.248,0
6051.825,188.3147,1
5900.427,144.8435,1
2023.894,346.3546,0
1988.312,340.6574,0
5966.983,209.1445,1
5773.164,268.0669,1
5862.34,178.5894,1
1968.773,315.7561,0
2008.698,333.7548,0
2051.919,249.8582,0
1995.069,337.5377,0
6241.577,178.0708,1
2022.514,313.6129,0
6344.803,205.4033,1
1992.827,387.4318,0
5665.439,187.1238,1
5765.671,261.252,1
2053.469,305.8223,0
5517.78,339.9128,1
5918.032,155.1472,1
2097.906,314.2507,0
2119.516,302.3856,0
5966.428,290.9585,1
5616.921,262.8892,1
5913.709,154.3682,1
2006.55,247.2856,0
5861.916,188.7363,1
1961.364,356.1953,0
6139.482,280.4749,1
1994.774,337.0818,0
1992.732,363.7724,0
6089.184,208.9724,1
2038.076,300.8458,0
2051.925,306.5627,0
1860.398,388.0653,0
5767.119,243.54,1
2039.375,326.6787,0
2022.403,320.9977,0
6077.336,176.199,1
1996.51,315.0433,0
2042.756,355.8843,0
6331.571,234.2197,1
5789.658,247.0107,1
5861.56,210.5432,1
6255.671,171.9097,1
6152.131,236.7063,1
5811.619,365.8347,1
5884.835,271.0273,1
6005.246,158.3438,1
5683.139,134.5732,1
5753.81,119.272,1
5901.156,176.0239,1
2040.728,228.3983,0
5985.587,165.511,1
5931.492,168.9351,1
6016.16,137.5891,1
5760.793,298.0234,1
6103.54,309.0784,1
5980.33,149.7092,1
6179.971,350.1873,1
5156.792,271.8784,1
2074.62,322.8864,0
2033.806,319.1252,0
5730.086,293.8518,1
5939.146,217.1428,1
1933.218,296.2208,0
2097.64,382.3054,0
1934.774,427.9893,0
6225.247,343.3291,1
5880.981,375.8528,1
1930.005,340.8378,0
6096.154,189.1123,1
1968.694,329.5226,0
5826.579,199.9614,1
2008.623,291.4629,0
6021.691,349.0093,1
1968.963,362.4809,0
1955.775,369.9769,0
1923.92,349.2509,0
5784.316,235.7144,1
2021.189,286.8884,0
5605.056,249.8757,1
5838.413,189.8264,1
5627.804,329.1687,1
6120.11,110.7842,1
5570.062,282.2654,1
2061.557,272.9701,0
6585.749,177.6113,1
5947.341,223.0735,1
6323.646,250.4814,1
5575.129,299.8557,1
5848.403,176.6304,1
5494.387,149.9028,1
6223.827,197.5911,1
1909.175,328.0706,0
2090.055,325.8699,0
2017.649,339.4919,0
5758.248,172.1277,1
5847.838,178.623,1
2046.156,318.6809,0
2002.867,427.991,0
5724.774,282.2405,1
6041.964,177.5486,1
2111.598,303.4504,0
6256.467,204.5278,1
2074.183,289.0713,0
5920.1,313.4563,1
5769.637,180.9373,1
1949.731,374.6222,0
6031.595,176.394,1
1995.171,385.1365,0
5617.33,367.9758,1
2187.999,381.4384,0
1907.623,300.0552,0
1965.351,347.5477,0
5837.837,234.9626,1
1982.396,331.0828,0
1950.821,310.1035,0
2029.934,281.3439,0
6046.557,175.0576,1
2052.652,309.7129,0
6230.328,151.0342,1
2150.589,286.5443,0
6426.304,284.8757,1
1890.185,305.783,0
6059.756,254.8306,1
5748.466,199.4497,1
5999.089,209.8237,1
5639.279,246.7615,1
5975.421,273.6665,1
5624.252,299.5447,1
1949.356,293.2831,0
6050.799,253.6304,1
1954.743,343.5584,0
2205.915,296.9987,0
2059.09,371.4155,0
6338.994,228.2686,1
1995.792,345.4618,0
2016.121,343.3845,0
5921.016,137.9556,1
2178.735,264.3804,0
6134.716,261.21,1
1876.246,272.6621,0
5996.178,179.3042,1
5704.504,254.3606,1
6048.807,163.8276,1
5854.876,129.3081,1
5835.593,307.1741,1
5833.473,165.5627,1
1960.24,400.905,0
4857.799,269.4797,1
1971.003,322.0831,0
5991.397,197.9841,1
6040.099,155.9788,1
2050.996,333.8538,0
2005.35,354.661,0
6121.98,268.4973,1
5950.9,247.7588,1
5313.431,221.5308,1
1953.767,290.4702,0
5925.305,182.3589,1
2116.974,304.2305,0
6389.075,308.7493,1
5788.589,190.4875,1
5436.72,251.1841,1
2045.314,351.619,0
2045.965,341.171,0
2078.748,411.4215,0
5735.452,265.4478,1
2146.261,337.5449,0
2063.259,343.3029,0
2094.917,304.8818,0
2074.377,312.6664,0
1969.468,281.3044,0
5903.153,191.5796,1
5610.628,298.2837,1
5487.705,291.9102,1
2033.176,335.6575,0
5831.944,193.6182,1
5933.026,163.7336,1
6180.23,117.4175,1
1873.334,368.9818,0
1950.967,319.6129,0
2066.731,342.3331,0
5830.978,248.5374,1
5947.522,215.3555,1
2068.687,305.37,0
6373.117,98.74609,1
6172.785,202.707,1
5806.888,93.60791,1
1895.929,349.5254,0
5800.12,264.811,1
5760.272,230.4146,1
6174.75,71.14111,1
1965.315,427.7374,0
2162.928,294.8152,0
5805.747,135.4597,1
1942.427,394.4034,0
2034.653,331.2303,0
5976.688,202.1946,1
1937.375,344.2193,0
1990.98,348.8972,0
5691.258,334.5857,1
2015.455,458.3481,0
2029.621,208.049,0
2032.176,390.3207,0
2076.924,299.0343,0
5919.111,134.8713,1
6330.004,122.0645,1
5613.604,424.9832,1
1956.096,349.4293,0
5921.073,263.2544,1
5761.202,238.5208,1
1866.01,312.8661,0
5947.911,268.0598,1
2032.205,368.4059,0
2005.055,410.6965,0
5862.998,286.2102,1
5891.209,167.6665,1
2010.522,308.9248,0
5776.25,270.0247,1
2203.779,285.7731,0
6014.429,212.9519,1
6034.143,241.2249,1
2049.444,265.9708,0
5944.867,298.3511,1
2138.044,287.8945,0
6320.659,46.91846,1
6138.844,162.2712,1
2011.637,387.0162,0
1970.302,336.9742,0
6016.008,229.0698,1
5809.203,201.9839,1
6205.58,263.7634,1
5771.637,160.6145,1
5819.023,230.5569,1
2081.325,340.6613,0
1970.27,347.4339,0
1985.875,376.2539,0
5408.192,280.8896,1
5677.173,242.2358,1
2035.099,319.4655,0
2062.956,321.8075,0
2026.582,316.0502,0
5718.226,338.5117,1
2187.821,421.285,0
5845.51,180.6235,1
6102.076,173.5698,1
6073.849,158.939,1
5753.747,199.2708,1
6079.591,135.6799,1
5367.907,250.1841,1
1883.563,361.7537,0
6167.555,329.3962,1
5872.982,137.0769,1
6704.017,243.3884,1
6041.36,342.2678,1
1947.781,359.353,0
2073.072,303.6345,0
5968.936,191.5999,1
5335.676,164.0305,1
5772.389,260.0073,1
5453.272,253.5469,1
2122.982,307.1732,0
1976.856,318.8813,0
1947.241,336.55,0
5989.298,161.928,1
2045.353,329.0697,0
5859.149,254.6252,1
2116.097,301.1079,0
5713.302,283.627,1
1999.513,276.313,0
2020.156,375.5942,0
6261.434,123.6108,1
2127.44,307.4592,0
5956.84,94.27124,1
5713.256,216.9111,1
2015.807,303.3511,0
1949.27,418.4451,0
2043.832,350.5253,0
2146.313,312.1029,0
6023.907,339.5168,1
2116.458,297.3555,0
2037.401,289.4244,0
5908.795,274.5381,1
6331.038,229.929,1
5952.077,175.0737,1
1992.927,329.2686,0
5864.551,327.7405,1
6114.322,222.9424,1
1968.804,343.3632,0
1947.172,397.7113,0
6128.802,188.6182,1
6049.024,316.3069,1
6128.316,233.5811,1
1986.574,348.9481,0
1953.187,355.045,0
1949.196,328.6754,0
5960.516,130.2871,1
1945.901,264.6504,0
5466.653,222.3286,1
5384.016,218.103,1
2029.487,381.8102,0
1905.128,341.3899,0
6091.149,322.2012,1
2037.333,328.9294,0
1911.636,335.697,0
2017.541,337.7195,0
2128.55,302.2939,0
6100.997,228.0811,1
5783.278,162.8708,1
2079.498,278.96,0
2033.863,349.395,0
5877.004,280.2202,1
5906.233,151.7756,1
1964.357,395.2735,0
6125.56,163.3289,1
1952.894,354.3381,0
5954.289,248.6501,1
5595.819,144.4548,1
2088.22,352.0353,0
6189.855,238.9045,1
6245.987,327.1809,1
5786.525,252.0217,1
2085.295,298.353,0
6282.813,246.9802,1
2083.906,328.5609,0
6053.719,211.9712,1
1927.105,348.7098,0
1969.433,342.4113,0
2038.324,294.3091,0
1927.536,357.8788,0
5507.41,289.9976,1
2004.877,373.4624,0
2150.554,343.1476,0
5876.125,257.0176,1
6097.387,355.4661,1
6807.327,227.6711,1
5765.089,145.2854,1
5964.079,210.4255,1
6859.214,327.2395,1
1926.433,345.6221,0
6101.124,244.4084,1
5698.526,268.4346,1
5131.626,248.1394,1
1990.163,290.517,0
2107.153,398.4619,0
1955.249,288.1011,0
5792.185,372.1714,1
1990.474,306.2028,0
2029.745,348.0176,0
5907.945,400.5969,1
5531.694,164.5471,1
2010.732,293.6893,0
5676.915,242.1902,1
1927.762,350.0628,0
2110.143,299.5948,0
1974.648,391.2617,0
5867.965,194.1724,1
5268.177,264.5063,1
1912.179,292.9959,0
5793.328,222.2485,1
5231.675,368.6519,1
1949.319,374.8809,0
1952.598,384.981,0
1990.517,372.6906,0
5880.287,216.083,1
1831.775,377.9686,0
5969.624,244.2856,1
5937.651,238.3193,1
2053.912,338.3093,0
5890.444,198.4404,1
5685.813,264.4351,1
2015.087,373.589,0
2018.944,342.6165,0
5957.211,168.5696,1
5837.786,249.7678,1
5926.356,246.7551,1
5833.924,219.3723,1
5888.182,252.2771,1
2013.512,360.2941,0
5884.199,219.2891,1
6071.336,160.094,1
6009.487,182.1604,1
5617.989,238.7917,1
2073.476,350.5912,0
2143.754,289.2483,0
6122.644,204.8887,1
2049.723,219.1097,0
5831.772,235.7471,1
6148.749,126.4385,1
1943.916,315.7151,0
1912.152,365.219,0
2216.223,366.6068,0
6207.623,210.3687,1
1997.221,319.2795,0
5545.444,294.4063,1
6047.439,135.5208,1
1958.427,352.2526,0
5852.367,177.512,1
1995.789,297.0374,0
2036.421,274.1228,0
5812.726,200.2747,1
5990.164,3132.1,
1945.721,321.2523,0
2046.589,356.0573,0
2044.694,290.729,0
5434.464,225.0239,1
6902.94,169.5576,1
6429.594,185.5271,1
5851.831,188.8782,1
2010.089,280.5538,0
1921.844,340.7864,0
6110.66,179.394,1
6064.867,260.4915,1
1953.532,297.6448,0
2012.629,361.4789,0
1993.167,293.4961,0
5772.012,230.9463,1
5424.188,273.9275,1
6085.452,193.4331,1
2013.842,382.6921,0
5835.735,239.1758,1
5751.871,125.6235,1
1941.841,351.9152,0
5960.724,301.3081,1
6055.866,183.3804,1
6068.366,115.1941,1
5883.655,190.7659,1
5412.455,256.5432,1
6085.336,203.8438,1
1919.794,327.1006,0
5732.109,365.2388,1
5723.322,179.99,1
5706.002,252.6345,1
5873.337,243.6492,1
5992.197,192.6802,1
2046.28,292.8671,0
2056.539,305.9277,0
5952.211,291.4414,1
5660.09,209.8345,1
5822.401,249.4893,1
1921.146,389.1492,0
2126.044,305.7268,0
6006.161,117.7546,1
6131.03,182.3069,1
5714.167,200.8042,1
5746.394,292.6211,1
5774.632,200.6931,1
6619.114,298.5671,1
5784.867,209.8533,1
4922.017,278.3911,1
2063.221,324.9014,0
5636.383,266.6375,1
5842.46,272.95,1
6026.468,141.5281,1
1962.792,303.7433,0
2115.975,342.4716,0
6276.853,166.0337,1
5278.98,326.0664,1
2091.647,339.7554,0
2060.428,417.9623,0
6015.977,175.9158,1
5799.106,219.0059,1
5979.148,200.7053,1
2111.716,386.6178,0
5792.283,284.8875,1
6063.938,235.875,1
5856.993,191.7056,1
6297.277,229.2058,1
6032.35,234.9934,1
2015.519,353.2759,0
5788.319,343.302,1
2077.991,346.7954,0
1969.362,341.7516,0
7164.619,348.0686,1
5899.056,253.7236,1
5723.866,367.8564,1
5947.706,243.1208,1
5838.211,134.1448,1
1911.977,386.6252,0
5666.396,235.802,1
2023.503,322.1373,0
1965.624,389.4073,0
2112.411,311.7533,0
6305.938,184.5256,1
2033.28,355.9525,0
5922.236,265.5027,1
6031.125,220.9712,1
1971.012,295.935,0
5793.915,214.8274,1
6213.842,183.7451,1
5691.009,315.9712,1
2008.83,340.965,0
2022.86,381.1276,0
2168.268,253.0171,0
6111.902,184.9006,1
6063.446,263.6685,1
5861.104,211.8594,1
5997.373,186.1677,1
2140.286,6051.0,
5853.414,201.5491,1
5777.124,235.3394,1
2296.423,384.8773,0
2034.932,316.9106,0
6389.856,182.6897,1
1990.406,308.8163,0
1990.674,292.4042,0
5915.527,239.7058,1
1920.717,319.0904,0
5821.975,234.4993,1
5871.648,271.3413,1
2087.341,305.7665,0
2109.477,359.5524,0
5783.703,259.4351,1
2092.013,285.3406,0
2090.672,304.1229,0
1995.404,305.5997,0
5794.058,235.6653,1
5991.726,228.9512,1
1950.706,365.4281,0
6097.081,244.6536,1
2081.643,378.6001,0
2056.186,375.9645,0
5837.719,213.4858,1
5478.137,357.0562,1
5982.092,85.59668,1
6253.838,226.4153,1
5915.289,224.468,1
2116.352,296.9731,0
5968.047,188.6689,1
6122.779,199.1035,1
2071.097,337.5009,0
5084.558,86.25537,1
5814.019,296.2375,1
6315.979,217.4824,1
4708.177,265.0364,1
6372.707,223.2969,1
2117.227,337.1271,0
5918.632,217.606,1
1989.975,317.7427,0
6046.566,217.6814,1
1931.741,356.5579,0
5826.261,319.7556,1
5838.577,203.1104,1
1950.73,401.6688,0
5977.7,143.0505,1
2074.366,313.7156,0
5919.699,105.4424,1
2087.346,317.6339,0
5828.291,163.4878,1
6150.338,296.4043,1
2061.743,306.7826,0
1919.994,384.1629,0
5941.012,73.10889,1
5679.202,133.0901,1
2046.078,282.9625,0
6340.809,93.71167,1
5916.455,212.9631,1
5727.266,175.4639,1
2006.537,261.1309,0
1980.092,421.6438,0
6011.089,170.4524,1
5924.8,246.6377,1
5854.086,340.335,1
1856.985,357.2808,0
2014.207,343.8124,0
6201.062,311.9092,1
5781.044,277.085,1
6028.295,265.6052,1
6289.178,293.4612,1
5870.568,249.4443,1
5345.292,263.7856,1
5587.219,254.658,1
5887.477,187.6401,1
5970.474,255.2529,1
5998.223,139.4265,1
6265.975,252.5405,1
2029.252,312.1056,0
2015.493,323.1621,0
6078.003,284.7869,1
5848.671,169.0349,1
2009.882,322.1077,0
5971.358,148.9395,1
5953.869,227.6758,1
5866.724,205.1013,1
2064.29,276.5981,0
6029.582,163.8586,1
5662.438,35.90796,1
5755.767,179.6636,1
5770.031,253.2537,1
1988.481,340.667,0
1962.271,362.0572,0
5834.301,94.52075,1
5802.741,115.1724,1
2029.802,292.1052,0
5883.62,339.825,1
5754.182,289.6563,1
5854.518,76.84888,1
1909.28,349.2477,0
5794.557,50.26611,1
5728.427,201.2822,1
1994.097,298.8011,0
5783.897,340.3853,1
5812.999,348.2227,1
5807.544,291.1716,1
2164.927,362.2537,0
1942.912,370.7346,0
6398.956,165.9507,1
2014.602,325.9752,0
1986.591,309.102,0
5851.637,180.1951,1
2000.608,342.3705,0
6323.345,273.7754,1
5783.694,161.5552,1
2303.523,297.5778,0
1975.005,235.5909,0
6017.828,169.2334,1
5904.419,245.4336,1
1950.687,319.4436,0
1852.162,334.634,0
5721.606,245.4631,1
5674.383,296.8372,1
5605.994,283.1238,1
1981.702,312.6678,0
1926.707,287.3841,0
1984.865,328.238,0
5932.23,185.3799,1
1958.063,368.7,0
5835.843,180.0774,1
1962.467,345.854,0
1972.004,279.2413,0
6193.445,320.2969,1
2071.168,305.278,0
2031.683,313.8685,0
2039.113,345.7517,0
5943.125,111.8586,1
2116.311,331.7321,0
6316.285,191.3857,1
5957.148,280.302,1
5990.384,219.0264,1
1933.777,274.6367,0
1929.86,385.0701,0
5247.535,267.6631,1
5462.647,130.0513,1
6121.721,230.1414,1
5852.395,231.228,1
1944.461,358.1799,0
1908.603,319.7629,0
5905.668,225.3496,1
2012.228,292.5854,0
6185.835,266.6682,1
5833.224,169.5991,1
6142.79,231.3027,1
1949.097,299.8561,0
1992.447,353.2139,0
1960.118,307.0886,0
2056.326,328.6783,0
2119.196,315.2542,0
5844.226,319.6489,1
1953.929,353.3875,0
2145.491,250.0756,0
6017.507,197.3618,1
1923.293,351.7229,0
1953.381,352.251,0
5860.145,167.0645,1
6067.245,255.134,1
5402.096,218.7803,1
1991.994,329.5197,0
6067.78,243.1267,1
1992.488,237.7368,0
1994.258,269.5899,0
1994.286,360.4473,0
6041.195,207.2935,1
2152.495,249.0107,0
6047.253,182.3301,1
2040.562,358.7822,0
1992.091,315.1512,0
6301.098,147.6814,1
2226.028,379.1547,0
2033.746,237.2303,0
5681.383,218.4702,1
2074.587,349.2262,0
2067.307,291.6874,0
5820.751,82.2439,1
5867.716,265.853,1
6039.527,177.4365,1
6043.926,132.814,1
5878.711,280.6111,1
5896.559,191.7195,1
5879.733,84.20166,1
5793.382,157.6785,1
5909.214,288.6721,1
6085.39,166.4224,1
2012.101,338.4611,0
1983.5,342.1119,0
5949.266,164.4343,1
2047.048,355.7495,0
6015.677,201.6423,1
5874.298,273.4229,1
2112.919,332.7806,0
5867.682,161.585,1
5614.56,251.1064,1
5895.341,201.2629,1
1935.347,288.5895,0
2137.255,356.5691,0
6001.718,203.0293,1
2022.95,343.9755,0
1992.988,345.7953,0
5727.058,243.532,1
5902.639,290.9717,1
5992.223,120.8733,1
5807.276,152.0459,1
5832.687,141.374,1
5924.179,183.7217,1
6025.578,98.52368,1
5736.383,339.4446,1
6068.022,213.1304,1
2083.936,319.0062,0
1951.288,305.0499,0
1901.901,325.9277,0
5822.078,294.3909,1
6152.132,156.4619,1
6335.862,166.7632,1
2039.865,317.0155,0
5763.442,166.0305,1
1973.523,334.0293,0
5839.255,241.9324,1
5251.796,175.7061,1
5963.158,150.02,1
1977.215,326.4913,0
5834.939,261.5486,1
2025.377,320.2554,0
5831.133,181.8215,1
5969.253,292.2292,1
1979.344,340.5589,0
1950.669,317.6667,0
1921.63,309.2443,0
1900.218,399.1555,0
5913.655,272.5549,1
5997.387,262.1348,1
1969.938,280.1865,0
2040.614,306.4581,0
1974.255,368.7662,0
6175.69,111.8577,1
2092.389,291.0201,0
6101.042,265.1157,1
1986.753,328.9052,0
2009.227,304.4742,0
1985.28,270.4138,0
5981.825,158.0488,1
6294.737,287.3408,1
5495.985,310.0859,1
2051.281,297.8588,0
6203.504,277.876,1
5772.063,183.8855,1
2082.077,308.6465,0
5971.427,227.2561,1
1959.888,325.3762,0
5986.999,245.4045,1
5975.088,191.0012,1
2052.075,299.1523,0
6045.845,182.2771,1
6080.273,306.8955,1
6398.121,108.853,1
6060.093,122.7786,1
5789.868,127.7014,1
6020.238,154.46,1
5870.951,196.9631,1
5698.585,229.7588,1
1946.805,298.1186,0
5830.062,208.6909,1
1985.471,357.2087,0
6016.848,207.3811,1
5890.831,75.62891,1
5876.891,210.2927,1
1998.268,386.2242,0
5815.11,274.5474,1
2051.496,342.6147,0
6144.743,288.99,1
2171.381,323.6589,0
5829.968,258.623,1
2021.971,316.927,0
2022.787,262.2038,0
1983.272,373.2012,0
5821.631,182.1436,1
1943.545,245.6952,0
2089.913,273.6132,0
5863.674,234.3923,1
6342.353,178.708,1
1866.02,360.129,0
2082.108,292.4202,0
2099.84,289.1742,0
2066.915,313.6107,0
1928.296,323.1458,0
6563.348,265.3787,1
5865.284,238.9661,1
5701.927,219.8191,1
1930.827,443.1127,0
6098.149,312.1006,1
5825.242,251.5488,1
2052.37,277.1162,0
2017.71,335.0117,0
6102.256,199.7456,1
5764.2,374.2292,1
5875.24,313.5979,1
6076.077,204.5664,1
5754.069,175.5938,1
2001.155,318.5235,0
6095.612,196.3655,1
5945.458,169.925,1
5685.806,235.3354,1
2055.535,334.7723,0
5775.745,255.575,1
6058.653,234.2104,1
5801.198,155.9993,1
2058.216,402.1736,0
2011.122,332.3964,0
6227.688,306.8584,1
5762.406,138.3328,1
5550.981,257.4641,1
5834.429,238.7319,1
2014.232,299.9729,0
2083.452,253.9033,0
6102.736,211.6675,1
5942.038,276.7651,1
1974.125,299.3228,0
5521.225,158.3579,1
2147.208,330.6453,0
5974.731,301.4333,1
6427.534,155.2324,1
6400.88,200.4731,1
2169.702,334.5018,0
1939.134,313.4793,0
6203.875,197.6672,1
5345.775,203.8562,1
2006.176,322.7563,0
5292.349,238.3093,1
6310.809,265.2837,1
2061.799,297.8412,0
5510.375,216.7769,1
2048.687,348.0416,0
5997.086,127.937,1
1910.701,339.0341,0
6048.76,108.5237,1
1937.27,354.1119,0
5907.065,146.4749,1
5944.075,226.4836,1
6253.236,157.6663,1
5832.423,239.2417,1
5709.949,360.6304,1
5994.477,210.7144,1
1906.39,359.9127,0
2079.978,309.9597,0
1888.286,305.9265,0
1950.119,366.0482,0
4840.051,151.4387,1
2081.098,323.5391,0
6000.966,175.2283,1
5806.623,169.7932,1
1970.358,339.2668,0
5348.297,318.1287,1
6240.18,52.74878,1
1951.472,338.2643,0
5898.669,254.9158,1
2014.379,347.3011,0
5785.581,187.4827,1
2155.844,302.1298,0
1939.693,292.9475,0
5816.208,239.3948,1
5953.698,191.4827,1
5862.124,195.2891,1
1929.308,420.0464,0
5912.547,190.8711,1
5711.593,175.0027,1
5880.536,236.6213,1
1999.041,330.9971,0
1900.695,398.2355,0
1886.098,350.3912,0
5850.953,248.8164,1
5797.876,350.9775,1
6128.273,205.1694,1
6163.098,135.6079,1
1954.48,279.4755,0
5932.827,154.4102,1
1977.882,275.1,0
5384.876,280.4573,1
1931.021,344.4155,0
2024.338,270.224,0
5859.19,213.2019,1
5987.267,340.5818,1
2136.458,361.2666,0
2120.862,327.5631,0
5824.12,212.478,1
5812.076,227.6609,1
1910.976,417.5213,0
1871.737,359.3375,0
5892.874,197.0347,1
2102.513,327.087,0
5742.502,190.6055,1
1907.212,360.1826,0
1989.242,346.1291,0
5801.898,166.8013,1
5690.118,193.3169,1
5737.2,227.8315,1
5774.243,202.7952,1
6087.996,169.9434,1
2013.961,342.0782,0
5824.349,176.6667,1
5694.345,237.1575,1
2025.702,257.7194,0
5680.13,266.1274,1
2050.959,328.1283,0
5841.314,239.144,1
2002.994,282.5675,0
1941.63,336.3002,0
6008.7,170.6321,1
2043.836,340.4515,0
5147.151,224.9626,1
5821.221,207.9202,1
6325.175,242.9055,1
5905.89,221.5679,1
2032.807,377.0668,0
5459.692,298.7175,1
2191.294,346.6453,0
2102.285,327.2922,0
1983.914,331.8768,0
2012.775,311.9091,0
5865.582,174.7656,1
6829.757,284.0198,1
5808.934,223.8596,1
2075.281,398.5702,0
2086.043,318.4032,0
2117.923,342.6874,0
5857.219,153.9924,1
5849.084,235.426,1
5936.802,231.8416,1
2135.711,301.4668,0
1944.316,269.9596,0
5647.94,250.9485,1
5907.046,239.2068,1
6007.967,251.4507,1
2089.612,326.9724,0
1899.127,377.5685,0
1884.898,385.3928,0
5619.641,206.0405,1
5826.704,297.1267,1
5958.573,136.5891,1
6004.708,280.3376,1
6026.93,182.6448,1
6012.858,139.6243,1
6105.857,176.8435,1
5747.863,126.187,1
7192.445,275.0115,1
2069.596,308.1925,0
1917.482,385.42,0
6447.117,184.9932,1
6170.491,228.1897,1
1942.603,297.1108,0
5784.285,202.4773,1
5649.662,284.76,1
1970.422,283.6622,0
1991.955,333.1699,0
2164.727,331.0454,0
5583.381,247.9939,1
2059.432,268.9994,0
1998.338,345.3566,0
5733.001,233.1011,1
6020.519,129.2844,1
5982.424,220.4058,1
2018.927,432.7168,0
2038.12,304.9324,0
1985.001,298.2275,0
2222.221,390.1685,0
2003.056,279.5372,0
5908.916,167.8931,1
1881.914,262.4568,0
5903.638,237.1609,1
1998.208,346.4559,0
6053.091,278.647,1
1948.573,358.7455,0
5876.551,226.6926,1
6102.703,190.3398,1
1980.23,376.2798,0
5808.618,332.9224,1
5614.906,181.8147,1
5904.28,132.4866,1
2323.271,300.9976,0
5807.355,214.094,1
5985.36,220.0581,1
2008.486,288.1693,0
2012.685,310.2239,0
6290.053,306.302,1
2004.052,366.6912,0
2199.174,294.1165,0
5870.531,198.5442,1
5185.144,360.9731,1
2041.682,344.0046,0
1958.272,321.3263,0
1870.481,343.7023,0
2000.667,313.9267,0
2076.929,257.4714,0
5799.427,221.5403,1
6211.607,170.5776,1
1978.016,342.9554,0
2158.375,291.7806,0
2045.247,323.4569,0
1925.395,371.6467,0
5741.843,226.6975,1
5782.162,156.0535,1
5854.164,200.7126,1
5723.13,298.7383,1
1950.637,305.2531,0
1981.959,273.5013,0
2076.518,254.8839,0
2059.154,325.1735,0
1899.061,337.5258,0
1911.671,314.9246,0
1949.272,362.1669,0
2115.323,335.4988,0
5777.385,295.2737,1
2074.709,311.1288,0
2016.55,315.8633,0
1967.051,272.2007,0
1976.77,360.1931,0
5527.851,274.1833,1
1963.904,302.3566,0
1917.323,367.5317,0
6293.569,160.5791,1
5830.312,162.7261,1
6267.842,152.5122,1
5867.078,113.9075,1
5801.12,194.0396,1
2115.597,438.0231,0
2018.403,277.097,0
6018.558,247.8354,1
1948.091,287.3856,0
1984.154,358.1847,0
6033.251,202.4956,1
5968.122,136.4592,1
2103.88,306.9535,0
6062.58,268.46,1
5776.351,228.3132,1
5613.164,277.0437,1
2077.647,279.9968,0
2082.231,300.8199,0
5792.331,259.0593,1
1974.184,299.4728,0
5832.429,268.1719,1
5358.045,227.3782,1
6028.792,172.2766,1
2013.965,308.1887,0
5787.397,155.0054,1
2051.268,294.1593,0
1946.397,389.1702,0
6033.29,175.8792,1
5811.191,215.554,1
6245.585,194.8611,1
2102.242,327.4154,0
5337.963,286.6702,1
2015.229,344.0334,0
1965.056,287.6724,0
2036.195,355.9626,0
2163.191,343.2395,0
5900.037,342.2329,1
2087.663,393.3486,0
5892.777,312.3015,1
2055.038,281.0161,0
1931.462,342.8601,0
6125.519,271.7141,1
6115.515,283.0696,1
5969.399,287.1191,1
6072.706,238.9482,1
2038.216,283.5714,0
5619.381,121.678,1
2022.417,332.816,0
6160.313,209.6541,1
6064.901,125.9683,1
1926.744,319.208,0
2086.946,325.6609,0
2045.808,305.6318,0
5830.902,191.0256,1
1989.059,320.0026,0
5718.624,130.8049,1
1930.712,368.567,0
6220.873,289.8857,1
2029.427,349.1755,0
1948.411,335.9066,0
2076.425,315.7634,0
5658.893,259.3684,1
2113.252,331.3213,0
5868.604,148.1311,1
5928.758,253.3679,1
2021.355,305.9288,0
1977.034,261.8971,0
2181.506,334.858,0
2030.683,306.9952,0
2008.892,285.6161,0
6075.414,170.6038,1
1992.645,353.6749,0
2130.389,415.687,0
6154.194,234.2625,1
6109.98,92.68726,1
5292.064,256.3381,1
2050.51,270.3954,0
5953.323,128.7666,1
1879.445,389.4865,0
2013.311,391.3772,0
5719.725,125.6143,1
6220.003,215.1938,1
6263.944,157.1135,1
6083.5,189.2749,1
1985.526,338.6381,0
6024.845,235.3154,1
1982.596,317.7582,0
5799.242,97.21753,1
5597.945,211.386,1
2106.969,293.8048,0
6137.788,231.4736,1
2002.074,323.5365,0
1901.035,349.2647,0
2092.059,271.3912,0
5981.335,178.8572,1
5810.212,268.8147,1
2151.205,290.9252,0
1960.997,319.54,0
1964.809,336.6365,0
5996.757,196.4402,1
5395.363,141.3669,1
2120.142,296.9705,0
1898.643,342.3653,0
5860.916,327.781,1
2023.576,319.5341,0
2013.201,335.1772,0
6058.681,89.58105,1
5938.735,231.1055,1
5884.036,241.5281,1
1934.896,311.0626,0
5709.529,258.5,1
5974.126,244.9421,1
5937.219,59.09692,1
5836.779,350.8711,1
5854.738,196.8267,1
6236.724,199.6924,1
1902.669,366.4421,0
5590.067,244.967,1
1991.043,269.1317,0
6141.65,239.1438,1
1916.529,371.8123,0
2036.525,318.3333,0
6012.937,122.238,1
5840.036,265.7708,1
6164.967,140.8606,1
6057.793,190.4424,1
1987.412,283.6302,0
1959.598,326.7214,0
5835.292,268.6533,1
1991.007,337.3185,0
6606.981,304.936,1
1921.593,361.8468,0
5624.824,283.2715,1
6055.677,222.6028,1
5919.056,288.5676,1
6205.004,257.8857,1
1947.054,309.2654,0
2113.762,343.0076,0
5909.055,112.7395,1
6086.443,64.7312,1
5954.797,249.5115,1
1970.168,359.1967,0
5802.99,254.4951,1
1974.089,314.3691,0
2061.586,344.8938,0
2132.076,276.8186,0
5262.229,198.4583,1
1978.253,351.8014,0
2039.382,318.7813,0
5982.366,264.0022,1
1948.144,356.9705,0
5872.936,307.6267,1
1941.017,394.1708,0
6073.457,184.5483,1
2110.173,312.0814,0
2046.552,312.9297,0
5921.435,205.2134,1
2058.996,273.3387,0
2091.87,323.5288,0
5781.586,149.7925,1
4213.943,212.9868,1
5591.943,345.8584,1
5889.921,161.6704,1
5947.411,210.3035,1
1955.136,336.1154,0
5865.714,305.3198,1
5852.267,250.1128,1
5921.783,233.5369,1
6022.304,386.968,1
1968.13,310.6419,0
1993.469,294.7918,0
5943.2,185.3274,1
5896.709,295.9321,1
6034.466,241.054,1
6087.39,307.583,1
1991.073,351.076,0
2030.967,358.6581,0
1883.838,369.7487,0
2114.083,334.035,0
5967.477,236.6929,1
5930.474,261.8855,1
1989.634,279.7659,0
1961.342,368.4029,0
2178.544,358.3658,0
6000.947,128.4487,1
2110.331,325.5621,0
2020.34,393.3743,0
2120.252,399.6129,0
5893.399,275.7935,1
2053.586,337.9379,0
5940.839,149.2773,1
1877.091,338.8105,0
6123.916,258.1262,1
1959.406,400.3439,0
6076.791,169.8281,1
1959.84,331.6652,0
1940.734,328.5978,0
5820.853,126.1802,1
1992.387,347.2953,0
5892.852,215.1631,1
5952.545,235.1,
1871.396,303.3804,0
2116.861,310.8289,0
6085.899,133.5254,1
1962.697,329.1329,0
5797.803,245.9497,1
5648.414,186.439,1
6108.312,96.69214,1
5792.664,270.0398,1
1870.466,364.1829,0
1937.22,325.6866,0
2046.784,319.8243,0
6028.381,135.9055,1
2126.894,310.0812,0
1998.038,316.4033,0
5972.37,181.4417,1
5873.844,296.0447,1
1980.894,400.6656,0
5986.064,287.4805,1
1981.554,324.585,0
5988.69,299.6038,1
5622.172,344.7913,1
2018.189,360.0525,0
5824.993,218.7734,1
5661.539,294.7429,1
5967.121,243.2346,1
6016.694,138.7388,1
2059.949,367.7828,0
2174.544,288.8357,0
1995.542,337.2976,0
1951.671,367.1135,0
5788.849,209.3687,1
2144.865,213.6576,0
1961.587,348.8047,0
1886.44,330.827,0
5911.651,277.5293,1
5804.145,230.1792,1
2031.878,344.9939,0
2027.148,343.3765,0
5461.53,313.5354,1
5846.245,255.425,1
6023.892,164.5354,1
5865.7,209.8806,1
2020.375,295.9503,0
2092.35,336.4019,0
2011.774,366.3267,0
2029.63,285.4202,0
6217.107,156.4753,1
5772.49,199.4126,1
2053.432,357.8828,0
6133.258,161.9778,1
5491.238,240.2585,1
5824.397,228.7549,1
5910.143,205.3855,1
2095.869,325.2634,0
5471.64,173.0198,1
5225.26,127.9824,1
2017.082,383.4423,0
5844.927,225.2495,1
6179.839,158.8359,1
5628.391,318.3257,1
1941.813,314.7546,0
1942.106,368.2813,0
1890.628,327.2343,0
1972.15,290.7512,0
5693.569,301.3374,1
2093.754,327.8654,0
5907.061,89.89453,1
2051.235,270.8354,0
6229.136,285.4856,1
2010.513,324.2014,0
5972.907,202.9897,1
2047.746,350.105,0
2016.314,372.3925,0
5588.461,260.4661,1
5870.063,206.6584,1
1950.602,329.4475,0
5793.291,204.4946,1
1970.973,416.2261,0
1953.224,418.2593,0
5909.453,260.75,1
2001.828,318.1636,0
1937.647,399.3252,0
6304.146,269.009,1
1955.625,351.751,0
2120.679,324.4213,0
5792.686,261.2075,1
2043.097,372.8728,0
1970.854,359.967,0
2068.129,277.9093,0
2011.627,375.4296,0
2004.417,378.9361,0
5930.003,146.1321,1
5367.429,198.5793,1
5478.235,349.2944,1
2062.867,355.4797,0
1999.93,376.2099,0
5589.772,170.1609,1
6030.893,234.2119,1
2058.603,257.5713,0
6120.185,315.0713,1
2228.211,367.9591,0
6612.469,134.0544,1
1965.886,352.8494,0
6020.62,120.6802,1
2051.757,313.7142,0
6105.642,221.1453,1
2037.552,283.1428,0
5873.412,182.8157,1
6117.821,150.8606,1
2057.648,326.0978,0
5924.473,221.8386,1
5955.454,144.3223,1
5939.073,143.9507,1
1936.844,359.2618,0
5392.342,252.3264,1
2056.869,287.3998,0
2110.107,360.8419,0
2008.269,254.3107,0
5921.522,212.0881,1
2204.681,238.929,0
5993.534,77.24487,1
2037.552,339.9634,0
1918.558,396.6935,0
2125.197,331.2887,0
6003.189,182.7625,1
5977.774,191.3157,1
2003.309,320.9462,0
6083.564,267.8792,1
1979.142,323.7654,0
1983.08,363.387,0
1900.493,292.0851,0
1955.349,310.0086,0
5955.635,237.1328,1
1960.824,323.4632,0
6041.434,260.4526,1
2012.32,317.3943,0
6050.401,159.1831,1
6045.346,252.9485,1
5767.62,177.165,1
5839.988,166.0779,1
5872.579,189.5576,1
1933.091,356.2253,0
1996.716,273.3179,0
2044.946,377.0208,0
5881.243,214.8018,1
2066.651,333.5077,0
2153.78,274.5299,0
1995.041,322.7661,0
5861.32,330.2549,1
5358.211,175.1235,1
6093.346,195.0627,1
5327.228,355.3657,1
5708.045,279.1694,1
5797.146,217.8987,1
1967.865,359.449,0
2037.667,337.7839,0
2045.286,307.4436,0
1978.366,390.33,0
6143.009,261.0684,1
5857.639,319.0359,1
2032.153,314.8859,0
6019.655,310.4097,1
5791.583,272.7495,1
1947.385,338.0681,0
2055.769,315.0542,0
5683.024,436.7004,1
6057.65,289.5122,1
2031.219,279.2745,0
6221.864,176.4341,1
1957.363,384.1171,0
5292.816,239.6431,1
1918.66,359.9254,0
5902.887,226.1309,1
1943.003,332.2936,0
5907.376,207.8254,1
1973.871,376.5455,0
6115.023,211.4568,1
2058.238,348.608,0
5845.651,276.5356,1
2104.409,305.9424,0
1954.875,367.9989,0
5851.224,256.4797,1
2028.243,338.3751,0
1950.728,320.4914,0
1995.511,374.8433,0
6054.09,236.9973,1
5633.244,271.1316,1
2150.847,309.3937,0
6042.023,276.6958,1
2011.093,354.0492,0
2000.706,362.8858,0
6078.399,217.949,1
2000.165,395.4401,0
6071.065,178.2212,1
6075.792,323.0557,1
6192.876,220.3503,1
5931.203,221.02,1
2009.933,369.4679,0
5643.157,131.7974,1
5963.612,205.1404,1
5683.124,174.9766,1
5770.049,204.8992,1
5851.127,229.9153,1
6100.111,196.7275,1
2019.324,327.341,0
1884.902,318.2493,0
2109.462,347.916,0
2168.949,366.3387,0
5671.573,293.2979,1
5886.828,241.7451,1
2016.553,350.2943,0
6248.801,210.3464,1
5977.266,243.8232,1
5938.951,217.0415,1
1944.974,294.177,0
2125.124,278.6501,0
1798.931,382.9076,0
1974.517,363.2158,0
5278.38,260.3489,1
6134.54,338.4285,1
2106.538,360.5964,0
6051.173,144.7434,1
1952.539,354.4819,0
2011.561,293.3019,0
2038.258,286.4138,0
1909.605,300.6354,0
5730.867,217.21,1
6037.89,171.9639,1
5921.484,231.1243,1
1971.333,340.6913,0
1934.587,353.689,0
1955.14,368.2222,0
5995.594,279.0994,1
5785.888,305.2944,1
2024.042,347.7393,0
2098.911,262.4491,0
5899.984,220.4893,1
2078.558,310.5582,0
6000.152,217.0874,1
2075.294,252.4976,0
2065.438,274.1027,0
2027.19,373.9926,0
5982.866,157.2974,1
5939.511,273.6064,1
5818.089,214.7974,1
1908.69,387.8578,0
1950.659,320.8303,0
1932.596,316.3162,0
1991.621,327.0623,0
5909.304,138.6467,1
1982.786,393.5959,0
6272.353,225.3018,1
5680.446,207.5815,1
2064.051,373.5435,0
6023.465,192.6707,1
6332.694,105.3403,1
6116.228,204.5342,1
6089.083,125.6494,1
5334.983,296.0798,1
5644.402,282.6045,1
2111.308,325.2395,0
5511.267,198.8374,1
1935.208,336.1304,0
2036.426,390.627,0
1959.753,356.0502,0
1967.406,397.8285,0
6003.283,140.9802,1
1975.863,401.8944,0
2008.746,368.474,0
1910.442,330.0303,0
6075.916,276.8604,1
5930.784,297.4285,1
1975.833,389.4201,0
5825.559,236.3066,1
5246.014,231.9124,1
2033.345,286.8258,0
5981.375,238.9341,1
6366.555,144.741,1
2162.745,325.585,0
5519.871,246.6714,1
2114.023,392.2264,0
1978.042,356.0125,0
6083.603,94.68652,1
6182.786,209.7351,1
5875.808,228.7815,1
6237.267,132.7004,1
5773.479,274.7854,1
6137.907,288.8689,1
6010.875,156.1555,1
2006.934,346.4062,0
5816.448,257.1487,1
1930.645,332.0153,0
5779.553,175.2712,1
5483.84,466.0396,1
6144.969,194.6677,1
2161.447,324.326,0
2118.105,271.9009,0
5898.33,166.9915,1
2120.329,338.7797,0
5813.825,216.9146,1
6091.561,178.2822,1
6933.04,113.4761,1
5688.445,299.2737,1
6150.31,174.0554,1
2007.258,261.4843,0
5961.647,169.7603,1
5761.287,207.1738,1
2379.524,398.7482,0
5925.87,267.6433,1
5921.649,188.9414,1
6299.372,324.991,1
5203.603,213.582,1
5778.081,212.3604,1
5515.553,191.0759,1
2117.308,340.1614,0
5691.329,238.7139,1
2039.316,342.8774,0
5672.313,244.9436,1
1976.086,357.5034,0
2055.134,301.2423,0
2028.712,319.7748,0
2077.647,292.1593,0
6061.611,157.6394,1
6185.951,303.3257,1
5760.182,272.1384,1
5945.073,127.0569,1
6233.937,260.1936,1
5498.337,231.209,1
2030.673,262.577,0
5846.565,227.4426,1
5631.218,183.5117,1
6343.379,359.8735,1
6007.804,284.0735,1
2176.764,385.4305,0
6039.583,198.5334,1
2089.522,349.7751,0
1925.129,328.7902,0
5920.313,236.3406,1
2075.774,279.4138,0
5785.803,224.4329,1
6249.434,164.0701,1
6200.806,81.7146,1
5971.066,188.824,1
5870.171,33.04492,1
6198.551,237.0706,1
1999.091,319.3823,0
2072.474,320.2308,0
5827.965,258.5208,1
5513.284,275.7627,1
1964.333,288.5117,0
2031.648,323.3179,0
1977.478,333.0123,0
6584.926,207.2422,1
2004.691,301.0629,0
5885.144,202.0969,1
6172.349,182.4067,1
6692.498,325.0977,1
2027.92,331.0076,0
6314.593,216.7139,1
1947.162,306.3116,0
5984.287,86.99316,1
1964.213,314.9442,0
5897.911,162.6218,1
5639.347,217.3726,1
5353.321,270.2542,1
2060.67,344.9045,0
2103.277,296.9319,0
1975.529,303.0923,0
2036.088,336.9994,0
6159.494,115.2817,1
5887.243,203.1028,1
2004.317,314.6135,0
2058.778,331.562,0
2021.446,341.1703,0
2024.498,313.7037,0
2023.708,383.0006,0
6183.464,199.8936,1
6313.314,294.8047,1
1993.078,387.4633,0
5811.121,138.3892,1
6060.604,190.4185,1
5799.048,288.6887,1
1929.558,368.144,0
6131.753,107.0791,1
5806.199,231.8054,1
2101.783,364.5983,0
2102.716,266.0658,0
1997.441,328.6885,0
5180.848,325.6401,1
2121.491,323.6324,0
2133.149,296.2466,0
6618.041,314.3384,1
2245.109,418.0923,0
5187.58,196.606,1
1967.972,302.3792,0
5934.901,208.4414,1
6046.74,140.686,1
2061.984,308.0192,0
5816.705,153.2629,1
1955.88,344.0078,0
5802.718,176.3892,1
6518.772,205.5688,1
5790.681,239.9299,1
2156.214,312.3413,0
5928.02,344.908,1
1987.095,377.2407,0
5751.549,223.7095,1
2009.438,405.6112,0
6099.959,255.7668,1
4733.6,276.1121,1
6131.871,181.8979,1
6061.041,225.2466,1
5903.137,265.8149,1
5924.416,76.63184,1
6424.458,391.946,1
5672.87,276.9023,1
1998.135,291.3956,0
2022.214,401.1887,0
6266.355,222.9956,1
5724.053,233.9463,1
2001.761,329.2717,0
6204.292,187.6287,1
6505.338,164.9468,1
6001.588,169.0081,1
5693.949,224.6702,1
6072.489,220.5693,1
2013.951,383.7195,0
5999.126,169.5388,1
2107.48,324.2352,0
5619.794,253.8965,1
5767.583,177.4539,1
1993.946,373.8277,0
2018.679,361.2198,0
5830.732,237.3867,1
1970.448,344.8756,0
5560.237,111.8333,1
5952.591,234.4246,1
5933.692,170.561,1
5500.157,230.0979,1
2081.003,344.5103,0
6146.719,126.667,1
2054.147,267.7634,0
5831.664,255.2607,1
5904.978,202.2522,1
5905.732,143.1729,1
1883.336,372.3665,0
1994.077,368.1619,0
1997.443,301.4193,0
5897.896,279.0605,1
6750.352,289.3069,1
1969.982,386.2711,0
5382.03,213.4338,1
2048.38,305.1768,0
1984.74,350.723,0
6048.166,240.5769,1
5816.033,186.3972,1
5193.252,366.8667,1
5755.63,167.7268,1
1959.142,346.733,0
5928.411,183.7764,1
5880.704,188.739,1
1987.197,354.1122,0
5461.802,136.6152,1
6250.631,204.9822,1
5835.05,130.8022,1
1994.47,295.7887,0
2126.37,280.7914,0
2120.897,391.6343,0
5687.952,288.3894,1
6369.745,224.0117,1
6059.757,258.769,1
2189.855,310.8566,0
5705.036,256.8303,1
5984.573,131.915,1
1865.387,335.9458,0
2053.465,296.4919,0
5832.097,169.6804,1
5187.627,187.1045,1
1956.18,326.2,0
5931.857,181.7603,1
1967.213,343.2845,0
1989.368,359.0585,0
5840.319,302.2126,1
2038.288,309.1985,0
2017.012,340.6396,0
5971.062,244.3411,1
6425.068,208.1082,1
2055.544,321.3196,0
5270.59,346.4341,1
5546.165,315.7034,1
2086.802,285.0288,0
2045.879,262.1223,0
6288.892,127.7788,1
6140.216,163.262,1
1922.079,349.9313,0
2022.822,381.6182,0
6046.667,217.6077,1
6034.893,171.4641,1
1891.799,328.2056,0
1950.292,358.2833,0
1962.598,314.9762,0
5887.107,260.8545,1
6517.23,207.0347,1
5887.101,135.1028,1
2015.063,293.2432,0
5711.833,342.1877,1
2041.344,321.1667,0
1934.676,326.9199,0
5184.768,269.2744,1
6305.103,235.051,1
1932.578,379.0366,0
2020.262,370.5439,0
6022.149,175.7048,1
2031.583,333.3806,0
5862.337,172.7449,1
1915.502,360.2869,0
1910.201,273.121,0
2098.224,333.5059,0
5810.499,148.1895,1
6283.997,192.0583,1
6080.701,148.4829,1
2005.423,325.6908,0
6044.338,142.8225,1
6089.046,247.4976,1
6108.919,138.6074,1
5826.87,207.3135,1
2146.222,303.2411,0
5951.763,225.0715,1
5979.26,211.0947,1
5863.096,201.5332,1
1966.517,308.2876,0
1967.031,277.254,0
6015.959,141.4014,1
1967.589,418.968,0
5845.35,254.5964,1
2145.419,313.8994,0
1987.495,336.8833,0
2124.576,336.7776,0
5803.023,212.928,1
2032.07,298.9991,0
5791.084,149.9863,1
2091.128,341.3961,0
2032.228,346.9071,0
5921.07,214.7324,1
5995.672,250.6077,1
6289.61,119.0374,1
6437.946,195.1653,1
5754.375,304.0691,1
2018.681,339.0568,0
5657.516,197.8848,1
2243.216,349.6782,0
4951.015,322.1516,1
6246.625,243.0874,1
5973.146,242.2717,1
5999.48,164.2771,1
2019.775,264.487,0
2001.408,365.8017,0
2086.582,335.5659,0
1975.469,396.3409,0
5630.029,280.5889,1
5740.609,169.2056,1
5787.327,251.77,1
1947.34,415.9621,0
5902.313,260.5547,1
3002.12,306.8171,0
5800.752,264.333,1
1983.29,252.6338,0
5675.875,251.5183,1
1978.947,409.2376,0
6077.618,161.1716,1
2311.365,1294.0,
6169.952,132.1199,1
5426.474,382.135,1
5701.143,142.7505,1
1949.77,303.8586,0
1977.804,401.5291,0
5764.816,239.189,1
6004.629,394.7009,1
2209.12,314.6827,0
2020.769,336.4512,0
2146.358,282.5132,0
5763.812,215.2454,1
5824.374,239.1008,1
1995.456,288.4076,0
6137.466,236.1851,1
5776.711,256.3503,1
5908.292,189.4167,1
1922.793,304.111,0
2052.606,338.4734,0
5908.262,201.2771,1
1926.601,339.3582,0
6003.81,276.2156,1
2129.901,279.903,0
2034.477,302.3657,0
6122.021,162.9307,1
2062.286,277.4045,0
5896.361,265.3176,1
6129.471,252.0073,1
5439.772,287.1895,1
2065.125,392.8179,0
6126.389,115.5034,1
6123.328,210.6809,1
2029.191,365.7502,0
2036.829,335.0562,0
5976.231,316.6687,1
2112.308,361.1627,0
5883.186,205.1699,1
1917.998,396.7616,0
6088.923,117.9839,1
2072.341,319.1576,0
5975.28,168.2429,1
6092.166,236.1372,1
2073.861,274.6479,0
2036.218,357.1521,0
5299.951,187.9778,1
5904.395,177.3181,1
1941.139,301.9855,0
1936.012,419.126,0
6127.188,266.6313,1
2002.027,342.1562,0
6184.273,183.4529,1
1983.433,316.0069,0
5393.817,225.7488,1
5632.653,231.021,1
1997.463,345.7452,0
2116.064,307.972,0
2005.878,277.283,0
5781.341,236.9805,1
1946.39,411.9546,0
5970.135,229.812,1
5643.751,353.3403,1
5734.971,318.5161,1
6518.63,244.6433,1
1942.305,334.1088,0
5883.224,112.3499,1
5944.05,159.7156,1
5816.834,184.2261,1
5545.064,302.4246,1
5840.141,156.2739,1
2069.334,307.6843,0
6016.799,145.3086,1
1967.198,260.4065,0
2010.861,302.0776,0
5209.208,350.0366,1
6171.337,135.2136,1
1930.76,317.9901,0
5739.292,262.2646,1
5867.997,197.3894,1
1999.76,311.9734,0
5786.77,317.9243,1
2059.448,263.6965,0
2039.292,261.9049,0
5943.556,103.5088,1
1997.518,346.0951,0
6192.428,179.7603,1
6299.611,256.1736,1
6055.671,211.1946,1
2000.12,336.8643,0
1958.329,304.0212,0
2066.775,294.7429,0
2030.045,318.9137,0
6072.034,167.8455,1
1964.178,306.1887,0
2074.669,353.542,0
5901.751,246.803,1
5983.931,179.0361,1
5659.171,235.8215,1
6207.17,200.5559,1
6155.631,180.1497,1
6365.546,161.2244,1
2025.135,340.6198,0
6052.498,197.3374,1
5870.253,185.4253,1
5788.049,294.0593,1
6526.09,149.6924,1
1917.634,371.2392,0
6164.464,263.6897,1
2049.344,327.8879,0
2054.88,338.7344,0
2067.633,373.6688,0
1938.237,309.9949,0
5932.318,317.6865,1
1996.228,350.8672,0
5912.955,304.4592,1
2052.782,319.0542,0
5939.974,238.322,1
6440.231,135.0217,1
5873.065,174.9907,1
2042.276,318.9819,0
5754.971,296.1738,1
1972.859,331.2742,0
6002.536,225.9443,1
5877.762,138.4268,1
5925.94,194.821,1
5506.902,293.4443,1
2009.152,387.1409,0
5862.706,171.365,1
7538.431,269.468,1
6032.072,226.158,1
6143.589,190.6992,1
2113.282,333.1831,0
6039.073,136.3389,1
1974.815,423.8014,0
6126.666,299.9377,1
2069.582,330.4147,0
2042.14,257.9813,0
5620.361,132.2512,1
6268.432,350.3464,1
2018.731,372.7174,0
1997.637,411.5718,0
2001.582,317.7623,0
1999.4,333.3709,0
6010.712,94.99414,1
5845.206,146.7424,1
2013.514,329.1318,0
5962.555,176.6887,1
6002.542,211.9998,1
5568.507,271.196,1
2028.966,313.9891,0
2018.044,310.9854,0
6031.867,244.7561,1
5995.39,263.4844,1
2018.717,352.092,0
2039.605,311.83,0
1920.902,293.6744,0
6425.098,264.3408,1
2026.047,308.0475,0
5742.307,238.9446,1
5730.471,137.0007,1
1921.715,315.0925,0
2118.772,287.6979,0
6004.175,232.2727,1
1945.825,372.583,0
2045.779,337.3756,0
2036.335,337.4984,0
5922.228,157.9294,1
2073.326,329.2684,0
5760.379,211.6643,1
2059.867,367.6987,0
2005.586,326.9155,0
2004.002,249.1198,0
5817.148,270.6772,1
5733.414,324.0015,1
5809.064,181.7119,1
1862.924,355.7312,0
6265.835,269.0623,1
5830.197,198.8423,1
2051.533,296.1508,0
6048.756,251.1182,1
1975.233,294.2639,0
2005.522,319.1952,0
6181.578,225.4897,1
2002.772,330.0123,0
5903.438,204.25,1
1920.417,344.1462,0
5920.05,84.70532,1
6326.699,320.5688,1
6237.192,145.541,1
6111.279,223.6853,1
1969.595,315.0553,0
6150.005,256.5984,1
6480.138,220.6726,1
4693.384,447.9006,1
6274.013,196.7417,1
2187.699,336.324,0
6007.82,240.0945,1
5823.521,184.8542,1
1953.501,341.0806,0
1896.822,309.4159,0
2019.731,265.9996,0
1948.098,335.458,0
1962.006,326.0013,0
5986.925,304.0127,1
5850.772,249.2229,1
5803.026,217.8923,1
2011.369,357.2137,0
5943.292,197.925,1
2004.532,326.517,0
2064.399,340.403,0
1900.117,329.9224,0
5920.757,201.4714,1
5907.546,129.1477,1
1995.5,330.8089,0
1995.86,325.8932,0
2085.432,262.2615,0
1891.627,338.0027,0
6273.697,190.7021,1
5868.409,263.8459,1
2037.184,384.8221,0
2004.241,347.4515,0
5449.953,288.4243,1
5952.165,167.0754,1
6355.093,173.4143,1
1927.21,370.1141,0
5547.102,270.9741,1
2109.854,291.8679,0
2160.929,290.4493,0
1998.638,338.5219,0
6032.265,108.7549,1
5925.555,200.6191,1
6037.792,175.7454,1
1988.994,292.9241,0
1998.859,325.3387,0
2113.91,279.2299,0
6086.394,220.657,1
1935.546,330.8921,0
5637.121,171.9578,1
2074.996,302.4277,0
5836.241,225.1978,1
6086.789,291.6748,1
1971.083,328.949,0
1910.763,404.753,0
5839.491,294.0383,1
6060.542,168.1038,1
5981.456,223.2737,1
5945.093,195.3313,1
2123.928,260.2361,0
2150.494,348.3833,0
6174.314,252.8345,1
5838.408,156.3372,1
6034.193,191.9434,1
6078.947,204.092,1
6368.303,199.2527,1
1892.339,368.5341,0
5943.728,242.2517,1
1921.203,330.7358,0
5917.216,145.5654,1
5898.167,242.3921,1
2115.296,279.074,0
5828.351,221.9131,1
2061.084,312.1271,0
2012.73,290.6335,0
5969.951,234.0718,1
5860.965,224.5137,1
1907.395,384.1882,0
1892.142,368.2217,0
5727.616,228.1863,1
1969.499,311.4049,0
5830.061,188.2207,1
4100.706,182.8602,0
1976.94,311.1078,0
5995.242,276.2893,1
5954.304,197.0066,1
2057.332,252.123,0
1918.3,360.5963,0
5687.455,191.3777,1
1962.855,354.2852,0
6204.469,306.9131,1
5811.581,143.9204,1
5925.496,238.5781,1
6021.329,198.7571,1
5650.959,183.7637,1
5811.496,181.9639,1
5974.337,134.6614,1
1974.093,351.7505,0
1923.398,356.8748,0
5918.112,228.5903,1
2012.98,334.1904,0
2016.884,362.2565,0
1913.499,318.3398,0
1940.62,322.9874,0
5953.412,218.4497,1
6171.354,279.0156,1
5946.614,151.6294,1
5927.966,137.4866,1
6117.641,167.2273,1
5979.621,213.5437,1
6016.314,183.5703,1
6017.264,239.5964,1
5829.077,256.2952,1
6440.286,131.6204,1
1991.784,359.8713,0
2045.926,322.8751,0
6350.969,196.1118,1
1911.355,364.1005,0
5987.615,144.6189,1
2029.228,314.5139,0
6127.353,152.5586,1
6059.544,185.0007,1
6036.458,41.13672,1
6219.771,203.041,1
5950.358,152.2778,1
2136.729,276.6755,0
2006.647,314.6091,0
5967.66,230.3,1
5729.306,269.9312,1
1934.004,329.9103,0
5808.719,185.1472,1
5877.771,155.5447,1
6553.909,317.2341,1
1868.534,397.0063,0
2087.709,291.2566,0
5914.046,227.5386,1
1928.396,343.459,0
5790.116,214.4138,1
6419.048,192.8687,1
6322.267,240.5488,1
1959.597,344.9258,0
5763.451,303.0081,1
6468.71,189.0229,1
1933.694,302.1147,0
2063.75,294.8192,0
5720.305,161.0525,1
5160.622,305.3154,1
5777.834,163.9888,1
1953.08,298.8172,0
5898.868,219.6638,1
6105.505,278.4382,1
5796.198,223.9624,1
5802.495,165.915,1
5897.464,276.7622,1
1930.715,318.4764,0
2055.363,330.2009,0
2009.896,340.1606,0
1984.095,297.6502,0
2090.487,354.8743,0
5816.077,206.686,1
2033.696,305.7118,0
1948.533,347.5762,0
6069.556,193.927,1
5991.112,172.3489,1
2117.327,248.0607,0
2028.727,365.795,0
6079.079,299.9424,1
6277.918,156.9548,1
6484.346,166.782,1
5604.826,354.8352,1
6230.718,182.4355,1
5763.497,302.2966,1
1940.537,400.4067,0
1929.548,338.9229,0
6134.659,132.4705,1
5398.858,260.9583,1
1975.058,338.9374,0
2115.049,319.9398,0
1886.79,350.7656,0
5859.628,148.8894,1
2005.02,299.3212,0
2102.28,287.0376,0
2053.289,356.5259,0
2037.811,293.0853,0
1815.714,379.2873,0
5711.205,271.8169,1
1976.643,326.976,0
5884.305,238.054,1
5529.808,170.7017,1
6236.405,331.3979,1
5493.016,203.5247,1
1932.703,339.7886,0
5840.295,215.385,1
2059.246,269.5645,0
5916.105,310.2068,1
6654.65,232.0662,1
2092.438,290.5049,0
5844.768,250.873,1
2024.869,346.667,0
5954.901,181.9949,1
6208.738,169.1829,1
5967.688,132.6748,1
2144.621,290.3477,0
5904.025,209.5645,1
5823.752,205.6211,1
1950.954,391.2798,0
1996.004,302.571,0
5932.665,149.9312,1
1904.116,348.0466,0
5580.185,282.2507,1
2017.224,306.2307,0
5659.832,250.9272,1
5665.424,299.6929,1
1975.647,392.8617,0
1978.698,325.602,0
5507.28,354.0408,1
6367.523,153.3906,1
5244.473,250.4568,1
5840.415,217.9937,1
2028.506,332.2202,0
5852.704,159.219,1
2092.213,307.042,0
5864.105,139.6211,1
5930.678,234.8101,1
7065.169,179.5222,1
5508.624,220.5869,1
6066.766,154.7507,1
2023.27,401.0538,0
5650.952,197.3901,1
1918.457,238.075,0
1935.474,393.3517,0
1998.604,432.6807,0
2065.82,287.5487,0
2018.689,349.1389,0
5793.05,186.3005,1
1965.786,401.3932,0
5887.593,251.8743,1
5571.956,217.457,1
6007.189,121.7073,1
2023.231,322.9822,0
1928.653,381.4667,0
5764.563,197.6768,1
6108.203,289.9407,1
6175.62,265.0098,1
2143.171,328.1174,0
5933.616,305.5259,1
2098.289,333.5632,0
5971.896,222.4409,1
6075.447,127.6218,1
2159.682,294.197,0
2039.924,333.6746,0
5925.581,210.3398,1
6163.955,118.9246,1
2064.332,279.2185,0
1933.518,381.144,0
2011.014,314.4958,0
2012.833,257.1087,0
5656.757,195.0334,1
6205.251,198.7896,1
1925.17,326.0436,0
5725.8,194.8708,1
1938.995,363.1385,0
6653.477,142.634,1
1980.972,343.5042,0
5922.343,311.6267,1
5766.15,202.5908,1
6221.103,309.2065,1
5866.017,247.417,1
1978.796,333.0522,0
1876.913,301.4156,0
6786.729,234.0222,1
6671.482,86.19751,1
2039.86,366.5746,0
6053.885,156.1467,1
2053.999,342.0549,0
6269.889,142.4944,1
2082.384,327.1113,0
5791.706,158.5662,1
2041.475,388.8459,0
5908.547,203.2666,1
5868.911,237.1917,1
5918.556,210.1843,1
2012.974,369.6017,0
1964.645,323.5603,0
5905.508,200.5498,1
5879.216,167.5183,1
1946.944,337.7829,0
6020.807,190.7507,1
2062.715,367.1351,0
2009.735,352.9142,0
1999.151,296.6049,0
5818.744,280.7117,1
1950.716,292.058,0
5520.325,250.0105,1
6189.032,142.1047,1
5768.333,251.0569,1
1971.186,263.006,0
2057.406,296.2333,0
2065.321,317.8373,0
1980.735,368.6466,0
6008.886,251.9514,1
5589.952,171.876,1
2136.104,437.5587,0
5906.034,213.9065,1
5992.023,80.37476,1
2003.059,312.949,0
6210.843,224.4958,1
2022.939,318.1589,0
1952.002,356.8083,0
2017.355,292.4731,0
5843.482,271.3201,1
5985.135,296.9397,1
5882.883,176.6582,1
1940.29,353.2121,0
2108.215,387.1996,0
2016.474,312.5331,0
2063.32,332.5089,0
2027.053,324.2816,0
2060.294,228.4042,0
2145.511,327.8002,0
1927.91,362.2148,0
2031.026,304.751,0
5870.035,261.145,1
5754.3,212.47,1
2148.242,208.3633,0
1940.302,356.7169,0
2073.464,227.321,0
1979.762,334.4059,0
1960.616,314.5538,0
1930.987,339.8036,0
2047.187,296.6304,0
5815.67,230.6624,1
5720.992,234.8706,1
2068.958,379.9778,0
2028.525,340.7465,0
1967.473,305.6703,0
1982.406,359.2808,0
2166.975,311.7338,0
6210.749,206.262,1
6113.483,296.551,1
6065.267,175.5923,1
5815.693,205.1443,1
5728.417,209.386,1
5880.224,193.1672,1
2183.637,320.0681,0
5488.729,253.7148,1
5765.139,143.8506,1
2046.547,309.7443,0
5764.996,229.7556,1
2029.112,313.2335,0
5923.581,266.2288,1
5929.966,223.0178,1
6031.916,214.0513,1
5955.828,219.1406,1
2003.137,405.2575,0
5665.445,326.269,1
2014.267,338.0621,0
2120.95,305.6693,0
5733.065,311.5925,1
1969.613,319.9598,0
5522.245,231.8354,1
2083.224,322.1793,0
5775.526,250.2266,1
6366.772,259.6816,1
2024.15,303.2437,0
6185.404,41.85889,1
2076.815,299.755,0
5909.182,291.0205,1
5486.448,263.3979,1
1977.892,364.0645,0
5936.811,156.1985,1
6034.775,122.4832,1
1965.729,303.3055,0
5850.965,234.4792,1
2067.022,360.8591,0
1988.023,415.0537,0
1942.436,348.194,0
2018.116,285.5055,0
2060.003,317.0476,0
1915.331,355.8184,0
1988.694,298.2192,0
5890.711,211.9333,1
2103.868,297.7898,0
1928.14,302.9219,0
5810.182,264.2996,1
6035.689,226.4919,1
5716.073,243.6882,1
6189.298,251.1101,1
6450.316,265.4707,1
5776.854,264.6182,1
6167.36,166.7854,1
6010.65,137.4749,1
2146.082,377.0686,0
1878.203,379.5594,0
5824.199,224.0435,1
5202.443,212.1558,1
5833.789,250.3381,1
7023.876,293.0876,1
5638.127,284.6458,1
5803.478,261.0864,1
6032.021,285.5198,1
2024.99,372.8153,0
5880.901,179.5117,1
5737.406,102.8657,1
5907.923,349.6248,1
5735.503,203.8821,1
5938.212,201.6606,1
5381.835,177.5283,1
1919.67,342.8111,0
1939.218,256.0577,0
6085.267,205.3196,1
6062.004,152.2034,1
5936.974,220.5798,1
5830.421,239.1011,1
1919.286,392.3378,0
5776.097,200.9866,1
1927.798,367.0632,0
6262.866,101.5615,1
1984.486,324.9761,0
5803.134,208.1206,1
1985.926,318.7712,0
5807.208,216.8057,1
1993.913,302.0938,0
1915.139,309.8063,0
2270.836,352.8767,0
5246.867,261.7073,1
5989.311,121.2954,1
2017.886,332.7914,0
5845.463,259.6545,1
6000.662,192.0437,1
6732.511,252.2607,1
5917.037,150.2454,1
5916.501,222.9263,1
1937.599,377.3459,0
6328.475,227.71,1
4052.313,211.7806,0
1917.509,386.8558,0
1965.447,343.8274,0
2055.609,341.8031,0
6165.851,290.613,1
6047.694,174.0408,1
1970.72,281.6599,0
5904.814,171.3557,1
5583.927,121.9492,1
5765.057,241.562,1
5838.662,299.6343,1
1952.661,425.2274,0
5948.637,139.2747,1
2121.334,441.3706,0
5965.357,169.6489,1
1897.547,227.8156,0
5314.174,252.8433,1
5285.281,246.3445,1
2039.419,316.5706,0
5862.387,209.6606,1
6123.035,166.791,1
1989.503,397.1625,0
5849.017,226.8193,1
6064.641,142.7424,1
5954.629,155.7046,1
2018.274,314.8022,0
6300.348,165.668,1
5964.819,184.5747,1
1948.607,319.2818,0
2025.124,292.8674,0
6183.49,237.6204,1
6021.757,276.8347,1
5391.277,393.946,1
5931.576,213.2349,1
2100.377,258.406,0
5962.006,295.2461,1
5632.516,248.5725,1
1983.838,277.1594,0
5782.745,235.1895,1
5958.626,169.2734,1
2119.962,281.809,0
5300.358,229.9558,1
5086.196,315.0349,1
5858.384,316.3081,1
5924.188,182.5698,1
1991.703,359.315,0
5993.556,233.6687,1
6214.929,200.5811,1
2058.762,281.3843,0
2006.848,351.294,0
6067.902,268.1838,1
2001.668,365.788,0
5542.691,324.6519,1
6471.307,267.4124,1
5634.417,274.8911,1
6389.021,195.8186,1
1943.647,327.7581,0
6060.631,153.3035,1
5361.531,348.6543,1
5824.715,121.0547,1
1939.959,332.8721,0
6151.708,269.6965,1
5802.616,181.2649,1
6907.139,279.0293,1
2037.444,375.8967,0
5581.344,313.2729,1
5512.451,285.1216,1
5502.825,235.5906,1
2201.609,348.1671,0
6163.849,355.491,1
5943.224,140.4724,1
5798.965,222.3401,1
1958.478,377.2108,0
2176.654,225.0032,0
2044.108,287.1144,0
5797.209,212.7019,1
6041.497,159.1389,1
1950.072,329.2776,0
2069.948,301.8627,0
1976.857,307.3521,0
2028.459,309.608,0
2038.623,346.282,0
5869.98,134.8457,1
2182.657,381.8993,0
1941.76,343.7114,0
5939.683,232.9922,1
2082.76,307.0524,0
1976.643,350.3519,0
6095.268,319.0649,1
5880.968,171.8452,1
6235.154,229.5942,1
1963.152,342.3477,0
2008.814,371.8535,0
2019.039,333.1824,0
5513.06,183.2996,1
2016.758,358.0759,0
5963.815,236.6575,1
5882.56,196.3135,1
1997.835,281.5658,0
5967.233,187.1843,1
5817.3,257.5125,1
6169.853,80.4458,1
1990.577,367.2237,0
5852.312,161.1465,1
1906.822,341.2664,0
5925.274,220.9287,1
1917.374,343.3834,0
5781.036,277.6797,1
6002.11,317.6401,1
1999.81,310.8192,0
5900.557,220.9905,1
1993.343,424.8325,0
5986.701,249.4822,1
5962.77,182.2498,1
5247.584,272.5229,1
2053.573,350.2307,0
5857.22,142.0464,1
5970.105,244.5374,1
1993.695,350.4296,0
5287.816,308.0962,1
1942.938,276.9304,0
2021.172,246.4845,0
6231.287,244.9124,1
1991.852,369.451,0
6569.474,279.3682,1
5800.736,190.0308,1
6036.565,275.6731,1
1986.421,345.1726,0
5913.063,241.1445,1
5440.552,145.2427,1
1994.375,358.7371,0
6215.312,215.6375,1
2050.952,363.5699,0
5811.82,206.4211,1
5649.295,145.1406,1
6181.316,270.4087,1
5990.129,292.6672,1
1954.993,408.7587,0
1939.053,380.9235,0
6286.303,171.9282,1
6097.519,161.7961,1
6687.01,298.8911,1
6498.796,180.6992,1
1950.838,336.2902,0
5928.764,216.6221,1
5663.866,220.8965,1
1996.732,358.6924,0
1877.852,321.603,0
5987.511,243.241,1
2143.926,295.7797,0
6242.54,199.4299,1
2032.214,312.3898,0
5993.542,123.1953,1
5785.608,263.259,1
2001.412,368.3893,0
6755.443,188.2061,1
1969.873,301.8558,0
2210.615,343.7441,0
6066.361,133.0764,1
2114.011,444.8071,0
6032.283,274.4141,1
6452.252,209.8364,1
5881.209,174.6382,1
6087.494,229.2966,1
6052.564,250.8032,1
2118.883,324.0343,0
6087.545,113.9351,1
2048.674,407.3865,0
1907.094,378.3154,0
1910.477,326.3074,0
5945.139,145.5598,1
1963.641,386.6691,0
6495.79,125.4675,1
2069.719,334.3368,0
5916.666,173.3733,1
5775.359,156.5635,1
5849.473,314.1433,1
1960.068,284.9214,0
5946.073,203.6016,1
2105.5,335.8563,0
5594.771,254.0459,1
5903.167,207.9421,1
2028.009,341.6218,0
2016.462,275.7855,0
5737.842,288.7498,1
1945.523,319.7302,0
5874.237,210.6331,1
5829.823,103.5188,1
4925.651,190.1516,1
1984.518,303.3745,0
2195.394,194.8768,0
2047.179,342.5343,0
6245.868,175.4744,1
1923.51,315.1387,0
6127.9,190.0554,1
6205.926,186.1167,1
5941.254,272.3865,1
5719.625,224.042,1
1988.364,305.332,0
1927.195,412.3457,0
6089.833,181.502,1
2031.694,353.7273,0
1972.843,385.9302,0
1898.612,309.0093,0
5827.17,243.825,1
1983.888,257.8038,0
5732.546,220.5313,1
1993.705,295.2788,0
5899.356,231.7686,1
1958.554,299.3345,0
1956.415,345.6624,0
1998.336,337.6844,0
5931.432,220.021,1
2054.05,319.4224,0
2027.516,293.0212,0
2008.216,294.0323,0
5999.879,226.6221,1
1897.245,351.832,0
5921.755,178.197,1
5874.153,202.0269,1
6313.066,242.8523,1
2138.235,323.7296,0
2065.146,260.5282,0
1974.13,390.9495,0
1989.642,341.1321,0
5868.872,165.1704,1
5869.364,206.3025,1
5884.446,199.0815,1
1979.39,297.1699,0
5885.132,178.0232,1
2087.843,307.7368,0
6096.259,207.3311,1
1880.374,329.8518,0
1977.764,389.0402,0
2123.083,299.7432,0
1990.456,295.592,0
6155.563,125.9102,1
2202.547,344.6019,0
5905.208,200.2949,1
1933.034,344.5226,0
5836.837,255.301,1
2024.33,310.5376,0
1917.71,371.8766,0
2002.336,355.0079,0
6322.167,171.3757,1
5911.322,123.2014,1
5715.458,257.3074,1
6309.013,220.0173,1
2022.163,347.2561,0
2045.089,336.728,0
2048.189,284.2427,0
5886.112,176.0771,1
5857.431,209.832,1
6006.69,203.7546,1
1891.73,365.9939,0
6046.134,209.7119,1
1915.32,418.4949,0
6032.063,256.0327,1
6942.246,104.76,1
5977.933,120.9873,1
2051.601,359.5206,0
5952.856,232.5454,1
1994.936,341.951,0
5776.713,291.0864,1
1940.143,389.9575,0
1946.875,387.7765,0
1776.891,375.2596,0
2083.24,258.6761,0
6727.748,332.8796,1
1953.199,359.2677,0
2007.969,313.3723,0
6188.165,276.7349,1
5357.958,283.6597,1
5969.162,94.4707,1
1877.253,303.9401,0
5847.828,274.5618,1
5643.832,178.4915,1
2041.281,309.1705,0
2013.288,437.7609,0
2055.606,342.3848,0
1878.715,396.699,0
5667.273,230.6611,1
6024.911,163.3838,1
1933.34,336.8939,0
2062.34,397.9965,0
5864.401,123.4854,1
5530.714,296.6851,1
6046.363,322.1021,1
5827.795,213.9929,1
5506.493,266.1108,1
1909.599,351.2671,0
6152.361,139.6904,1
1940.458,336.1987,0
5942.542,269.4075,1
5914.999,145.7336,1
5912.839,216.1624,1
2183.181,348.8016,0
5841.814,310.0601,1
2140.883,270.8785,0
5837.597,170.95,1
6028.141,172.978,1
6364.072,208.8513,1
1976.944,339.4171,0
1976.363,407.3358,0
5932.933,240.2283,1
1935.454,283.3175,0
5740.983,185.8752,1
3290.515,300.0741,0
2004.695,325.3544,0
5809.414,127.2375,1
2006.336,313.2607,0
1967.923,368.1517,0
2125.698,324.0643,0
1920.932,308.3869,0
6023.376,184.894,1
6123.272,172.8708,1
5740.101,211.4771,1
6221.261,251.3303,1
5791.152,237.6643,1
5946.853,262.7056,1
2049.699,324.1991,0
2091.756,313.9495,0
5929.008,357.9338,1
2009.696,329.454,0
5920.875,196.7637,1
6001.31,196.0645,1
5574.857,212.323,1
5709.222,241.8706,1
5934.865,273.168,1
6218.404,253.3103,1
2083.436,335.1353,0
1900.6,342.2318,0
1943.577,293.2228,0
1986.793,321.4899,0
1949.487,339.4482,0
5824.81,165.0273,1
5397.633,306.5352,1
1959.741,369.9763,0
5774.694,180.9443,1
5892.973,245.1069,1
5966.881,217.7178,1
5969.221,228.7488,1
1971.219,289.7761,0
1903.585,308.4131,0
5779.498,188.3594,1
6021.229,97.94873,1
6062.579,130.8503,1
2033.217,315.0439,0
6172.304,245.6548,1
5913.704,177.8115,1
1891.079,342.5367,0
2001.011,314.348,0
5319.953,246.2058,1
5879.699,169.9968,1
5965.704,141.7505,1
6030.645,135.6287,1
5760.412,228.9194,1
6184.985,146.9067,1
2090.415,342.0869,0
6149.905,204.6365,1
2090.485,316.5551,0
6424.132,185.2441,1
1943.39,336.2156,0
1976.443,362.6741,0
2082.889,362.491,0
2070.103,344.8307,0
1957.811,282.0697,0
1967.731,285.6793,0
2145.866,286.662,0
6058.5,205.7139,1
2028.124,344.0256,0
5687.317,338.4753,1
6202.953,260.7021,1
2034.836,289.2611,0
5743.284,244.4922,1
5674.263,280.9133,1
1994.162,376.5684,0
5821.329,232.3022,1
5964.03,209.8584,1
2011.057,343.541,0
6010.723,214.7341,1
5875.384,188.9524,1
2015.322,396.1794,0
5646.233,217.8557,1
5702.352,236.7544,1
6064.491,238.334,1
6155.649,234.2466,1
5836.769,296.9121,1
2013.395,324.2856,0
5554.292,143.543,1
1993.612,329.9449,0
2021.207,334.5264,0
5832.31,207.7278,1
2018.6,347.8975,0
6332.414,155.3022,1
2003.412,332.4048,0
5726.304,218.5317,1
5907.393,204.1636,1
6243.073,193.8586,1
5864.896,196.9519,1
6412.846,274.7715,1
2019.403,342.6536,0
5543.422,259.7075,1
2030.584,369.2659,0
5947.264,193.8843,1
5838.209,211.3413,1
2062.188,311.1404,0
5905.773,287.4006,1
1932.874,375.8538,0
1999.663,301.937,0
5971.823,186.0012,1
5944.279,190.219,1
5305.746,257.6956,1
1958.823,332.4718,0
5982.03,174.8127,1
1920.715,301.8527,0
2141.465,295.1809,0
2191.485,363.7125,0
6273.589,265.3689,1
6128.925,166.9824,1
2136.979,323.0951,0
2027.881,298.2897,0
6038.758,173.8569,1
2023.625,328.7831,0
6111.711,82.21582,1
2059.615,347.3821,0
5795.911,276.1189,1
6127.393,241.4392,1
2064.395,273.1691,0
5616.655,241.8071,1
2016.11,270.9697,0
5483.834,309.929,1
5986.272,132.6643,1
2037.718,374.1364,0
5659.307,303.4409,1
5932.122,226.9495,1
5315.782,279.6704,1
1896.155,342.5472,0
1928.08,328.5082,0
5902.194,276.8301,1
5833.693,216.5076,1
2042.17,316.7671,0
5731.55,123.5452,1
5951.833,191.0017,1
6243.205,70.07861,1
2067.009,311.9752,0
6149.59,251.0051,1
5805.614,236.8062,1
6291.105,184.1169,1
2033.336,357.7042,0
2058.442,373.61,0
5719.556,180.4836,1
6054.583,205.2039,1
6413.461,147.2009,1
6656.886,229.2974,1
5946.169,154.543,1
5946.274,215.208,1
1957.993,351.2161,0
6120.813,138.0234,1
6104.225,195.5051,1
5652.844,190.9155,1
5902.313,92.9209,1
6397.723,229.1074,1
2097.217,339.8099,0
5856.165,113.5315,1
2083.843,347.764,0
1915.4,304.2279,0
6493.689,215.4492,1
1902.612,337.3982,0
5954.983,202.6506,1
6420.215,135.8611,1
5650.909,205.7083,1
2153.109,267.0204,0
1900.993,319.7169,0
1979.742,337.9411,0
2136.11,319.3943,0
5968.215,123.813,1
5762.901,142.2056,1
5850.303,165.5381,1
1975.373,365.2452,0
5827.67,183.4673,1
1928.708,277.288,0
1979.034,319.0245,0
5989.817,189.2612,1
2114.363,344.3582,0
2133.259,298.9619,0
6084.668,215.9729,1
1959.779,376.1613,0
1952.786,401.0115,0
2025.034,331.993,0
2044.126,358.4431,0
2030.159,285.7548,0
5902.138,270.0903,1
6031.703,173.8181,1
1980.996,309.3986,0
2077.397,315.3301,0
2009.296,356.285,0
5906.134,205.3428,1
1911.333,291.8163,0
6153.578,301.8152,1
6280.611,202.3767,1
5721.204,190.1216,1
1921.773,327.3044,0
2245.802,277.9353,0
5495.529,260.7629,1
5903.245,139.4536,1
5847.593,224.1614,1
5609.101,238.374,1
1980.232,265.7903,0
5829.843,395.5767,1
5774.99,236.7395,1
5945.014,210.6196,1
5840.333,188.2295,1
2021.632,341.1923,0
6077.017,164.6462,1
1903.291,378.4214,0
6035.77,176.2212,1
5924.222,238.7742,1
5812.621,217.7717,1
1997.951,286.0709,0
6042.96,248.1494,1
1938.198,308.9627,0
5563.542,291.0845,1
6117.994,220.1621,1
5970.905,271.5801,1
5849.597,66.02686,1
1928.433,393.7636,0
5965.859,256.3789,1
2112.072,322.6985,0
1955.045,374.0847,0
5915.014,205.4302,1
2071.303,7151.0,
6291.059,296.6873,1
5912.847,301.6282,1
2012.101,270.6884,0
5915.633,172.6492,1
1982.907,320.7397,0
5924.653,353.7144,1
2181.557,311.0421,0
6285.079,178.9351,1
5951.497,130.5754,1
5705.683,285.8899,1
5860.341,183.0398,1
6040.306,148.9038,1
6136.091,179.0073,1
5839.172,137.2834,1
1916.717,384.967,0
1969.372,269.1667,0
2013.456,380.4846,0
6265.015,220.9114,1
5893.423,228.6985,1
1936.091,301.9909,0
6223.297,287.8794,1
5824.07,251.8232,1
5933.472,236.5496,1
6146.422,104.5391,1
5655.128,270.2815,1
6069.136,194.2642,1
5992.261,297.4065,1
6368.086,312.4451,1
1986.813,302.655,0
6842.13,301.7568,1
2019.973,342.2412,0
2212.409,246.1849,0
5045.567,246.8618,1
1927.621,360.7943,0
1962.364,358.4482,0
6720.942,323.9602,1
6134.506,270.6604,1
1995.016,370.5027,0
2044.574,294.8291,0
2084.815,279.5782,0
2007.624,258.4458,0
6183.909,187.5046,1
1933.847,299.0323,0
6416.567,314.4902,1
1949.993,321.0529,0
2034.541,316.7085,0
1870.884,429.9526,0
5731.665,222.7083,1
1956.897,342.2537,0
5896.948,263.5364,1
6186.643,135.9019,1
2070.004,338.9366,0
6408.171,115.4622,1
1944.426,309.6672,0
6405.501,174.1238,1
2093.576,364.8729,0
5920.225,242.2195,1
6049.752,170.8784,1
1954.22,360.5595,0
5973.716,178.3723,1
6099.097,213.9814,1
1993.068,311.2316,0
6012.125,195.9333,1
2035.857,286.0583,0
6213.38,190.1807,1
5982.285,279.2048,1
5979.483,102.5037,1
1958.149,359.5999,0
5935.065,147.4856,1
1980.307,328.8062,0
2034.629,403.386,0
5665.42,211.1978,1
5979.768,82.3894,1
2144.438,238.9534,0
2037.804,257.8684,0
5809.828,159.5601,1
1990.535,302.8496,0
6571.836,309.4658,1
5738.238,209.2981,1
2024.5,308.5494,0
1956.744,273.3036,0
5901.607,218.0479,1
1924.551,286.8494,0
6287.317,259.6624,1
6039.684,228.0105,1
6088.51,170.0547,1
1979.541,336.2567,0
1977.883,310.5307,0
5944.255,231.186,1
6304.819,177.3484,1
5914.708,249.5081,1
1991.372,342.7254,0
5641.589,201.7261,1
1975.855,332.2112,0
6432.556,352.4153,1
2074.363,347.6361,0
5920.561,166.6826,1
2071.615,310.8519,0
1999.687,348.9892,0
5975.274,177.9312,1
5895.951,164.1489,1
6006.155,244.7173,1
1953.042,332.459,0
1927.274,401.5413,0
5980.253,189.5818,1
1936.158,281.1633,0
2005.563,346.9224,0
5619.363,221.4736,1
5901.199,56.80322,1
6077.502,159.769,1
5931.437,241.1787,1
2075.814,274.8407,0
5948.696,299.6917,1
6055.204,172.9121,1
1961.055,388.2296,0
5813.742,173.052,1
6143.676,228.6006,1
5757.666,132.2908,1
2051.069,346.7627,0
2156.466,210.0902,0
5907.815,184.9802,1
5925.103,126.9421,1
5925.436,110.4504,1
2060.16,313.8956,0
1848.294,385.5602,0
1980.729,275.1519,0
1910.921,375.3552,0
6182.24,222.9941,1
6024.745,230.2424,1
6137.366,103.4773,1
2162.355,260.1306,0
5910.321,205.2026,1
5914.598,236.939,1
1985.05,269.8852,0
1957.439,341.5116,0
5902.001,148.324,1
1951.605,331.0871,0
1985.871,333.2799,0
5951.304,267.4233,1
1919.203,394.7753,0
2026.766,330.8536,0
5889.31,329.3047,1
2011.516,373.4493,0
1988.757,407.7578,0
6069.241,109.1189,1
6322.29,409.1431,1
5986.671,223.7246,1
1995.354,320.0664,0
6034.913,186.5691,1
1802.52,325.0139,0
1912.014,320.9745,0
5630.758,196.3923,1
5301.794,198.5911,1
1950.044,256.0715,0
5917.771,243.2896,1
5910.1,219.8489,1
5494.044,148.8401,1
5951.632,219.9448,1
1978.157,319.2651,0
2026.028,304.7533,0
5949.424,116.9167,1
6073.436,171.8379,1
5802.94,206.6707,1
5848.456,215.7476,1
5666.022,232.7961,1
5672.414,311.9026,1
2101.554,319.3755,0
2098.809,301.8204,0
1918.924,360.2989,0
6060.265,265.2466,1
2075.348,282.4552,0
1907.547,378.3697,0
5840.602,218.8672,1
2129.557,322.5305,0
6147.925,223.5793,1
5896.809,177.8093,1
5772.626,159.2119,1
2026.072,313.9574,0
5284.228,248.271,1
2017.019,319.2203,0
5579.292,278.8738,1
1963.718,335.9482,0
5661.627,166.4534,1
2049.338,311.6549,0
2111.75,280.4703,0
1940.92,342.0084,0
1804.257,360.4799,0
5786.038,113.2969,1
1882.951,334.4194,0
5922.618,215.0825,1
1981.556,374.4288,0
1894.906,324.5413,0
5894.792,182.3435,1
5896.668,161.0222,1
5068.303,264.7813,1
5962.961,189.5254,1
6182.764,312.865,1
2048.315,295.5452,0
6044.801,332.9509,1
1970.003,385.2833,0
6093.536,200.0928,1
2002.441,394.4066,0
5951.78,219.4602,1
5638.15,191.1108,1
6371.342,273.6177,1
2015.968,369.0277,0
5977.48,275.9663,1
5996.319,260.543,1
5927.308,164.0747,1
1965.531,318.6709,0
5963.207,379.2563,1
5826.232,301.5798,1
2054.22,279.5189,0
2072.667,306.6423,0
2126.912,302.4431,0
6108.151,140.2124,1
1990.803,309.0482,0
1987.023,294.5812,0
2111.6,295.327,0
1961.505,355.867,0
2065.775,298.1649,0
1942.661,416.6362,0
2040.32,334.8052,0
1921.013,308.8672,0
5597.99,237.4099,1
1955.995,329.1694,0
5931.914,287.2188,1
2022.486,329.4271,0
1962.964,270.2358,0
5786.899,243.7358,1
6025.432,194.2271,1
5700.869,105.3398,1
6443.261,216.1343,1
6368.491,209.5242,1
5930.771,290.2783,1
5881.146,160.2703,1
2119.182,318.552,0
1984.853,313.9944,0
2046.942,292.9227,0
1992.406,322.6749,0
5895.933,267.5593,1
2053.326,281.9744,0
6260.853,241.9907,1
2015.639,376.0957,0
6078.256,148.4678,1
6150.2,232.1953,1
3896.504,187.0344,0
5735.501,368.834,1
5854.91,330.4541,1
5475.617,133.4023,1
1979.61,371.5794,0
5956.219,213.9375,1
5705.189,271.0718,1
1933.793,344.569,0
5915.309,126.6343,1
6035.496,128.3118,1
1995.169,276.5764,0
2048.062,282.8369,0
5956.457,236.7529,1
1975.204,327.2986,0
6144.434,366.7805,1
5956.589,209.926,1
1961.898,454.37,0
5443.687,259.1931,1
5314.848,240.0525,1
5992.348,270.9463,1
2062.601,328.9443,0
6394.128,256.8879,1
1927.949,373.3004,0
6058.483,186.3022,1
1939.233,332.8238,0
6084.502,155.7205,1
2073.337,240.2856,0
5853.852,260.4707,1
5755.57,221.7698,1
1945.735,377.8441,0
6917.4,293.0437,1
5493.723,185.5571,1
1956.816,278.7104,0
5948.601,242.79,1
6082.987,211.9946,1
5959.616,182.824,1
2069.852,366.7023,0
1904.605,374.9496,0
2128.431,257.4048,0
5498.596,260.1992,1
2148.964,320.9839,0
2014.537,286.2341,0
6592.602,321.968,1
5387.546,151.2639,1
1951.893,379.9338,0
6091.459,210.7856,1
2011.004,286.4425,0
6080.565,161.9167,1
4954.07,189.3027,1
5887.458,291.2976,1
5834.777,264.4678,1
1968.64,385.7101,0
1928.877,331.7845,0
1950.574,401.0974,0
2008.392,315.0891,0
1899.4,358.3796,0
6212.964,228.7107,1
5834.697,291.0103,1
1978.7,362.7573,0
2005.568,381.4111,0
2030.514,338.8517,0
5796.425,294.3125,1
2012.251,332.3262,0
2108.052,338.5764,0
5852.751,229.877,1
5990.879,174.7065,1
1954.975,294.1478,0
5923.41,226.2188,1
1986.841,348.1563,0
5805.235,287.7058,1
2088.173,255.0938,0
6177.274,208.1418,1
5887.078,244.2043,1
2192.547,267.3342,0
1983.458,371.8223,0
6288.653,177.573,1
6363.413,377.7747,1
1924.375,362.8153,0
5512.259,308.7266,1
6364.027,140.0208,1
1987.345,334.3219,0
1919.635,317.0776,0
5583.089,209.2866,1
1972.333,282.3099,0
5901.858,162.2878,1
2073.913,336.8639,0
6335.387,240.9375,1
2006.823,297.0387,0
5807.265,125.1855,1
5916.008,334.9775,1
2051.428,316.2603,0
2091.098,297.8417,0
6171.692,174.0627,1
1936.661,358.3052,0
5881.681,256.6121,1
5947.355,210.1892,1
5900.67,184.3535,1
6053.266,128.9111,1
2123.407,259.0524,0
2053.761,381.0731,0
6426.554,198.1113,1
2092.943,282.6161,0
1999.832,353.0187,0
6199.275,184.7542,1
5612.313,130.2234,1
2170.317,335.085,0
5952.446,221.2249,1
2022.396,319.2402,0
1981.938,415.8245,0
5882.912,189.0603,1
5813.135,150.1555,1
6148.118,3704.1,
6231.569,104.2197,1
2054.192,292.4799,0
6015.563,180.5437,1
5244.556,249.2651,1
2000.931,349.0046,0
6045.39,125.5864,1
5985.011,171.3025,1
1979.99,358.3883,0
5922.712,191.1895,1
5809.387,188.0579,1
6076.415,189.8684,1
1881.856,324.3314,0
1973.537,322.8605,0
6053.889,166.4333,1
5368.09,238.9529,1
5838.632,240.8354,1
5964.327,238.811,1
5618.357,296.0972,1
1975.005,319.243,0
2037.185,399.1484,0
1990.849,350.6186,0
6137.781,274.1919,1
5891.704,264.0369,1
1965.302,351.8262,0
5989.231,218.9807,1
1920.238,302.5271,0
5762.817,223.3157,1
5858.195,251.8679,1
5833.692,265.9006,1
1968.011,339.2675,0
5738.309,365.4233,1
2006.611,334.2922,0
1895.003,371.6871,0
5756.069,145.5271,1
1986.859,351.496,0
2004.066,376.0451,0
2013.414,335.7819,0
5820.028,279.5618,1
6994.059,265.2439,1
2209.426,276.4373,0
2040.929,356.5933,0
5704.172,225.9993,1
2141.081,313.1191,0
5973.881,224.251,1
6583.733,403.5676,1
5837.795,110.5439,1
2034.705,300.0016,0
6034.969,176.0139,1
6421.955,218.2837,1
6291.577,165.366,1
1941.986,288.3505,0
5957.512,141.3618,1
5906.876,199.2161,1
5926.907,183.1782,1
5725.173,259.9319,1
6274.659,165.8469,1
2055.264,326.9299,0
1951.081,328.8563,0
1996.318,340.2914,0
6116.521,213.6941,1
5888.703,84.55249,1
5869.503,259.6902,1
2044.804,272.3616,0
5921.231,320.6641,1
2058.798,353.084,0
1883.974,375.4154,0
1915.066,432.0493,0
5370.618,367.6406,1
5731.655,266.3254,1
1926.214,361.4589,0
1977.155,336.1597,0
1951.623,308.8812,0
2045.255,276.2456,0
5976.527,217.6047,1
6272.369,93.03003,1
6049.265,243.2749,1
1953.39,315.3055,0
1913.66,341.3902,0
5944.164,204.533,1
6431.198,312.1184,1
2046.819,379.7452,0
2215.364,323.86,0
6145.58,312.0615,1
5728.184,306.1777,1
5798.101,331.3997,1
1964.217,314.0515,0
1998.305,324.7466,0
2054.021,281.6675,0
6156.297,153.7297,1
5518.642,239.0349,1
2110.872,343.8472,0
6227.832,181.655,1
1933.468,340.0723,0
6011.381,259.2527,1
5743.389,116.8979,1
5997.915,203.5159,1
1924.456,314.8083,0
5953.199,158.2795,1
5799.014,162.3679,1
6137.79,216.4736,1
2220.894,374.7601,0
2020.805,256.8162,0
1903.631,342.068,0
5952.37,135.1521,1
5929.643,194.6733,1
1925.255,373.426,0
5920.659,176.4102,1
6147.424,283.3616,1
2070.691,322.5862,0
7684.884,254.2192,1
2026.961,337.9781,0
6144.456,327.9294,1
2001.834,356.7965,0
1937.046,305.946,0
5310.473,280.5359,1
1938.73,307.5555,0
1988.64,395.2762,0
1985.863,351.8731,0
6051.058,251.293,1
2018.284,295.4659,0
2039.463,388.7888,0
5474.76,181.4253,1
5998.597,294.9861,1
6092.891,167.5625,1
5691.206,246.1785,1
5963.61,67.58813,1
6020.14,236.7617,1
5381.625,255.6602,1
6069.105,342.8972,1
2172.897,311.459,0
2016.223,376.5044,0
6205.607,176.6709,1
6113.026,203.4094,1
2042.507,293.634,0
2001.321,309.1721,0
5810.114,195.6807,1
1912.175,398.9594,0
6146.429,287.5952,1
5810.306,270.0601,1
1860.511,412.0223,0
6082.544,266.5437,1
1946.932,356.576,0
5886.702,94.34888,1
5439.373,201.8865,1
1858.796,384.9496,0
1959.597,237.2748,0
1893.019,325.0134,0
5956.82,251.2856,1
2018.728,342.2027,0
6086.741,238.4026,1
5861.299,189.5212,1
5655.341,339.8445,1
5823.574,260.9153,1
6145.084,277.7883,1
6353.28,188.3894,1
1877.246,399.3123,0
6038.783,165.6631,1
6607.679,133.8667,1
5982.605,206.3892,1
5830.796,165.4861,1
1924.366,329.5912,0
5885.49,235.708,1
5746.938,86.36597,1
5863.822,219.833,1
5999.172,309.8352,1
1981.299,320.4668,0
5825.138,169.49,1
1971.279,289.0988,0
1991.259,356.914,0
5693.883,280.9766,1
1964.927,321.1951,0
1945.449,398.7496,0
5512.374,177.7148,1
5867.777,250.0588,1
6470.539,205.175,1
6071.055,298.3484,1
6065.89,227.3608,1
6011.683,139.9622,1
5900.621,190.5037,1
5436.159,294.3359,1
2021.65,302.3967,0
2000.475,341.8673,0
2018.949,314.2679,0
5904.551,215.4478,1
6728.671,235.0654,1
2086.689,297.7406,0
1987.501,322.1389,0
1940.12,440.6486,0
6203.056,157.946,1
5543.551,203.1772,1
1994.557,235.9257,0
2036.434,391.0409,0
2049.119,363.0348,0
1993.542,340.314,0
6381.209,172.0103,1
5903.306,211.875,1
2004.583,322.5771,0
5767.908,256.4819,1
5969.056,161.3694,1
2013.475,338.3283,0
5936.817,256.6152,1
5256.192,281.3875,1
5875.547,147.0232,1
5865.112,173.3997,1
2033.972,285.3325,0
1930.692,407.9701,0
2000.148,366.8661,0
1978.341,309.21,0
2009.938,334.7995,0
5766.535,193.7615,1
5774.536,216.0686,1
2083.128,305.2484,0
6836.448,115.3354,1
1989.913,362.092,0
6076.631,207.7109,1
2008.279,278.637,0
5921.531,220.3315,1
2036.428,323.5856,0
6140.154,184.825,1
5684.252,284.4126,1
2121.43,320.9171,0
5396.521,238.5591,1
6002.332,261.2737,1
2060.198,351.2189,0
5666.33,267.7769,1
2129.39,349.5476,0
2093.418,305.3971,0
6146.622,138.1624,1
2021.109,304.6596,0
2030.436,288.1107,0
1921.933,401.1901,0
5859.56,298.8938,1
2015.552,307.0034,0
6089.154,186.7778,1
5801.348,201.958,1
2071.203,333.6157,0
1944.724,346.0632,0
1982.898,299.9019,0
2048.698,347.8959,0
5895.195,211.5559,1
5815.491,292.1724,1
1893.06,334.4344,0
2019.31,365.0626,0
5945.175,206.2744,1
6164.97,312.5889,1
1919.529,347.8472,0
5884.421,209.6431,1
5825.848,273.2078,1
2016.059,335.6599,0
1957.303,375.8981,0
5954.087,210.978,1
5359.538,321.8738,1
6018.43,278.4102,1
1900.441,326.6676,0
1939.855,366.907,0
2076.456,262.7766,0
2031.844,219.2537,0
6099.731,141.7263,1
2030.309,308.7062,0
6179.195,232.5688,1
1990.552,315.6968,0
6226.602,171.562,1
1897.369,343.4363,0
5885.617,178.0061,1
2042.322,296.2515,0
2045.285,314.8912,0
5800.151,179.8506,1
1942.162,391.2806,0
1978.928,375.8942,0
6114.208,232.3506,1
6171.442,115.2361,1
5909.836,238.6421,1
5985.854,168.1333,1
5695.732,210.019,1
5393.915,141.3987,1
1969.808,346.563,0
6078.103,194.5737,1
5052.011,313.2402,1
2074.647,381.2898,0
1945.39,317.7219,0
2050.228,286.6934,0
6544.176,202.4053,1
1887.054,335.0092,0
6142.334,136.6716,1
2073.298,332.6261,0
5877.663,196.7427,1
1997.123,277.8085,0
1935.873,410.1624,0
5757.023,229.0535,1
6086.59,191.8901,1
6378.139,245.3398,1
5992.749,164.2493,1
5819.172,256.2417,1
5947.242,137.6787,1
1904.971,279.1174,0
2079.111,295.933,0
5662.974,312.0378,1
2032.492,382.343,0
6070.037,227.1101,1
2051.856,376.1888,0
6143.734,226.5105,1
1974.162,388.1053,0
2050.547,340.9553,0
2056.625,391.604,0
2041.136,355.6014,0
6256.189,177.8733,1
6138.008,306.5134,1
1973.486,332.3292,0
5576.068,247.3923,1
5834.566,218.6614,1
6122.923,271.78,1
2075.843,261.6553,0
1937.03,333.4722,0
5191.383,279.2119,1
5600.042,319.6829,1
2029.609,303.8601,0
1897.83,298.0599,0
6031.434,307.6233,1
2060.485,323.1044,0
1973.874,305.981,0
5985.625,235.3452,1
2024.104,289.0446,0
6192.119,166.8894,1
5752.885,110.4001,1
2007.986,335.1835,0
2072.37,334.901,0
5793.188,281.9302,1
5881.811,241.8362,1
6352.974,153.0007,1
2067.236,312.752,0
5887.727,270.4758,1
1934.946,339.7284,0
2032.172,327.0804,0
6139.734,148.5325,1
2042.422,317.6792,0
2032.389,350.0013,0
5835.102,153.6609,1
5906.642,159.9189,1
5625.841,229.1445,1
5800.694,212.668,1
2046.235,342.3501,0
4656.179,212.7378,1
1938.729,314.653,0
2019.893,351.7572,0
5926.995,287.8005,1
2014.308,326.5564,0
1936.417,337.7438,0
5886.396,258.4675,1
6230.169,201.0183,1
6512.715,262.3035,1
5882.571,223.3918,1
6140.509,26.07666,1
5317.524,282.4304,1
5935.098,247.0391,1
1950.269,279.0908,0
2024.111,399.8823,0
2097.572,328.809,0
1997.093,334.341,0
5739.125,317.5901,1
5913.833,208.2129,1
5963.042,96.55688,1
5815.596,286.2085,1
6049.608,140.0398,1
4419.137,279.1143,1
1937.744,331.5503,0
5332.228,255.6841,1
1993.944,281.944,0
1963.764,391.0574,0
2058.593,373.3622,0
5982.746,253.9685,1
5920.819,214.906,1
5866.518,324.3552,1
5799.667,311.5964,1
5335.984,319.5811,1
1925.759,328.1572,0
5796.944,259.6968,1
6047.191,184.4277,1
5887.211,206.5649,1
5990.307,260.2048,1
5270.392,204.49,1
6752.868,308.6682,1
2035.556,301.9166,0
2014.689,345.372,0
5891.359,229.4927,1
6018.143,292.8259,1
6103.204,186.679,1
5992.396,212.6189,1
2120.723,359.746,0
2014.038,260.338,0
6461.301,289.9167,1
5843.309,175.3801,1
2088.414,289.6721,0
2026.302,332.4753,0
5270.397,164.061,1
5546.195,177.1416,1
2006.394,337.5685,0
6021.836,319.2981,1
5578.631,280.854,1
6234.861,193.4143,1
2029.022,340.816,0
5352.747,293.8103,1
1842.191,382.0715,0
5523.039,239.5635,1
5804.104,294.4675,1
5798.259,233.0701,1
5883.777,221.248,1
5932.339,289.3464,1
5673.719,283.6536,1
1991.353,293.3028,0
1931.239,369.5151,0
5987.229,233.8018,1
5897.637,251.0188,1
1944.486,358.2605,0
5806.727,244.7329,1
1986.775,352.812,0
2327.889,370.6124,0
1987.828,305.4006,0
6003.903,153.5549,1
5973.58,105.9478,1
1945.229,352.9952,0
5086.704,372.9041,1
6013.369,229.7227,1
1990.281,299.9612,0
6064.502,119.9297,1
5510.383,167.1611,1
2059.776,378.043,0
2102.35,303.3148,0
2019.532,337.11,0
5959.372,202.4666,1
1967.771,339.8498,0
2003.57,292.1708,0
5864.664,214.0764,1
5836.111,289.0867,1
2016.043,283.1993,0
6109.401,297.5544,1
6253.463,188.5779,1
1965.991,369.9875,0
5914.131,241.3647,1
1930.659,280.8455,0
1955.506,396.6068,0
5939.889,143.3176,1
6212.776,190.4858,1
1913.272,367.7625,0
5819.871,216.9644,1
2087.353,311.9152,0
6077.805,136.3005,1
5892.499,230.373,1
5792.572,150.5208,1
1970.004,339.5592,0
1942.823,374.531,0
5972.991,211.9534,1
1941.217,313.1407,0
2143.815,276.6382,0
2000.26,291.8884,0
5687.335,320.2734,1
6531.606,234.1563,1
6236.907,345.1594,1
2083.377,322.0765,0
1915.202,359.8392,0
2057.018,295.7522,0
6163.911,126.7451,1
6125.811,209.543,1
5749.14,225.3054,1
5954.569,203.6289,1
2009.166,330.372,0
2042.649,310.4869,0
5587.531,160.1838,1
6032.676,232.4595,1
2025.294,274.3234,0
6103.117,277.5542,1
6191.275,267.6782,1
5854.354,198.458,1
2036.826,292.0175,0
2036.183,344.4833,0
5859.56,294.7664,1
5828.11,230.4092,1
1958.702,391.5169,0
2033.814,279.84,0
1877.433,393.5771,0
2050.494,383.949,0
2050.567,315.3838,0
1892.079,427.1656,0
1884.188,357.033,0
1944.914,377.786,0
2001.811,334.7292,0
2028.454,372.103,0
2025.156,305.0963,0
6080.7,129.4153,1
2060.644,401.9099,0
6314.571,279.7529,1
5361.917,272.6956,1
1982.972,275.8781,0
5935.409,241.7351,1
6311.369,185.979,1
1986.432,348.4995,0
2111.543,308.5353,0
6407.412,233.9033,1
5892.59,214.0234,1
6100.241,144.0498,1
2059.58,342.9897,0
2000.058,239.3255,0
2074.738,297.9907,0
5893.291,219.6797,1
1960.169,313.4708,0
5968.232,196.866,1
2009.108,385.9317,0
1925.686,322.8645,0
6171.67,137.5776,1
2101.416,308.4261,0
1955.63,391.6155,0
6269.592,177.0759,1
5709.85,187.5955,1
2043.647,299.8538,0
5301.204,211.5723,1
5694.484,288.6426,1
5963.974,228.4944,1
6083.716,184.9063,1
5838.299,267.4172,1
2032.784,309.8188,0
6493.74,252.2148,1
1990.546,278.876,0
6071.36,263.2891,1
2071.054,325.8579,0
5793.194,209.6436,1
2167.288,413.8328,0
2012.617,375.6913,0
6054.24,209.8916,1
6160.76,237.7612,1
6205.718,159.3062,1
6025.579,211.928,1
5945.485,256.1423,1
1890.397,393.1456,0
5924.667,242.0271,1
2025.536,357.566,0
6355.264,201.2632,1
5826.64,236.2383,1
5828.853,174.7078,1
1949.685,373.3768,0
2016.674,334.8815,0
5671.562,239.9407,1
1982.624,364.0477,0
1987.175,300.9495,0
2039.529,315.29,0
6031.166,189.4546,1
2013.601,316.7698,0
2005.974,343.8268,0
5950.262,196.2458,1
6556.822,218.3293,1
5903.926,305.7495,1
6192.389,175.8408,1
1980.799,405.9568,0
5347.345,262.5752,1
5801.923,234.3091,1
5914.392,235.4084,1
6127.453,250.6689,1
6565.073,332.4438,1
1895.205,423.7997,0
5994.146,209.6438,1
2004.788,266.8321,0
1942.14,370.6972,0
1980.775,296.099,0
6184.481,202.0095,1
1908.557,337.9318,0
2004.199,350.8019,0
2025.663,321.3859,0
5931.234,260.0542,1
6276.696,141.0017,1
1921.726,377.9435,0
1998.389,264.8776,0
6254.505,150.3557,1
5966.242,153.1946,1
2056.661,328.2111,0
2064.353,420.1704,0
6560.783,178.73,1
5730.895,300.5588,1
2024.148,334.8462,0
6077.868,259.5359,1
1829.274,323.7283,0
1959.651,363.9012,0
5367.874,229.5068,1
2004.46,323.1441,0
1852.865,382.1002,0
5439.05,279.8945,1
2079.344,287.8553,0
6303.274,237.8955,1
6421.963,229.0066,1
5653.876,227.9497,1
1981.533,298.7932,0
1943.357,263.0931,0
5849.804,213.0435,1
6104.55,57.05103,1
5983.565,189.8369,1
5685.452,235.5503,1
6188.224,258.1006,1
6418.722,172.2063,1
6067.615,181.9121,1
5415.677,228.6956,1
1875.081,341.5839,0
2100.524,330.4958,0
5864.306,221.0698,1
1881.638,368.2392,0
5783.658,207.1892,1
6238.366,235.0049,1
1978.856,329.9276,0
5811.354,322.2554,1
2186.939,232.318,0
2021.149,360.817,0
2155.82,369.2373,0
1997.337,339.8692,0
2001.448,306.3972,0
6644.589,306.8926,1
6190.054,158.1013,1
6178.883,251.7139,1
6165.52,195.437,1
2008.354,334.4124,0
6641.777,180.0732,1
1955.012,366.6085,0
6013.244,132.8582,1
2009.026,311.9337,0
5729.046,237.9543,1
5955.621,214.3911,1
6129.929,191.6453,1
1927.96,384.6628,0
5740.681,340.1262,1
5977.594,132.0029,1
5854.212,7144.1,
5902.942,160.6736,1
5458.8,428.2925,1
6079.329,177.0725,1
1935.059,311.0894,0
5960.176,221.2014,1
2053.552,301.8148,0
6014.579,221.9656,1
5864.814,255.4963,1
6229.402,297.3469,1
1955.583,347.9294,0
5415.386,253.9182,1
2019.004,274.7111,0
2024.089,276.8617,0
2044.688,385.0819,0
5929.864,249.4724,1
6079.253,223.2524,1
5898.73,160.731,1
6088.782,240.4609,1
2042.477,343.5313,0
6109.789,219.4509,1
5879.226,167.4629,1
6061.694,222.5471,1
2037.321,280.3433,0
2044.887,338.5723,0
5991.404,280.0857,1
1965.418,305.2548,0
5865.836,282.2683,1
2061.909,317.8608,0
6360.173,170.0576,1
2062.67,317.3682,0
5942.998,251.3831,1
2037.878,278.6829,0
2089.063,344.7373,0
6191.556,250.1379,1
1921.278,322.5483,0
5758.642,226.4917,1
5790.57,173.3088,1
5794.852,234.77,1
5863.114,221.8374,1
4938.191,363.0466,1
6586.839,180.9348,1
2015.151,379.0898,0
2003.691,333.25,0
5860.943,261.1501,1
2007.012,351.3717,0
5817.617,271.8582,1
5201.688,220.6372,1
5434.623,200.4241,1
6206.001,248.4102,1
1944.843,369.9132,0
5724.778,185.4011,1
6001.97,221.2671,1
2025.696,319.8458,0
2090.683,280.7175,0
2091.796,256.7192,0
5837.494,169.9543,1
2140.373,275.6179,0
5554.824,311.9302,1
1944.244,311.7249,0
5228.587,350.8345,1
2043.196,302.4309,0
1960.002,334.551,0
5994.795,202.093,1
1937.013,378.0672,0
2016.22,345.3934,0
5980.151,130.4878,1
1958.117,290.3892,0
5555.838,160.9048,1
5744.005,254.4043,1
2031.711,374.5271,0
1977.152,373.4519,0
2065.748,317.8009,0
2053.146,324.1667,0
5292.973,340.0442,1
5868.299,214.2964,1
2012.366,347.1593,0
5925.742,304.7092,1
5504.009,320.9236,1
2035.983,333.0914,0
5261.927,252.3269,1
2182.719,262.2856,0
5202.854,287.741,1
2002.151,305.0051,0
1984.887,304.5599,0
5855.149,157.8184,1
6324.924,270.0947,1
5880.778,309.3647,1
2012.459,346.8834,0
1945.129,295.8023,0
1966.163,311.0051,0
5900.916,314.5693,1
5742.496,140.1599,1
1946.365,348.1832,0
2053.97,315.3652,0
5988.833,368.041,1
2010.86,253.907,0
5974.389,289.4822,1
5866.888,192.5566,1
1948.607,391.2788,0
5756.494,276.3196,1
1993.964,370.5309,0
2038.003,340.4648,0
2099.166,283.8983,0
1983.357,383.9349,0
2034.521,248.9699,0
2097.667,307.333,0
1964.702,273.6934,0
1962.299,331.3567,0
6005.077,186.8281,1
2047.966,365.0123,0
1926.093,310.6111,0
2088.382,361.7294,0
2002.698,386.0972,0
2113.048,334.1151,0
1940.59,357.8956,0
6159.976,238.0564,1
5905.39,138.0264,1
5749.009,218.8459,1
1963.679,332.8116,0
1916.196,374.8486,0
2086.614,314.8812,0
5678.007,247.0759,1
6709.071,248.4189,1
6005.691,187.6787,1
5589.298,339.4438,1
2091.974,313.4696,0
2098.82,310.6033,0
6364.484,279.3831,1
1940.19,405.2457,0
1988.818,326.168,0
5938.183,174.2368,1
5985.663,201.9553,1
5855.263,170.9722,1
5802.002,237.752,1
6386.647,158.9563,1
2011.825,295.067,0
2043.161,306.2382,0
1941.906,283.5724,0
1931.321,323.8887,0
2117.235,346.2599,0
1966.976,311.8342,0
5282.567,230.3184,1
5871.874,197.375,1
2094.363,307.2941,0
6156.236,174.7935,1
6030.388,202.4243,1
1899.359,323.4254,0
6257.079,194.478,1
5538.804,279.5261,1
6090.385,142.3218,1
6321.626,295.8811,1
6414.293,170.2554,1
2116.465,322.123,0
1975.566,376.5441,0
5642.875,134.2354,1
5814.62,210.2239,1
5744.767,333.9001,1
5927.323,273.9646,1
5710.192,175.2156,1
6296.064,40.22778,1
6084.296,199.7061,1
5826.331,129.5674,1
6056.25,119.7942,1
6054.034,181.1885,1
6003.066,128.1001,1
1953.79,355.542,0
1953.333,346.8909,0
6054.261,243.1448,1
6093.341,274.9878,1
5877.433,68.43481,1
6455.683,210.3428,1
5624.229,277.1206,1
1997.436,315.4965,0
6309.753,143.4531,1
6354.529,253.3499,1
5632.833,232.5488,1
6033.649,143.9316,1
2149.273,280.6848,0
1998.955,276.8327,0
5764.571,201.1472,1
1937.262,338.6857,0
6164.419,85.25464,1
1925.299,355.6422,0
5895.375,91.52954,1
6194.082,84.12988,1
2054.263,301.2456,0
5916.885,121.5681,1
6102.72,269.0405,1
5488.591,149.4663,1
1875.71,331.3051,0
6425.606,165.8821,1
2228.229,331.4771,0
2164.369,344.1354,0
6168.13,244.5024,1
5919.694,285.3428,1
1875.568,359.127,0
5740.924,180.2419,1
6285.073,243.4622,1
2030.196,336.6581,0
6152.779,275.0103,1
1964.084,307.7698,0
1930.078,294.6557,0
5938.563,352.3394,1
5796.435,242.6506,1
2043.098,369.283,0
5932.589,302.8828,1
1892.06,367.355,0
2000.64,369.9271,0
1811.846,220.1655,0
6119.928,331.0674,1
1972.554,238.0526,0
5853.964,158.8428,1
2038.786,322.8883,0
1954.651,362.9289,0
2066.436,361.8956,0
5997.697,246.8054,1
1877.489,388.7748,0
2025.155,368.5304,0
1992.21,314.3173,0
6031.39,288.8298,1
6176.012,158.5586,1
6248.484,73.58325,1
2007.984,313.4642,0
2090.394,300.7925,0
2100.582,301.5814,0
5850.228,207.0503,1
6043.495,172.4927,1
2009.439,265.4725,0
5993.841,171.5469,1
6236.558,249.6582,1
1977.067,303.3306,0
5494.967,296.8547,1
2034.675,305.0133,0
5772.169,238.4111,1
5751.815,241.1509,1
2081.758,360.8419,0
2007.825,316.7349,0
5953.285,231.8015,1
5750.801,304.7788,1
5648.454,125.0054,1
5822.978,178.1204,1
6679.382,44.59229,1
2088.972,302.7996,0
1930.316,297.4129,0
5845.935,147.9673,1
5965.12,225.4207,1
5870.099,164.7209,1
5834.737,202.3074,1
2088.311,336.209,0
2000.777,368.0701,0
5889.823,242.5425,1
5974.524,178.616,1
1950.791,342.1861,0
1963.099,311.9573,0
5931.049,308.896,1
1944.676,362.831,0
2035.22,328.5536,0
1883.325,345.8812,0
2022.462,370.9063,0
1981.386,269.3675,0
1978.537,341.4871,0
5862.367,125.5417,1
1978.295,319.4396,0
2054.84,327.4962,0
1996.698,343.9813,0
5667.102,168.4517,1
6324.846,131.2683,1
6258.21,248.3684,1
6499.924,57.62134,1
2022.094,283.9344,0
5372.189,312.3916,1
1922.644,352.7372,0
1993.463,334.6277,0
6007.736,149.3284,1
6167.739,208.9419,1
5983.207,153.417,1
1914.881,338.3173,0
5822.748,263.4253,1
1909.024,324.8046,0
5926.056,186.9438,1
1919.394,372.2423,0
5904.077,236.8296,1
6011.422,167.7673,1
1981.615,393.0951,0
1937.202,304.0701,0
2041.979,325.0867,0
5959.358,286.0027,1
5996.926,273.9531,1
6607.377,278.208,1
2008.946,339.8727,0
5835.599,168.5811,1
5830.621,160.4209,1
6120.49,181.4604,1
6455.583,127.4319,1
6471.899,163.9578,1
1932.38,367.3499,0
6083.467,262.1399,1
2097.372,266.509,0
6085.507,268.479,1
5150.171,275.3784,1
5955.78,242.8809,1
6044.655,217.1191,1
5517.063,262.7795,1
6076.186,271.5591,1
1967.427,323.3255,0
1997.081,418.7312,0
5951.348,225.106,1
5968.403,219.3743,1
1966.38,396.1821,0
5956.147,217.8579,1
5923.927,252.8064,1
6509.514,131.2678,1
5967.13,250.4468,1
1967.669,374.2679,0
2000.758,375.0884,0
6022.732,121.99,1
2026.919,260.9711,0
5789.149,251.5869,1
6135.355,177.6589,1
4915.438,247.1821,1
6031.805,390.5815,1
5912.268,235.3811,1
5934.514,171.9275,1
6318.07,119.2593,1
6885.628,157.3479,1
5883.695,153.282,1
1962.233,250.5366,0
1976.948,316.6057,0
2130.932,310.287,0
5968.427,134.4321,1
1958.008,315.9752,0
2131.49,335.4254,0
2081.629,311.1963,0
1947.332,321.3451,0
2039.927,254.3054,0
2040.536,346.6216,0
6185.115,217.075,1
1937.81,344.2402,0
5188.371,255.2275,1
5346.063,332.1479,1
6024.716,100.9778,1
2039.196,338.9739,0
6142.444,131.9194,1
2076.943,281.0001,0
5836.133,283.5042,1
5997.07,253.7019,1
2005.128,245.864,0
2052.776,349.3108,0
5982.296,365.4387,1
5798.784,239.6704,1
5632.061,192.0701,1
2073.952,328.4501,0
5906.246,214.8,1
6110.868,261.042,1
2231.736,392.9967,0
1997.63,358.9574,0
5904.154,170.2112,1
6196.434,218.7661,1
1935.448,463.5825,0
5730.45,181.0996,1
6272.096,289.873,1
2061.784,273.1736,0
6069.046,309.2891,1
1954.588,394.9594,0
2016.089,340.9125,0
5969.995,192.1987,1
6838.511,230.832,1
1932.706,353.0649,0
1952.549,349.9338,0
5720.436,243.6501,1
2016.225,370.4902,0
6411.009,300.2251,1
1902.285,411.8013,0
6495.231,176.7847,1
6149.202,237.9885,1
2131.688,351.7334,0
6234.184,148.5874,1
5870.832,186.5972,1
5878.409,132.1243,1
1836.234,388.6317,0
1922.819,335.4503,0
6013.466,155.6968,1
6317.451,163.5093,1
6034.877,227.7595,1
5900.208,186.5161,1
1962.375,349.1299,0
6340.613,264.3064,1
6198.646,154.5315,1
5690.037,261.7393,1
5344.332,321.6753,1
5850.836,283.4333,1
2027.471,395.3108,0
2044.827,328.7976,0
6719.194,259.7678,1
6108.17,279.6018,1
1909.841,289.2817,0
1923.328,368.0709,0
6053.403,337.5261,1
1811.024,409.5004,0
6799.809,321.7678,1
5882.896,385.1533,1
5990.681,342.4241,1
6048.548,211.8677,1
2032.157,255.9506,0
1810.795,342.6337,0
5779.736,246.4014,1
6110.263,128.519,1
1937.664,324.1679,0
6258.467,134.9434,1
5947.699,219.219,1
5148.254,282.5315,1
2081.346,360.3884,0
5846.652,196.1218,1
5712.767,240.4854,1
6199.367,291.0891,1
6085.96,150.3401,1
1989.111,351.1294,0
6224.95,183.4058,1
5578.503,300.3062,1
1969.121,368.4488,0
1958.369,377.0665,0
2077.254,273.2389,0
2077.191,270.5579,0
1971.382,320.6105,0
1939.333,389.4405,0
1957.648,383.3294,0
2128.659,300.8296,0
5717.209,304.2483,1
2006.553,336.6434,0
5371.094,253.8621,1
1943.275,377.8717,0
6176.743,270.0642,1
5848.217,187.7961,1
5884.529,264.3076,1
5863.073,235.7188,1
2006.563,343.8035,0
6036.626,293.011,1
2052.931,330.4368,0
5937.814,300.0876,1
5703.648,164.5676,1
6249.057,210.5427,1
6474.9,296.4631,1
5746.187,157.7129,1
2010.467,363.9731,0
1975.282,311.5094,0
5917.745,195.3391,1
2054.615,292.1526,0
5786.444,327.7896,1
2043.86,337.3467,0
5872.037,225.8184,1
5930.468,307.9033,1
2008.362,396.7,0
2085.115,351.5311,0
2049.099,332.3945,0
6180.257,241.5554,1
2094.187,331.72,0
1848.464,289.2165,0
1953.048,300.3792,0
2140.98,291.4995,0
6028.332,146.5129,1
6407.609,242.2205,1
5762.641,212.0906,1
6117.528,248.2659,1
6237.523,349.6223,1
6278.908,230.25,1
5950.468,91.63208,1
6221.199,228.6531,1
6611.881,210.8359,1
2009.435,435.6653,0
1985.073,298.9025,0
5545.57,251.7473,1
5914.157,180.2874,1
6167.278,100.3533,1
5840.107,266.4177,1
6161.591,284.9297,1
2082.404,342.2324,0
2028.545,286.3657,0
2160.07,283.1073,0
5864.476,315.7808,1
6163.097,293.8059,1
5978.676,279.9197,1
5773.941,224.1646,1
2011.568,337.0031,0
6018.734,164.4021,1
1887.409,342.5064,0
5784.023,251.0002,1
2082.971,279.265,0
6003.999,229.8052,1
1999.027,442.6771,0
6276.163,159.6313,1
1976.696,344.4445,0
1946.521,322.4496,0
5826.654,236.8662,1
5772.269,176.0337,1
1943.885,382.4344,0
6562.995,174.3916,1
1994.632,300.2177,0
6019.126,296.2856,1
6108.147,35.08984,1
5890.815,303.7661,1
6016.684,351.925,1
5157.652,346.905,1
1966.292,375.7935,0
2119.496,323.2557,0
5684.703,208.1287,1
1992.661,342.1271,0
6229.121,182.4702,1
2209.77,200.4364,0
2062.544,298.3558,0
2036.036,359.6178,0
1937.807,320.5322,0
1958.236,302.7092,0
5496.882,285.1633,1
5710.308,138.5439,1
1940.968,292.9692,0
6343.644,133.9839,1
6074.702,206.2522,1
2163.662,342.3025,0
1956.797,355.133,0
1906.107,339.8723,0
1804.979,294.7504,0
1928.534,388.428,0
1939.455,346.0364,0
2113.897,307.2932,0
1848.89,334.887,0
2075.123,422.88,0
6146.96,211.2478,1
5659.914,236.9138,1
5776.742,281.283,1
1962.287,401.8724,0
2070.052,327.8169,0
6279.188,331.2051,1
5922.911,180.5559,1
5898.191,252.6462,1
2020.889,384.3136,0
5926.652,308.593,1
5904.71,215.5781,1
5977.691,255.4082,1
5805.048,214.2642,1
6539.112,253.7878,1
6116.103,261.5955,1
5920.161,271.3306,1
1926.769,333.7037,0
5501.667,387.2305,1
5838.494,158.5334,1
5602.414,173.1978,1
5920.354,373.7573,1
5868.121,284.1094,1
6390.886,231.1206,1
5973.666,244.2568,1
6343.206,303.2961,1
4999.231,318.8232,1
2062.904,297.1847,0
2078.071,358.3816,0
5366.466,175.8149,1
5808.791,336.4985,1
5778.207,326.5308,1
1934.277,349.3672,0
2091.472,333.0697,0
2045.087,319.5265,0
1937.995,395.2805,0
2032.786,300.9578,0
6065.845,178.5469,1
1949.93,344.346,0
5923.151,144.7217,1
1961.64,361.7976,0
6037.364,172.0134,1
1941.141,346.9277,0
2024.27,330.5236,0
1947.065,334.0197,0
5967.831,228.1062,1
2022.38,364.1232,0
5799.666,183.8284,1
5819.046,323.6438,1
5918.463,112.1509,1
6233.84,265.6079,1
2039.472,392.4729,0
5806.805,325.4553,1
2023.323,315.8329,0
6042.099,149.7629,1
5827.463,185.2539,1
5911.202,281.0161,1
5916.262,96.80005,1
2059.509,282.6727,0
1936.717,324.6075,0
6268.582,144.9521,1
1918.624,332.6228,0
5948.124,252.3408,1
6550.998,275.8655,1
1762.271,365.8305,0
1981.963,251.2356,0
6058.131,245.8689,1
1934.185,357.1326,0
1928.294,338.8662,0
5622.936,375.7095,1
2198.318,308.7264,0
6201.628,132.1189,1
5971.746,238.2175,1
6195.701,245.8882,1
5919.516,345.1045,1
2058.239,303.7469,0
2052.652,237.6948,0
6182.059,184.5383,1
6182.478,215.533,1
2004.574,305.2693,0
6004.8,130.76,1
2047.092,325.4882,0
2011.818,356.2311,0
2142.314,373.5938,0
1922.707,365.0666,0
2018.62,271.7287,0
6003.447,158.0852,1
2058.939,321.0753,0
6008.748,251.988,1
5778.137,157.624,1
5998.658,175.0569,1
6141.83,201.7939,1
2131.089,278.2231,0
5931.336,200.5076,1
2110.949,318.3562,0
5920.528,261.0154,1
5823.027,159.8098,1
5375.376,282.3965,1
6378.25,122.1213,1
5899.514,209.397,1
6116.138,152.261,1
2066.002,305.9802,0
1955.497,365.7006,0
6190.854,186.24,1
5862.452,288.7551,1
1972.757,271.9741,0
5929.277,241.2957,1
5797.573,249.2351,1
6341.333,284.0271,1
5860.337,261.2422,1
6132.249,201.6775,1
6108.97,222.1057,1
6352.465,184.4883,1
5767.923,285.4238,1
6178.901,115.5903,1
2007.795,314.3566,0
2022.056,295.455,0
1937.841,333.6139,0
2032.654,339.9874,0
2110.271,320.9872,0
5839.007,178.8328,1
2150.206,297.7787,0
2053.145,355.3517,0
6352.701,282.8469,1
5963.579,208.8408,1
6725.862,303.6531,1
6266.145,298.1123,1
2074.617,275.0337,0
1995.115,290.4239,0
1930.612,357.8629,0
5794.653,212.6428,1
5939.397,201.3645,1
5924.755,179.6951,1
6158.39,208.5999,1
2150.682,362.5415,0
1932.04,344.9155,0
5853.404,214.9658,1
5987.627,155.5132,1
1884.86,370.0716,0
5857.073,175.9524,1
6652.271,308.6304,1
6949.385,251.677,1
2033.109,296.7897,0
5923.298,194.4436,1
6210.532,242.0095,1
1981.115,336.5146,0
6952.521,286.2192,1
6138.847,257.6482,1
6032.191,189.6768,1
1913.129,377.5428,0
6265.707,166.4424,1
5634.986,186.7576,1
2073.008,344.6796,0
6044.428,111.9788,1
1967.632,369.1605,0
5932.694,274.3694,1
1971.157,289.2993,0
5793.085,324.8594,1
5820.349,267.0999,1
1979.259,285.2982,0
5766.695,240.9805,1
2017.92,310.665,0
6013.322,94.71704,1
5697.879,206.3196,1
5288.434,249.825,1
2011.586,300.9026,0
2040.827,307.3536,0
2042.373,344.0131,0
5884.817,300.988,1
5979.394,293.7212,1
6298.834,212.7029,1
6202.917,163.3745,1
6510.056,170.4248,1
5983.957,158.2078,1
5901.948,211.9543,1
1941.343,353.9406,0
6262.29,187.9751,1
5383.389,160.78,1
6021.758,266.7542,1
6193.926,108.6521,1
1966.813,324.4693,0
1977.849,288.6932,0
5991.707,196.2585,1
6027.82,254.7905,1
1994.812,280.1868,0
5872.8,232.2932,1
5895.613,329.7585,1
2042.557,323.7325,0
2026.428,352.3826,0
6120.951,213.1545,1
2072.886,276.7863,0
5651.292,301.7642,1
2069.861,380.511,0
6030.468,185.7581,1
6069.624,145.8674,1
6208.203,95.91846,1
1953.381,403.6924,0
6481.278,217.9893,1
2015.765,315.3367,0
1994.317,360.0137,0
5859.312,173.9265,1
5966.371,159.72,1
5969.514,247.5933,1
5717.818,253.5542,1
5911.767,141.6184,1
2054.495,295.6614,0
6237.106,181.2737,1
5970.878,154.8564,1
1993.763,342.9372,0
6163.968,147.8623,1
5944.474,366.0115,1
6043.09,279.4883,1
6095.75,281.845,1
1914.092,313.2386,0
1895.911,286.858,0
1872.122,343.591,0
2059.16,297.761,0
6261.954,206.6499,1
5976.862,134.4587,1
5486.47,285.9731,1
6269.744,201.0422,1
5530.962,316.3936,1
6207.758,360.5952,1
6634.984,253.2366,1
6092.269,199.8186,1
6775.909,255.9722,1
1971.749,288.4091,0
5823.126,174.0137,1
1943.423,352.2523,0
2007.91,349.0088,0
6079.122,208.7002,1
1973.87,291.866,0
2032.606,359.3533,0
2081.22,254.5624,0
1953.993,400.2121,0
5835.205,258.7322,1
1967.166,337.4597,0
6330.046,210.8408,1
5920.963,145.3132,1
5814.678,359.4448,1
5225.33,320.2737,1
2062.482,306.3351,0
5940.844,136.3469,1
2105.557,355.6139,0
1971.994,257.4387,0
1843.511,389.115,0
1980.048,325.509,0
5365.629,301.9888,1
5956.561,316.8994,1
2059.066,341.304,0
6031.692,215.5981,1
2075.938,299.2448,0
6152.355,113.6042,1
6105.468,222.5039,1
2103.253,363.1035,0
6139.191,242.1787,1
2110.691,410.1368,0
1993.926,349.9545,0
1990.006,301.355,0
5904.647,143.3572,1
5865.019,153.1707,1
5892.374,268.6711,1
2028.534,308.2086,0
2079.715,317.9958,0
5848.033,294.6431,1
2169.752,287.308,0
5857.121,266.3123,1
1961.376,309.1308,0
2045.001,274.9072,0
5847.761,241.5688,1
5800.65,264.5652,1
6240.36,251.9656,1
5875.032,204.2585,1
6194.322,318.2007,1
2108.239,288.1136,0
6020.315,193.665,1
6057.397,271.644,1
6045.222,297.8071,1
1928.645,293.4941,0
5954.513,192.3892,1
2058.519,306.0753,0
2032.127,248.1909,0
5982.032,86.3396,1
1972.357,349.5492,0
5870.62,213.0305,1
5753.884,260.7322,1
2026.223,257.3924,0
5787.12,251.7427,1
6527.193,294.3206,1
2048.363,362.764,0
5516.92,289.9746,1
6054.912,149.9707,1
1961.947,319.6516,0
5976.031,247.1638,1
5308.664,281.1455,1
1947.372,364.67,0
2044.637,316.4481,0
2005.875,327.8083,0
5615.203,176.3896,1
2137.867,305.8419,0
6098.6,241.2478,1
2064.5,280.9208,0
5908.831,228.9189,1
6015.476,287.3088,1
1949.542,373.95,0
2076.771,263.3165,0
2005.756,346.2115,0
5944.041,299.8958,1
5827.183,244.7913,1
5792.775,205.6018,1
6029.815,223.001,1
2032.944,370.6241,0
5310.706,222.844,1
2021.145,350.8307,0
5133.549,260.9519,1
2045.876,278.4778,0
1993.272,358.9416,0
6015.709,125.4795,1
6070.712,87.6936,1
1877.212,367.9577,0
5814.258,254.8584,1
1945.374,374.3406,0
6371.984,185.7668,1
6176.161,206.6226,1
5603.749,206.1172,1
6091.622,122.8137,1
5935.568,232.9414,1
2054.239,347.7585,0
5809.083,211.5801,1
1945.734,341.7448,0
6197.178,183.2134,1
5669.678,176.2354,1
1949.765,305.2406,0
1908.368,345.868,0
6084.634,306.6755,1
5865.072,230.6819,1
5968.611,188.8901,1
6067.751,226.9443,1
5957.79,326.2935,1
1980.364,351.4544,0
6098.815,206.7241,1
6181.532,249.3542,1
2033.6,315.3378,0
1989.527,336.4922,0
2104.388,356.0957,0
2091.978,357.1964,0
6531.707,214.7122,1
5803.653,322.7234,1
5854.696,204.5693,1
2024.019,384.3464,0
5810.591,226.071,1
5852.818,247.2627,1
5653.646,353.6023,1
6136.633,326.5532,1
2116.016,257.7482,0
5784.273,151.1436,1
6133.843,187.7039,1
5989.246,162.678,1
2148.205,270.4456,0
2020.388,343.1785,0
1861.992,378.8656,0
5815.231,291.9292,1
2095.675,422.1412,0
1998.853,360.7048,0
5543.081,219.9827,1
2076.261,366.5575,0
2199.951,294.3594,0
1951.161,325.4163,0
6557.066,224.0793,1
6293.695,308.4167,1
2113.137,279.3802,0
2057.469,322.9644,0
5823.558,230.1987,1
1909.166,404.5886,0
5793.148,159.4587,1
2116.941,307.5708,0
6521.879,213.7283,1
5215.759,302.5405,1
6100.846,184.1204,1
5929.756,236.4868,1
2028.543,359.1609,0
1904.363,356.063,0
1946.279,278.3078,0
1971.364,315.8066,0
2004.381,341.5347,0
6045.441,158.6152,1
2003.854,297.1975,0
1967.356,309.8065,0
2045.268,347.412,0
2065.001,304.6478,0
1953.675,347.0733,0
6085.433,230.554,1
6157.028,151.8857,1
6028.896,103.698,1
6290.79,222.5613,1
5622.562,153.6223,1
5774.529,326.0811,1
2033.749,370.4487,0
2150.298,332.3759,0
2029.307,364.0231,0
1942.501,291.3521,0
5916.453,341.7666,1
5960.479,235.6533,1
5722.237,234.9531,1
1995.699,352.2443,0
5492.991,299.9368,1
1969.86,362.8472,0
2007.367,356.392,0
5872.557,226.4001,1
5787.824,250.5452,1
1966.193,346.2018,0
6070.094,282.6594,1
4950.871,365.1563,1
1931.142,322.009,0
5937.979,162.0571,1
2230.458,241.0717,0
6352.709,389.1492,1
2014.928,315.7964,0
1938.428,406.3608,0
5908.772,212.1,
5688.299,225.4446,1
5647.485,276.4624,1
6160.365,304.3936,1
2068.821,304.6689,0
5830.166,193.3748,1
5550.62,218.3584,1
2015.301,323.7167,0
5988.668,209.644,1
1956.401,313.4278,0
1939.673,370.926,0
5908.216,234.5784,1
1995.211,348.5712,0
6774.818,262.9543,1
5831.622,175.7979,1
2142.805,353.0778,0
2034.839,346.8198,0
5204.86,315.4868,1
2017.907,265.4523,0
5852.823,223.7617,1
5663.774,267.9568,1
1952.585,292.2173,0
1993.407,381.1038,0
5831.097,189.1858,1
6128.542,173.4277,1
2047.534,345.8063,0
1968.662,376.7869,0
6269.683,147.428,1
5263.411,117.8958,1
1979.255,398.0973,0
1894.985,386.1921,0
1940.823,371.3607,0
5708.552,148.3208,1
5515.36,182.4048,1
5919.982,238.0386,1
1934.445,330.4999,0
5877.042,169.4202,1
2079.348,274.1259,0
2061.094,391.7906,0
2048.927,293.0691,0
1922.035,352.6714,0
6417.646,236.8369,1
6553.475,200.6243,1
6566.707,277.5713,1
6042.694,135.22,1
6157.095,270.0903,1
6111.854,132.8403,1
2015.1,347.6848,0
5910.158,283.2659,1
5920.38,176.6172,1
6060.012,191.5168,1
2062.801,292.1886,0
5914.109,235.5571,1
5921.408,263.5671,1
5759.115,278.4692,1
5959.031,369.2847,1
2053.509,351.0808,0
6799.057,140.9319,1
1961.848,316.9695,0
6058.62,138.7798,1
2068.775,326.1934,0
6376.354,179.9021,1
1996.638,347.9459,0
2081.01,356.0564,0
6188.771,155.7505,1
6106.187,170.4739,1
6201.539,111.0874,1
6066.655,181.3289,1
2144.51,283.672,0
1935.417,267.2785,0
2102.903,297.9419,0
6135.63,126.395,1
2092.356,281.2411,0
6296.934,122.5293,1
5870.715,160.75,1
1973.269,337.205,0
1895.05,352.1276,0
2074.945,293.092,0
2021.257,279.3551,0
1908.256,327.2683,0
1974.93,391.2977,0
2055.025,327.7488,0
1976.383,312.9246,0
1985.891,374.1234,0
2057.11,275.5906,0
6064.251,185.3391,1
5947.94,267.1484,1
1989.898,407.9869,0
1921.652,380.9311,0
6235.193,222.5686,1
2000.731,316.7362,0
5974.107,301.5632,1
5741.933,230.6401,1
5931.998,171.7302,1
5667.371,177.6008,1
6342.116,176.9968,1
5932.774,207.7964,1
6042.36,41.79834,1
2034.321,325.3458,0
1951.533,337.8149,0
1994.702,365.5862,0
5826.903,201.844,1
2006.947,291.8701,0
6664.363,118.1875,1
1989.766,346.5432,0
6110.584,218.5562,1
1975.078,364.1384,0
6089.528,162.5164,1
2069.411,284.9146,0
1897.035,460.8491,0
2122.152,279.5887,0
6286.061,202.1658,1
2010.811,341.1792,0
5771.104,216.8145,1
6007.089,167.6577,1
6004.981,215.0408,1
6156.339,233.3792,1
1932.307,393.6508,0
5933.473,206.2183,1
5721.149,202.7913,1
5590.345,225.8464,1
6112.131,284.4067,1
5955.783,168.9951,1
6361.186,228.6089,1
1952.389,346.7913,0
1954.069,380.8107,0
5856.68,357.7251,1
5861.677,259.0159,1
1922.26,348.4408,0
5967.521,184.6833,1
5744.27,333.1255,1
5927.332,239.0256,1
1859.528,381.5403,0
1917.543,372.669,0
2110.215,292.3545,0
6176.423,98.14575,1
1905.196,333.4532,0
2026.455,378.5021,0
1924.185,355.1342,0
5725.249,212.1453,1
6046.333,205.8591,1
6027.463,160.6455,1
5496.001,241.6399,1
1986.481,332.7825,0
1994.963,370.0646,0
5932.997,188.7351,1
2034.076,236.7878,0
1940.404,256.5189,0
6763.368,262.969,1
5689.374,276.887,1
2024.615,339.8965,0
1926.565,370.2647,0
1988.756,322.3701,0
1899.01,397.2291,0
1959.1,347.8487,0
6657.882,205.4834,1
2001.035,338.5762,0
2006.772,337.3336,0
5794.438,227.0132,1
5964.401,148.5237,1
1954.485,396.5975,0
5718.299,107.1387,1
1978.507,401.7183,0
2109.051,265.2903,0
2036.348,356.8094,0
6677.874,163.6973,1
6030.863,180.4099,1
1964.058,317.931,0
1957.804,358.5245,0
2073.16,302.0763,0
1930.695,315.1796,0
5672.528,169.6431,1
6460.496,293.2253,1
6127.842,194.5698,1
1892.774,352.9926,0
6645.525,162.4153,1
5894.502,155.2361,1
1893.288,370.8713,0
2004.531,318.4593,0
5966.521,160.1606,1
5644.326,269.7422,1
2080.631,275.4249,0
2065.944,356.2428,0
2144.838,279.9276,0
5848.968,145.2068,1
5897.075,161.3391,1
2080.062,294.1558,0
2038.633,335.0028,0
6422.958,236.1262,1
5877.155,286.2314,1
6232.266,187.3564,1
2026.97,316.6191,0
1973.045,372.7643,0
5802.679,190.6265,1
5840.362,204.1575,1
2036.547,417.8276,0
1944.983,331.8333,0
5864.189,171.9443,1
5746.589,262.615,1
6045.964,217.0303,1
1968.459,304.6929,0
5857.619,186.8887,1
1971.545,269.9697,0
1988.095,298.3404,0
1896.938,336.3146,0
7270.362,254.7288,1
5525.96,302.3813,1
6161.102,240.2527,1
1988.747,281.8138,0
4804.1,203.4187,1
1913.959,395.99,0
5927.045,219.6584,1
6123.74,162.562,1
5753.798,88.16235,1
2032.503,356.9612,0
6093.003,310.5012,1
6202.717,244.4241,1
6503.478,242.3621,1
1975.819,257.9092,0
5780.55,279.7959,1
5806.826,139.9089,1
5641.628,261.5488,1
5854.964,218.3115,1
6057.736,195.3132,1
1971.236,254.3406,0
6036.44,172.7043,1
5941.09,350.9353,1
5408.128,243.9392,1
2021.264,345.5015,0
1901.328,412.4401,0
2045.482,360.1775,0
5800.153,196.3914,1
5844.109,281.459,1
6299.035,245.4316,1
5701.466,259.6379,1
1905.092,276.0444,0
6038.454,253.7273,1
5628.27,263.2437,1
1922.643,382.7267,0
5781.776,190.2087,1
2023.544,325.0593,0
5631.159,212.6113,1
2023.872,265.5309,0
1973.55,384.5834,0
5717.766,320.2422,1
6056.867,153.3188,1
2072.239,253.7139,0
2050.498,287.0172,0
2070.84,341.842,0
5849.404,228.7263,1
6078.986,304.6211,1
2077.545,283.5262,0
5867.549,209.7942,1
2015.645,366.6597,0
5795.465,263.0947,1
5878.971,176.7664,1
1962.544,356.4806,0
2077.293,302.5695,0
1981.15,361.4033,0
5861.853,323.1936,1
1960.212,341.2726,0
5386.776,229.9041,1
6091.138,143.9294,1
5890.499,155.0493,1
5862.17,213.9431,1
5824.362,305.0107,1
6277.743,192.0144,1
1880.273,385.1859,0
5804.799,143.7173,1
1914.876,415.5758,0
1822.48,370.566,0
5855.148,6536.1,
1938.97,328.2672,0
1815.057,370.5993,0
2067.094,320.259,0
5733.462,342.2883,1
2104.81,318.5681,0
6214.767,193.0034,1
5887.925,221.0833,1
6259.386,136.4897,1
5920.207,116.2285,1
2002.288,274.88,0
2025.496,287.2012,0
2008.907,362.5743,0
5736.695,227.144,1
5889.046,177.5703,1
6234.509,283.8914,1
2023.991,282.2768,0
2001.666,323.8864,0
6459.264,136.1213,1
5674.325,236.1172,1
2024.945,286.6819,0
2115.903,347.0251,0
2000.256,314.9417,0
6132.894,107.488,1
2036.101,298.2043,0
2159.148,412.7466,0
1991.83,322.8235,0
2068.485,334.9592,0
5847.633,187.4695,1
5814.999,193.0647,1
5645.2,159.8967,1
5858.474,143.3054,1
1923.241,352.8707,0
1964.254,315.2098,0
6674.703,136.8354,1
2055.325,339.6426,0
5830.058,176.0576,1
6003.354,235.6777,1
6168.596,208.6721,1
5921.677,220.6194,1
6120.15,189.4421,1
1929.862,393.0757,0
6390.941,256.0776,1
6211.134,205.6875,1
1944.021,324.329,0
6066.579,200.9805,1
6182.684,272.0913,1
5632.889,279.7581,1
2012.394,317.5627,0
1975.157,343.9768,0
1983.557,260.802,0
5565.375,297.1929,1
2060.781,293.3895,0
2035.131,319.4567,0
1914.631,345.5687,0
5780.269,142.2485,1
1970.708,365.0407,0
5853.208,265.9031,1
1992.987,303.526,0
6079.531,188.0051,1
5992.311,262.1917,1
2011.397,318.8181,0
6026.453,190.2986,1
2010.996,367.6575,0
5925.762,234.8967,1
1970.12,387.0643,0
5619.03,111.4915,1
4983.457,268.9622,1
5761.519,211.657,1
1906.854,414.4383,0
5362.999,119.5737,1
2046.245,364.4254,0
2011.668,349.0344,0
2036.739,397.5742,0
1979.236,347.6577,0
1930.017,391.9889,0
6199.662,303.3225,1
5247.083,324.6938,1
5939.113,165.6895,1
5831.644,247.2329,1
6187.349,276.4778,1
1902.518,378.6168,0
1974.218,374.22,0
1961.511,362.5829,0
4170.62,204.9312,0
5647.149,247.3088,1
1957.838,392.1095,0
2167.766,271.658,0
6214.591,207.7522,1
5887.479,237.354,1
5862.269,127.2534,1
6447.631,201.4531,1
5862.449,300.4722,1
5855.777,178.585,1
6137.392,208.1489,1
2016.405,348.3922,0
1872.258,366.6791,0
5942.965,200.3345,1
5915.517,162.5098,1
6646.945,183.3989,1
5832.468,289.27,1
5932.226,157.4263,1
6227.429,139.8943,1
1946.681,324.7457,0
1928.577,345.3641,0
2014.661,370.8807,0
5634.778,251.0081,1
5817.013,204.7917,1
6076.717,273.2781,1
5534.766,151.6921,1
6007.114,92.22119,1
5776.042,344.8105,1
5902.462,170.7703,1
1943.725,371.7014,0
5878.075,296.9558,1
2068.702,285.3022,0
5439.545,264.9438,1
1925.754,417.9299,0
5823.762,159.5779,1
6168.027,269.1045,1
1991.676,369.8665,0
3355.297,297.7112,0
6191.607,190.6482,1
6068.374,204.8054,1
5350.695,279.8057,1
1896.25,313.2192,0
1925.273,359.2811,0
2092.23,366.0475,0
1875.162,385.6594,0
6004.354,206.2585,1
6216.107,209.9219,1
6393.611,184.0034,1
2044.697,387.1445,0
2038.728,341.6019,0
1992.543,324.8131,0
2069.686,365.5524,0
2055.481,328.7551,0
5569.87,258.5283,1
2022.461,320.1136,0
2009.316,346.9258,0
5725.001,218.1741,1
1992.492,282.8796,0
1942.372,347.1182,0
5635.159,302.6069,1
5722.668,307.9353,1
6238.744,152.9036,1
1965.025,332.2476,0
1900.92,404.4103,0
5872.362,280.2966,1
5654.391,320.8828,1
2006.961,283.2576,0
5852.29,319.2612,1
5612.905,204.8955,1
5861.927,233.6401,1
1976.043,366.4638,0
6035.33,327.3193,1
1884.097,342.1639,0
5472.232,186.0986,1
1994.752,361.9771,0
1939.443,325.8535,0
2011.869,292.9692,0
5782.986,252.844,1
6110.633,313.3564,1
1930.045,341.0944,0
5961.263,316.3782,1
6240.867,227.6262,1
1915.005,376.368,0
5683.367,195.3906,1
1984.151,371.2571,0
6488.73,150.1572,1
1935.727,317.6252,0
6052.134,204.7959,1
5510.758,245.24,1
1969.498,351.0356,0
6263.792,209.5068,1
1987.909,392.1421,0
1912.679,384.588,0
5319.864,271.5024,1
5493.849,161.0059,1
5956.451,208.8096,1
1897.046,413.5384,0
2239.406,320.8738,0
5958.579,228.2615,1
2047.464,317.635,0
1974.323,324.4164,0
6054.858,246.4133,1
2000.955,302.6513,0
5960.68,209.4138,1
1943.438,388.61,0
5953.778,193.166,1
6013.236,272.1228,1
5449.753,218.1079,1
5932.282,209.0403,1
1974.614,319.5545,0
6380.44,113.6445,1
6316.497,230.2371,1
1988.52,341.7556,0
6039.044,293.9004,1
5802.328,224.4648,1
5872.013,225.9023,1
4929.978,289.7146,1
5914.371,141.5098,1
2094.564,357.8655,0
6241.634,157.2312,1
5986.863,105.5281,1
6065.441,179.498,1
5443.77,202.4336,1
2062.425,283.8477,0
5965.936,226.5913,1
5833.591,288.1455,1
2115.351,326.0856,0
2050.388,352.6611,0
5967.642,139.9995,1
5386.776,242.5938,1
6317.547,162.2529,1
5790.787,256.0063,1
2063.657,357.2815,0
5898.889,161.6946,1
2000.742,305.3419,0
6161.93,261.6675,1
2019.251,387.2604,0
6095.018,322.9578,1
5779.991,87.06055,1
2071.029,364.0148,0
5688.796,218.4773,1
5995.085,210.0708,1
5867.491,218.8,1
6262.582,316.1052,1
2049.467,344.345,0
6341.202,291.395,1
2034.333,354.3834,0
1971.553,366.7885,0
2066.075,272.1208,0
1898.118,392.1101,0
1929.76,315.6962,0
5807.494,177.3567,1
2118.445,310.5413,0
2110.496,309.9698,0
1953.437,389.1923,0
2008.381,296.5493,0
2306.209,379.6279,0
1954.902,346.897,0
6055.261,120.9072,1
5837.675,141.3572,1
2071.159,314.1935,0
2007.526,350.8673,0
6278.422,193.1331,1
6146.803,297.229,1
5680.306,349.7107,1
5842.01,187.8816,1
5054.057,272.1257,1
5734.446,226.9399,1
1919.893,380.278,0
6486.362,266.8286,1
5798.348,176.7847,1
2074.925,337.5115,0
1968.131,424.4939,0
6287.823,304.0322,1
1997.691,319.5054,0
5913.943,250.4983,1
5968.045,138.7207,1
1968.938,348.8933,0
6161.243,240.5642,1
2034.202,283.9174,0
2055.601,341.4678,0
5869.202,194.4084,1
5788.11,208.1069,1
5948.182,171.2305,1
5909.926,274.6206,1
5734.554,210.4395,1
2118.639,308.8552,0
5971.465,253.7742,1
2279.307,389.8149,0
2018.787,333.3536,0
5369.68,215.1797,1
2113.289,312.7656,0
5921.743,312.8655,1
6098.515,122.0195,1
2010.193,375.0091,0
6173.581,312.8638,1
2110.941,276.7993,0
5887.31,268.1375,1
2063.522,350.243,0
6061.497,274.7007,1
6189.357,193.0562,1
5349.628,268.4092,1
5959.37,191.7932,1
6226.476,187.2471,1
2088.974,343.4268,0
1989.722,288.4854,0
5435.737,230.9875,1
5768.859,169.5249,1
1940.75,352.3405,0
2097.513,306.3829,0
2075.907,287.8872,0
6632.306,49.36963,1
1926.205,402.4729,0
1925.936,306.999,0
5971.098,81.45166,1
5874.471,125.9841,1
5777.513,261.3049,1
6038.542,319.6799,1
2053.351,301.3077,0
6361.272,145.5203,1
5964.091,248.5183,1
5848.518,120.978,1
2020.32,330.4678,0
1974.529,345.8705,0
2038.064,320.4468,0
5816.71,214.2317,1
1998.904,329.4408,0
5969.763,219.6355,1
6107.314,223.4736,1
5806.595,239.3926,1
5974.341,310.5508,1
5810.967,285.6721,1
2059.419,266.6829,0
6186.338,281.9592,1
6136.858,211.6438,1
2163.952,289.6494,0
1886.387,324.5392,0
6070.742,335.7485,1
5953.843,211.4011,1
5651.15,253.8235,1
6048.375,215.3867,1
6248.392,143.1328,1
6080.613,310.4321,1
2023.899,260.0416,0
1992.345,337.6947,0
5958.806,170.1716,1
1981.428,298.8767,0
2012.469,341.2708,0
5991.305,73.67554,1
1975.67,324.0513,0
2028.17,331.8722,0
6207.895,251.7319,1
6121.229,251.802,1
5829.767,305.0154,1
5456.99,300.2175,1
5209.597,156.6831,1
1982.8,413.6774,0
4932.426,321.0583,1
5605.278,292.8552,1
6087.517,295.1653,1
5849.633,215.3538,1
6607.126,154.7778,1
2052.385,357.0742,0
5730.506,203.283,1
6195.691,254.8545,1
2005.377,322.8596,0
5857.783,300.6135,1
2004.825,351.6977,0
2125.82,360.7859,0
5983.338,161.6458,1
5428.517,290.4006,1
6122.99,162.6187,1
2010.693,373.7142,0
5781.055,288.8918,1
5905.844,140.7559,1
5960.218,147.4756,1
2084.797,420.4806,0
1973.165,380.8192,0
5424.548,306.6719,1
2016.714,335.6749,0
6048.352,197.8904,1
6053.202,288.2004,1
2169.243,250.0585,0
6349.94,269.3147,1
1958.154,333.5007,0
6022.42,182.1514,1
5902.779,207.2168,1
6490.137,181.7517,1
1946.06,329.4882,0
5569.986,277.0042,1
5773.719,266.9521,1
5915.581,283.512,1
6094.809,244.092,1
6037.223,261.426,1
5777.05,263.1494,1
5724.651,272.1907,1
1969.497,330.3067,0
6196.454,263.1692,1
5849.991,151.6199,1
5913.729,166.1516,1
1963.108,410.686,0
1992.148,287.4496,0
2049.539,331.2687,0
5829.208,237.4504,1
1979.855,317.2498,0
1950.882,390.2844,0
5989.434,237.9736,1
5596.284,280.2786,1
1958.515,361.9666,0
5835.749,242.0579,1
5710.657,230.343,1
1938.471,355.7182,0
5497.682,198.6069,1
6025.159,224.0586,1
6227.77,234.5215,1
6225.014,171.4209,1
2000.527,333.3998,0
2010.427,308.09,0
1948.686,248.9235,0
1990.565,295.7497,0
5719.226,217.0435,1
6637.351,155.5381,1
5742.958,301.4236,1
6198.002,237.7051,1
5950.606,209.5088,1
5830.027,150.8662,1
1987.989,307.6598,0
6006.719,192.4065,1
6187.714,161.4492,1
1911.142,355.6946,0
5209.657,360.717,1
6054.498,182.6399,1
5769.875,349.1438,1
1947.335,344.0572,0
6055.727,179.9392,1
5771.874,332.5549,1
5819.979,440.4412,1
2060.446,369.7439,0
2078.652,339.9272,0
6035.342,25.05347,1
5006.9,311.8198,1
6225.163,315.7832,1
6128.843,271.2068,1
2113.92,358.0386,0
5783.261,303.8582,1
6010.334,191.1274,1
1946.801,325.8104,0
1987.162,389.3429,0
6203.589,246.655,1
1953.406,379.6558,0
5825.146,306.3655,1
5292.03,240.4819,1
2014.001,362.5538,0
1942.74,280.6097,0
5954.024,207.0259,1
6156.376,255.3103,1
5980.759,193.0322,1
6015.276,64.65234,1
1890.6,357.0706,0
6774.882,296.6858,1
6095.152,228.9246,1
2012.42,330.113,0
5729.148,148.2668,1
1931.875,382.145,0
5750.89,261.2488,1
2022.938,210.8005,0
2065.725,301.0143,0
6161.157,202.5703,1
5917.363,319.3936,1
6015.672,240.5083,1
6635.05,229.353,1
6240.905,274.5608,1
6114.33,195.7886,1
1995.174,375.306,0
6073.859,172.812,1
1997.546,372.5521,0
5434.668,225.6792,1
1984.499,372.9778,0
1937.643,371.0585,0
5777.866,201.0056,1
5963.509,259.0818,1
5920.87,285.0068,1
6234.882,224.1958,1
5770.533,287.0901,1
1997.611,305.4015,0
2049.15,320.0227,0
5901.961,142.3499,1
5997.911,175.4111,1
5764.103,261.272,1
2059.379,364.146,0
5975.566,192.3789,1
5877.856,305.075,1
5907.798,273.0366,1
6061.637,175.5955,1
1961.093,341.592,0
5386.142,278.4395,1
1947.739,386.8451,0
6051.542,215.7952,1
2053.587,295.9304,0
2012.985,340.705,0
5321.834,225.55,1
6308.168,229.1882,1
1956.172,352.0526,0
5763.505,161.407,1
5686.018,262.9722,1
1904.189,381.4334,0
5790.673,219.2539,1
2126.754,272.2592,0
5754.22,196.6536,1
2031.732,278.713,0
5604.134,183.4753,1
1906.955,380.2871,0
5913.156,73.71704,1
5717.406,292.4399,1
2135.38,339.9392,0
5551.978,159.3733,1
5821.343,172.9399,1
2045.513,307.7175,0
2133.054,314.1388,0
2055.397,339.1188,0
1997.105,303.9115,0
5319.15,326.238,1
5920.269,228.2737,1
6078.662,288.6685,1
2029.313,338.2517,0
1927.052,289.5834,0
1966.866,300.7161,0
1936.937,353.4826,0
1990.789,294.2049,0
5799.184,220.6089,1
2144.145,301.7208,0
2050.047,365.812,0
1969.849,381.3709,0
6096.374,224.4502,1
2000.672,388.1196,0
2033.852,328.6508,0
5896.164,174.6565,1
6100.723,215.1804,1
1976.264,308.4044,0
5633.479,251.0652,1
2005.888,304.7607,0
5744.523,267.8645,1
6026.593,166.7627,1
5966.605,134.907,1
6104.027,143.5764,1
6171.486,193.8052,1
2019.618,320.924,0
2011.696,323.2628,0
6555.649,190.5303,1
1985.83,313.7523,0
5990.435,201.5347,1
5614.359,269.886,1
1952.324,399.8307,0
2050.208,391.7986,0
5813.89,268.0391,1
1924.234,342.2661,0
6196.605,237.7412,1
1986.915,370.5506,0
5420.991,317.6987,1
2019.599,335.4029,0
5899.414,200.6333,1
2101.215,349.0535,0
6031.993,203.0688,1
6624.266,298.7676,1
6093.311,237.5793,1
1871.187,349.6512,0
4529.53,307.9846,1
6032.57,312.3835,1
6220.993,282.3711,1
1926.622,339.8264,0
5829.643,195.0042,1
1997.724,308.6776,0
5711.047,153.6294,1
2089.514,277.0176,0
6037.194,317.4124,1
5953.041,255.3972,1
5966.793,321.3782,1
1979.691,300.8862,0
2074.105,344.1,0
2065.427,261.1661,0
6012.404,257.6509,1
2048.217,329.0327,0
5696.177,204.0605,1
1909.556,404.3051,0
2074.431,334.3536,0
5876.993,225.7356,1
1979.075,333.5085,0
6193.572,276.5117,1
5894.11,145.5564,1
1972.175,327.2587,0
2015.378,336.8087,0
6151.115,166.7024,1
2078.639,283.1616,0
2000.527,356.4148,0
1966.162,393.9652,0
1964.232,325.2421,0
6078.834,104.0259,1
1970.922,326.4967,0
5488.843,163.7708,1
1961.555,269.9308,0
2025.113,296.7515,0
2012.169,382.5505,0
5916.806,203.2119,1
1977.062,391.1359,0
1938.805,327.5584,0
6083.922,88.22632,1
1983.761,309.3488,0
2067.333,319.3807,0
5798.432,196.1741,1
5858.296,246.5059,1
5932.318,148.8284,1
5988.813,181.3982,1
2035.587,325.2725,0
1898.052,341.3551,0
5847.256,264.791,1
2064.943,307.0409,0
5621.403,302.6719,1
2045.208,347.3192,0
1991.735,355.5225,0
2070.036,288.4132,0
1905.473,441.8663,0
1981.296,320.0336,0
5883.141,172.6899,1
5786.385,238.4773,1
1919.767,345.4733,0
1991.934,418.2141,0
2025.991,282.4772,0
2022.729,265.6006,0
2106.995,319.7366,0
5927.651,188.9404,1
2029.209,291.8047,0
2040.232,323.012,0
5288.331,335.4053,1
5869.348,189.9192,1
6153.463,185.6335,1
6265.411,331.5442,1
2079.586,316.6625,0
6575.127,218.5159,1
1957.853,307.8309,0
5845.888,205.0698,1
5905.477,253.2402,1
6429.646,299.7371,1
1993.542,319.0528,0
5701.445,295.1226,1
2010.096,407.5652,0
5802.157,174.8115,1
5873.386,180.187,1
1973.292,315.7529,0
1957.652,387.3349,0
2154.492,372.1262,0
2073.252,336.8186,0
6278.635,128.9146,1
5725.207,154.8022,1
5974.756,201.9441,1
1876.791,290.3927,0
5190.098,174.8315,1
6265.317,188.6545,1
6273.165,114.5095,1
1919.304,374.1105,0
1926.784,357.5393,0
2063.687,303.2448,0
5865.745,208.1384,1
5957.584,174.0032,1
5790.833,282.2078,1
6039.306,211.7786,1
2091.159,327.6615,0
6252.023,140.5317,1
5900.157,227.3489,1
2032.952,383.1387,0
1956.169,357.912,0
1998.066,290.5858,0
1980.346,332.5363,0
2028.101,327.505,0
1964.061,359.4278,0
2061.516,256.1992,0
5805.255,131.9336,1
2032.332,357.1222,0
1999.226,299.7216,0
6007.067,165.353,1
6108.181,173.5364,1
1979.855,354.9684,0
1960.69,325.1937,0
6205.97,245.7786,1
2017.481,364.9015,0
1967.243,319.6393,0
5907.768,248.4326,1
5936.48,295.6311,1
6214.532,163.5657,1
5661.943,174.3923,1
5943.386,149.7222,1
5795.071,217.157,1
5624.051,219.532,1
6145.913,206.4297,1
5705.851,228.2322,1
5585.578,210.8274,1
1903.298,325.2949,0
5384.147,252.99,1
1916.439,329.5895,0
6068.542,190.9392,1
1960.437,390.1729,0
2152.641,314.7845,0
6251.445,122.4399,1
2055.202,270.3052,0
5994.443,278.9756,1
1927.806,334.5299,0
6093.039,206.0894,1
6088.826,44.84668,1
1976.458,333.9871,0
2156.81,273.2596,0
2078.26,265.6389,0
1985.225,367.1107,0
2044.316,241.0897,0
2062.024,365.7231,0
6152.154,179.9446,1
2133.168,346.1199,0
6083.648,101.7407,1
5982.506,192.2859,1
2066.993,255.2793,0
1916.487,385.6503,0
6159.592,246.2783,1
6147.684,40.34985,1
1967.564,360.3282,0
5747.801,138.7988,1
5902.028,194.9294,1
5911.173,158.5986,1
5904.961,196.9934,1
1939.594,320.0267,0
1918.049,345.4066,0
2071.225,337.5868,0
5840.776,195.5662,1
2058.265,299.0402,0
2061.31,306.3564,0
5853.562,299.5505,1
1997.794,351.0364,0
5827.011,137.5957,1
6321.697,119.3301,1
5814.608,294.3774,1
5801.222,220.0542,1
5301.433,411.3826,1
5857.446,193.9502,1
5871.248,198.8352,1
5878.286,310.1113,1
6197.255,352.5193,1
1973.125,267.5748,0
6067.389,230.3186,1
5735.228,176.5586,1
6140.648,218.9653,1
5804.135,220.3462,1
5529.386,217.8025,1
5939.952,322.9006,1
6109.282,188.4883,1
2089.692,303.1487,0
5678.215,180.9812,1
5978.178,309.5205,1
2102.802,307.1381,0
1960.607,275.543,0
2148.732,289.2285,0
2060.952,326.913,0
1891.825,334.8156,0
5733.527,205.731,1
5918.375,159.0959,1
1927.727,242.0069,0
1985.748,385.3256,0
6603.578,269.5266,1
2092.89,317.0262,0
5892.529,338.3362,1
6135.423,89.38086,1
5756.96,332.3606,1
2027.916,343.7441,0
5912.283,208.9451,1
6293.501,232.8853,1
6177.615,200.5881,1
6041.331,183.4202,1
2025.676,339.5444,0
5692.091,239.168,1
1942.519,368.8542,0
5884.695,293.8616,1
6056.099,322.1797,1
1919.407,331.6642,0
5767.184,259.2124,1
2005.594,344.1037,0
1954.479,393.4861,0
1894.673,388.626,0
6045.852,163.6104,1
6245.498,281.1741,1
2060.927,336.0095,0
5814.028,196.2295,1
2023.191,397.5127,0
6084.146,200.5308,1
5873.126,172.2036,1
5927.915,264.1907,1
2092.646,346.3191,0
2129.149,352.0802,0
1968.059,302.6273,0
6109.665,162.4148,1
2113.695,267.1415,0
2084.62,286.9086,0
2010.251,322.0679,0
2012.554,364.5012,0
5802.78,241.1777,1
1905.576,387.2388,0
1994.285,314.0701,0
2016.136,306.0334,0
6126.649,166.5181,1
6100.921,203.3457,1
5834.596,335.2998,1
2032.127,388.9237,0
1845.654,323.0457,0
2042.567,332.6552,0
6059.602,86.25562,1
2023.893,328.1257,0
1941.894,364.4485,0
2063.334,301.7361,0
5859.708,100.5935,1
6261.069,205.718,1
1925.316,318.5497,0
5906.481,304.2107,1
6475.874,244.3877,1
5453.689,319.5144,1
2014.089,284.877,0
6271.744,71.78125,1
1987.247,371.1992,0
2017.918,286.6304,0
5899.915,230.8555,1
6001.879,216.02,1
1906.01,396.8035,0
6365.422,209.615,1
5777.082,159.4041,1
2083.896,313.2375,0
6221.733,274.8003,1
5359.324,148.1055,1
5742.144,227.9338,1
6101.959,59.81079,1
1981.048,380.7715,0
1953.416,375.7078,0
1890.302,326.1473,0
2119.279,5518.0,
2022.524,273.8757,0
5872.978,171.2756,1
5916.484,279.5879,1
5800.798,202.0627,1
2104.403,329.1827,0
5869.104,164.0337,1
5478.326,260.9038,1
6195.034,245.3079,1
2035.278,253.8327,0
6297.482,86.33496,1
1954.819,332.3365,0
5528.203,248.1399,1
6060.958,182.2083,1
5740.846,267.5269,1
5958.973,210.8984,1
5843.05,203.1157,1
6047.034,202.5359,1
2006.144,399.0291,0
2034.956,324.2378,0
2045.794,292.8353,0
2036.762,319.2748,0
5777.273,262.3613,1
5884.625,218.6096,1
1954.672,319.1953,0
6141.406,222.5525,1
5877.632,191.4312,1
5941.817,178.2935,1
6069.587,261.6873,1
1902.99,282.3284,0
5976.631,292.0601,1
5964.772,124.0527,1
1993.252,303.1114,0
1974.243,231.7829,0
1964.861,301.6182,0
6066.006,189.1855,1
1980.176,284.3182,0
2002.136,314.5034,0
5987.731,279.1272,1
2010.745,345.241,0
1971.851,328.301,0
2048.35,338.7388,0
6369.289,140.99,1
5775.975,298.384,1
1934.182,299.2349,0
2198.229,264.696,0
2009.214,336.4825,0
6299.854,250.4534,1
5895.027,172.6218,1
5952.841,150.7515,1
6039.943,301.3062,1
1919.526,391.1146,0
5710.623,264.4275,1
1909.218,246.3948,0
1942.325,393.8652,0
2043.871,338.7915,0
6195.333,277.458,1
6063.805,168.5276,1
5969.845,218.2817,1
1944.917,313.8819,0
5975.671,294.0654,1
6152.523,79.1167,1
1932.059,370.8055,0
6638.079,229.5513,1
2019.58,333.2674,0
5560.914,256.8853,1
5835.385,145.8286,1
5862.173,188.8301,1
5818.107,273.1814,1
1985.369,329.8873,0
5833.225,109.6768,1
6176.244,212.4883,1
2096.99,298.9253,0
2032.405,305.4974,0
6136.092,329.6404,1
1968.124,362.473,0
5696.135,163.3914,1
1845.408,374.6877,0
5826.807,218.2595,1
6344.61,304.0742,1
6679.229,187.699,1
1911.752,286.9542,0
5867.019,213.9709,1
6356.522,248.2632,1
6000.309,216.7988,1
6039.498,247.9846,1
5967.387,264.3777,1
5954.208,219.7256,1
1987.776,299.3632,0
2031.613,337.5624,0
1936.43,313.0387,0
2105.337,354.4124,0
2006.297,234.8469,0
5706.354,147.1221,1
6314.739,226.8857,1
6296.922,237.8184,1
2049.666,363.825,0
5962.646,178.9082,1
6177.45,193.979,1
6105.257,287.5918,1
1940.386,307.2787,0
1968.552,387.955,0
2080.783,422.7421,0
6119.678,184.9819,1
6159.205,120.6665,1
5871.232,190.7693,1
6141.912,222.8271,1
5700.059,241.9812,1
1969.933,354.9684,0
6106.917,168.2463,1
6158.649,251.219,1
1983.286,325.2346,0
6476.539,276.4382,1
1980.385,389.0841,0
6469.775,186.6536,1
2055.027,317.3566,0
1928.32,358.6155,0
5912.432,190.7566,1
2034.812,369.1851,0
5965.859,205.3262,1
2064.036,366.7739,0
1875.699,377.0927,0
5849.239,188.5027,1
1953.977,306.1473,0
1991.155,287.0084,0
5424.943,269.2886,1
5882.72,269.5161,1
1923.14,386.9752,0
6690.945,134.4233,1
2112.772,318.8297,0
2010.507,322.8766,0
1941.938,296.0034,0
1979.97,349.3013,0
6005.719,317.6257,1
2020.781,297.3761,0
5867.566,181.2793,1
1957.284,317.6794,0
5207.073,245.863,1
6026.401,202.6824,1
1981.993,276.0084,0
2067.883,305.1942,0
5722.992,274.4968,1
2022.002,374.5824,0
1962.286,324.0679,0
5950.341,144.0063,1
5798.876,290.8555,1
5897.415,185.2041,1
1946.184,252.3323,0
6555.978,131.6174,1
6013.758,203.3552,1
2080.054,306.5199,0
2149.539,284.9061,0
6701.748,85.74658,1
5763.965,264.5952,1
5979.479,132.3831,1
1961.732,363.3764,0
1944.581,383.8145,0
1957.023,374.5449,0
5504.244,262.7341,1
1968.386,425.4015,0
6181.249,293.5906,1
1863.369,306.8337,0
5778.864,222.9504,1
2157.433,240.4055,0
1968.158,387.7589,0
2024.474,363.8008,0
5969.583,227.7671,1
5718.081,268.312,1
5754.809,273.5938,1
2069.017,268.8177,0
1937.135,294.6603,0
6179.045,57.021,1
2101.935,276.0902,0
5753.853,223.5632,1
5865.606,330.9871,1
5815.051,313.2429,1
1966.993,349.1281,0
5639.687,234.1714,1
5732.813,272.4548,1
2056.16,292.0778,0
1877.225,348.1606,0
1918.509,351.9724,0
5783.48,233.678,1
1984.37,373.3625,0
5604.956,323.2373,1
5598.148,303.8765,1
6004.342,148.2234,1
1946.548,352.6599,0
6057.607,234.3689,1
5914.797,241.5925,1
6245.664,227.4983,1
2126.178,324.7406,0
1984.537,326.9607,0
5771.567,155.4609,1
2025.077,347.8296,0
2036.328,328.8495,0
5763.608,190.1016,1
1974.903,384.9564,0
1912.062,304.3986,0
5737.836,302.1855,1
6229.531,227.4792,1
1993.086,345.2914,0
2158.298,269.7031,0
5975.489,168.2588,1
1952.195,327.6526,0
6117.585,186.7305,1
5859.625,342.5881,1
1869.153,331.1607,0
1968.642,388.0997,0
6123.908,144.7454,1
6369.92,170.0251,1
5961.871,308.4958,1
6148.082,281.0408,1
5973.514,374.604,1
1971.333,392.7211,0
1944.389,324.6646,0
5958.75,281.564,1
1881.245,394.5126,0
5919.945,190.7319,1
5759.753,275.4014,1
1951.582,318.8948,0
5885.182,264.6196,1
6416.311,159.7971,1
6020.858,217.8066,1
5676.221,249.4194,1
5782.042,208.4683,1
2022.355,306.1835,0
2014.043,337.3983,0
6026.21,176.3672,1
5371.647,144.8162,1
5906.899,217.0366,1
1988.301,343.242,0
1866.731,350.3373,0
2064.806,219.9492,0
1905.666,345.9285,0
5820.544,309.75,1
6075.211,227.678,1
5946.908,205.5515,1
6026.193,241.6921,1
1987.602,341.6976,0
4761.599,387.4873,1
1985.26,346.8463,0
5781.501,122.1614,1
1919.521,346.2747,0
5880.211,237.9846,1
5845.473,137.5691,1
5811.434,177.6592,1
1931.675,347.1811,0
5910.312,265.7847,1
2007.944,333.58,0
6142.311,205.5088,1
5509.356,227.9814,1
5930.735,249.4817,1
1906.793,332.6057,0
6417.174,77.26147,1
1976.672,353.8383,0
5079.727,167.7561,1
5790.213,191.5642,1
1941.314,382.4175,0
5991.463,137.0239,1
1942.168,316.1391,0
1998.271,309.2111,0
1941.476,336.2935,0
2018.463,233.8739,0
5944.999,151.2456,1
5614.464,232.5447,1
6420.288,199.8921,1
2067.623,340.8051,0
6216.363,210.4929,1
1996.639,376.8839,0
1888.259,356.6932,0
6077.972,308.0254,1
5841.671,220.5767,1
5463.516,235.2791,1
1983.653,376.9618,0
5806.262,210.2891,1
5419.617,254.5085,1
1928.942,351.6717,0
5971.261,206.9336,1
5902.272,208.3916,1
5860.969,235.3894,1
2079.205,373.1018,0
2021.164,329.3514,0
5981.22,184.8657,1
5849.511,329.228,1
5874.967,282.7605,1
1956.1,392.9401,0
5342.926,303.1501,1
1873.089,457.8442,0
5876.493,356.3311,1
6116.444,126.2195,1
1861.664,362.0576,0
6131.83,317.1594,1
1976.786,376.3917,0
5843.146,185.8018,1
6291.713,280.2249,1
6176.675,272.7468,1
6233.91,286.7969,1
6363.063,235.2236,1
2072.272,300.475,0
1937.1,341.629,0
1974.468,330.0148,0
5417.968,234.2651,1
1877.996,339.541,0
5818.74,270.3577,1
5771.213,201.0024,1
5880.814,288.447,1
6193.832,127.3562,1
6198.153,130.4814,1
5704.436,246.843,1
5840.642,216.6987,1
1928.145,336.1585,0
1962.029,300.0208,0
5923.611,191.2207,1
1994.677,264.5807,0
5929.245,276.1885,1
6067.617,310.7974,1
5906.037,186.2002,1
6104.839,206.9609,1
5631.457,301.2524,1
1965.814,347.6679,0
6108.189,221.1375,1
2003.076,321.147,0
5915.577,281.3745,1
1930.991,374.3042,0
2023.682,354.4814,0
5912.392,245.0459,1
1989.763,342.546,0
5918.79,334.8127,1
5840.967,157.75,1
1972.619,317.0173,0
5791.418,172.9111,1
1904.911,395.7179,0
2090.819,364.1545,0
1953.802,344.5367,0
5768.667,267.3125,1
1907.646,355.3412,0
5792.868,155.4895,1
1965.757,418.9088,0
5437.915,226.2051,1
5258.001,341.8345,1
6008.731,152.8445,1
2049.004,336.0367,0
5798.163,142.5305,1
6191.408,131.655,1
2029.129,311.2679,0
1903.981,343.5692,0
6290.999,288.6692,1
2086.511,392.2595,0
5981.321,295.8337,1
5880.296,270.2385,1
1998.758,329.8052,0
2028.277,332.7622,0
2072.896,324.3539,0
5948.192,243.4434,1
6257.693,266.2949,1
1879.348,343.6497,0
5818.145,144.9114,1
1908.108,354.1975,0
6343.711,267.1467,1
6661.831,174.7192,1
1926.783,283.3483,0
2013.674,329.9875,0
5817.054,161.5935,1
2030.288,379.7875,0
1865.994,365.5605,0
1943.871,297.1558,0
5956.591,206.9358,1
5620.724,293.3074,1
5733.394,340.6648,1
1891.558,373.33,0
5912.49,216.7244,1
1947.17,398.097,0
5971.722,249.0139,1
5857.306,194.7358,1
2016.463,334.6717,0
6284.539,242.4978,1
2058.076,309.7377,0
1977.36,265.3674,0
1965.691,312.7711,0
1991.078,391.506,0
2015.37,360.7574,0
1963.395,400.0592,0
6056.06,236.2144,1
2036.897,289.2372,0
1960.334,318.3527,0
5976.625,181.0723,1
2031.353,288.4109,0
1886.127,329.631,0
5806.241,112.0591,1
1809.82,334.6306,0
2019.222,312.6492,0
6121.781,310.6682,1
2114.235,230.8438,0
2049.739,333.1079,0
5420.505,227.1357,1
1891.168,390.0535,0
1920.21,402.2678,0
2001.305,285.4262,0
5216.543,397.5344,1
6142.064,215.646,1
1952.582,327.8478,0
5744.857,123.6392,1
1947.586,332.9596,0
6133.158,281.4353,1
5425.981,299.7988,1
6503.842,205.8059,1
1937.159,287.1805,0
1929.027,364.702,0
5903.979,209.4966,1
5795.091,326.1621,1
6003.34,296.5493,1
1896.33,297.4092,0
1928.393,342.7301,0
6209.621,254.4158,1
5917.106,210.2705,1
5936.971,261.2581,1
1955.587,295.4427,0
5746.3,267.1167,1
6208.247,231.8203,1
2010.676,285.3287,0
1944.305,360.4656,0
5996.469,185.6506,1
6118.029,191.9016,1
2009.87,381.6129,0
6203.673,144.0042,1
5731.718,299.8687,1
2036.399,302.3082,0
5815.352,311.1316,1
2011.885,323.3237,0
5904.324,225.1677,1
2072.478,348.2734,0
1949.862,373.8038,0
2032.396,366.9323,0
6135.377,271.4438,1
2038.488,347.8374,0
6001.155,138.6733,1
5794.979,222.1021,1
1964.728,400.5861,0
1991.569,266.4519,0
6138.929,226.2134,1
1949.138,310.7484,0
5801.098,219.1577,1
5990.612,312.7087,1
5410.792,216.9702,1
1951.972,335.7155,0
5807.231,164.7527,1
6014.987,243.5083,1
1905.945,296.6855,0
2161.051,309.8247,0
5949.547,198.4312,1
5935.059,318.3906,1
2068.148,345.0929,0
5818.472,196.5195,1
5825.733,116.626,1
1980.79,338.4789,0
5978.297,343.7603,1
1931.776,390.463,0
6044.84,137.3938,1
5834.904,275.5881,1
5778.228,295.2227,1
5711.523,325.6736,1
6578.448,274.9807,1
5962.894,271.9915,1
5217.698,408.9741,1
6166.499,168.9629,1
5943.01,121.2268,1
2073.814,343.066,0
1997.284,332.8611,0
2055.273,319.9807,0
5904.466,219.8943,1
6200.344,273.052,1
2038.705,350.2892,0
1949.561,368.1266,0
5902.142,281.7668,1
2061.998,355.7445,0
2001.902,345.6453,0
1912.916,313.0143,0
2012.382,293.4388,0
2025.49,238.948,0
5921.918,276.8628,1
5999.239,234.1003,1
6050.089,173.7141,1
1940.307,346.4118,0
2044.687,349.9386,0
1990.425,361.6343,0
5978.866,134.3633,1
1861.058,418.6522,0
2002.969,330.4716,0
1967.119,445.1241,0
5129.292,331.6213,1
1977.928,342.0952,0
5746.902,220.3718,1
5676.705,251.4375,1
5724.267,212.1047,1
1893.002,437.7529,0
1924.495,367.0134,0
5866.691,154.2051,1
1942.902,296.7386,0
5692.062,218.374,1
2034.413,292.0504,0
2131.922,461.0879,0
5828.209,305.5188,1
5814.013,289.3762,1
2033.108,264.2202,0
5747.897,266.8875,1
1928.812,405.8276,0
2084.747,389.7048,0
6019.864,278.8779,1
5474.275,301.1914,1
5777.697,254.1201,1
5734.413,274.3574,1
2043.927,333.0876,0
6115.903,185.8389,1
1953.284,384.2673,0
1904.793,389.0264,0
6283.543,128.6216,1
5938.697,287.8628,1
1975.323,345.3859,0
2071.417,389.2676,0
1961.989,313.9779,0
2039.379,261.9937,0
2021.762,313.8745,0
5975.178,157.6848,1
5992.863,190.6931,1
5989.049,243.782,1
5886.188,217.0415,1
5915.711,172.0723,1
1906.563,360.7281,0
5296.854,117.8115,1
6281.255,210.282,1
6180.146,60.19263,1
1953.56,280.4218,0
6054.66,238.8833,1
2038.843,345.7532,0
2084.71,352.2894,0
2024.921,355.5778,0
2012.015,286.6519,0
6062.377,178.8379,1
2000.169,348.6565,0
5573.5,238.2119,1
5918.708,185.8752,1
6243.228,240.364,1
5902.337,295.7173,1
5567.605,261.8462,1
6115.746,192.7241,1
5950.023,238.7947,1
6248.895,225.6265,1
1966.694,340.3082,0
1939.197,325.7976,0
5155.899,255.7427,1
5949.443,201.7507,1
1995.326,357.9216,0
2061.873,338.9366,0
5897.154,261.2656,1
5877.923,225.6831,1
5879.602,177.9099,1
5896.628,227.2705,1
5048.067,218.929,1
5903.218,241.3694,1
5827.238,238.002,1
2060.019,369.0804,0
2044.798,348.8307,0
6311.172,230.1555,1
1950.501,365.8938,0
1949.201,366.0063,0
1936.117,332.8091,0
6479.104,200.2766,1
2087.983,390.7023,0
1920.92,357.5366,0
6265.751,258.0713,1
6312.045,267.5493,1
6483.688,283.8083,1
2036.03,315.7411,0
5971.699,223.7903,1
5907.064,199.9941,1
5940.505,202.8723,1
5687.346,259.5732,1
5867.097,238.9124,1
6095.363,169.5496,1
5981.611,192.9924,1
2192.847,311.0972,0
5801.014,188.8633,1
6463.407,234.8884,1
5387.567,292.4758,1
1946.576,362.6272,0
5807.495,224.397,1
6196.97,196.7031,1
2028.596,263.8731,0
5976.047,339.0435,1
5499.267,204.3186,1
5778.558,303.0559,1
5974.501,295.304,1
6009.613,267.3835,1
5951.262,236.4468,1
2107.615,343.8727,0
2010.673,390.6207,0
5922.736,135.812,1
2039.596,301.2365,0
6418.088,271.0583,1
5982.112,197.6455,1
2056.269,286.5762,0
6360.625,148.5022,1
1987.731,360.1563,0
6106.225,247.7903,1
1984.049,309.3032,0
6056.842,256.2375,1
5577.758,206.8743,1
1923.9,319.9375,0
1998.268,290.9417,0
1865.318,355.5305,0
1999.731,274.4625,0
1956.063,283.392,0
1996.438,369.8983,0
2068.573,231.2838,0
6062.916,309.5044,1
1994.945,309.2768,0
6397.49,305.6064,1
2073.941,311.2543,0
1884.066,384.6306,0
5674.77,256.9324,1
5733.511,149.8757,1
1953.619,347.0117,0
1997.227,299.0134,0
5775.905,132.822,1
5816.907,387.8066,1
5999.714,238.9143,1
5679.441,328.8943,1
2017.508,294.5707,0
1996.792,403.1144,0
2009.008,307.4614,0
5928.586,201.1614,1
1850.886,359.4354,0
2045.026,338.0251,0
5831.597,274.2712,1
1980.203,280.6987,0
6063.129,242.6157,1
1980.742,306.3635,0
5828.341,223.666,1
2065.397,315.6179,0
5739.412,215.8975,1
5759.069,323.3403,1
1960.443,302.3351,0
5887.483,196.5972,1
5869.495,196.3689,1
2251.357,299.4281,0
6147.323,267.0256,1
6041.51,219.5579,1
2032.26,306.9093,0
5781.063,176.405,1
1941.48,376.7101,0
5976.792,195.4851,1
6708.866,172.104,1
1895.96,338.3428,0
5943.015,226.3098,1
5945.773,193.4526,1
5863.885,184.4128,1
6151.077,266.2925,1
6557.198,182.0732,1
5721.257,276.9038,1
1903.916,332.797,0
5842.926,201.3176,1
5820.133,254.7036,1
2077.515,301.3079,0
6042.052,199.7415,1
1988.816,348.3331,0
5770.339,232.4243,1
1986.539,350.5167,0
6103.143,149.0454,1
5493.783,182.6777,1
2061.742,320.5458,0
5988.143,160.137,1
1937.025,334.2424,0
6247.167,361.4009,1
6274.316,243.9155,1
2006.487,359.701,0
6019.175,273.5305,1
2017.924,279.9305,0
1933.571,325.0786,0
2022.509,345.0797,0
6239.416,210.9031,1
2038.744,311.9165,0
6118.67,243.2759,1
5985.155,229.5369,1
2092.789,284.1335,0
1974.405,362.8064,0
5702.589,342.4185,1
5940.372,131.3755,1
1984.503,373.4453,0
6107.634,263.1008,1
2029.393,323.4532,0
6377.806,140.0227,1
2008.996,346.5909,0
5177.67,380.4495,1
5690.479,263.8799,1
5679.391,230.3884,1
1851.792,313.5763,0
6031.581,365.9426,1
4774.769,269.5269,1
5882.737,234.4255,1
2035.975,317.4078,0
1897.187,303.4545,0
6408.927,186.2827,1
5828.537,164.6221,1
2107.831,285.4739,0
1918.465,289.2697,0
6188.431,229.6484,1
5669.674,263.0378,1
5858.109,249.9109,1
1967.404,354.2206,0
5754.592,197.1619,1
5749.01,239.0071,1
5779.259,168.5076,1
6509.06,345.4033,1
1877.823,420.0296,0
6087.074,174.2048,1
5916.636,217.9038,1
5958.384,175.0364,1
1985.967,335.594,0
2064.499,277.0502,0
6080.609,238.1702,1
2022.834,278.4781,0
2116.665,376.5304,0
1924.595,357.3435,0
2011.815,301.2302,0
6135.98,304.3818,1
1943.593,253.6772,0
2054.422,355.7775,0
6216.582,209.2036,1
6464.094,257.6565,1
2017.373,302.4068,0
6010.112,180.9707,1
1939.444,323.3029,0
5347.74,154.4683,1
1969.271,314.7103,0
5917.352,248.9885,1
5978.433,218.3621,1
6160.321,241.9939,1
1981.536,326.7169,0
5725.889,249.2756,1
6193.258,237.6882,1
6421.81,271.7668,1
1882.248,374.6878,0
2202.373,258.8247,0
2054.297,310.3403,0
6435.347,272.3298,1
1968.109,331.2432,0
1902.74,339.7286,0
2032.718,348.442,0
1824.998,394.5399,0
6462.749,129.208,1
6715.445,327.3193,1
1970.431,343.5058,0
5601.645,326.3594,1
2007.266,306.4908,0
6220.651,270.438,1
6337.292,130.2583,1
6165.23,230.5767,1
1910.301,388.6762,0
1904.514,349.8599,0
1865.966,277.064,0
6075.036,273.5923,1
1934.438,373.5522,0
5789.494,315.2053,1
5930.859,265.0664,1
2124.553,373.9111,0
6378.531,212.6956,1
1959.019,389.9989,0
5916.973,213.2871,1
5718.479,293.0696,1
5967.901,241.9578,1
5944.839,249.4004,1
1980.386,324.5965,0
6042.502,243.7759,1
5177.532,315.0452,1
1993.26,313.9547,0
6213.066,263.9292,1
6075.312,210.1531,1
6142.847,159.2542,1
5835.126,175.7776,1
5868.736,83.57104,1
5852.053,301.9854,1
5858.285,207.4531,1
1946.21,255.9996,0
2025.212,328.3278,0
6150.577,109.2466,1
1966.557,318.4848,0
6372.895,207.479,1
1992.573,313.9849,0
1976.889,388.1986,0
1933.249,369.2232,0
1966.673,322.734,0
5908.454,161.0945,1
2028.679,343.4045,0
5918.746,241.3447,1
5308.053,202.6873,1
5760.592,306.6611,1
2000.711,362.3857,0
1885.199,369.1947,0
5589.063,255.4258,1
1951.833,330.154,0
6356.17,213.5518,1
5919.64,262.3896,1
6036.065,129.9541,1
5894.035,221.1968,1
5996.089,254.7651,1
5901.964,147.3848,1
5651.49,221.4189,1
2090.535,278.902,0
1923.38,375.6428,0
1956.656,388.3938,0
6170.336,204.5518,1
2171.803,334.0244,0
2045.594,280.4362,0
6137.641,161.7581,1
5893.922,158.7769,1
5958.346,288.9939,1
6738.341,187.8481,1
6872.398,226.0862,1
5711.746,261.064,1
6417.348,150.3843,1
2090.214,279.3334,0
6549.178,368.957,1
5779.032,321.0073,1
5958.504,198.0571,1
6312.693,247.7444,1
1995.652,361.9185,0
5922.178,146.605,1
5850.382,250.2773,1
1972.651,319.0165,0
1967.973,334.0764,0
2053.987,344.2238,0
5971.837,264.7473,1
2025.526,342.2357,0
5898.506,266.1187,1
1969.848,340.4292,0
5909.943,272.5974,1
5997.518,257.469,1
5746.528,211.071,1
6270.007,234.6648,1
2138.521,321.5513,0
6466.909,287.5359,1
2039.861,386.5853,0
2086.451,322.4164,0
5156.262,262.9114,1
2054.738,334.7067,0
6026.877,284.7585,1
6254.947,173.095,1
5945.628,278.1396,1
6151.849,261.6396,1
5902.419,335.4709,1
5966.425,208.9414,1
2037.84,289.6768,0
6012.42,357.969,1
5708.993,240.2036,1
2033.808,346.6681,0
2001.497,329.5175,0
5972.198,325.2415,1
6418.488,262.9299,1
2032.304,334.6484,0
1994.495,297.4811,0
2136.557,290.991,0
1918.112,375.214,0
1986.603,360.3915,0
1926.448,399.5198,0
5881.709,198.2893,1
1877.191,305.536,0
1933.322,288.959,0
1968.352,336.5552,0
1963.122,358.9362,0
5791.359,185.3748,1
6831.349,202.3486,1
6058.525,106.5737,1
2109.891,266.0457,0
6002.316,194.8167,1
5884.623,282.9604,1
6257.362,210.3318,1
1959.988,388.5555,0
1893.155,350.4453,0
5888.166,197.0413,1
2013.7,442.8032,0
6037.742,122.0208,1
1937.981,328.3906,0
2022.36,398.0747,0
6050.493,242.5852,1
1950.596,366.2512,0
1975.532,372.6097,0
1979.942,311.2514,0
1933.818,364.4158,0
1866.671,325.3643,0
6159.639,183.9854,1
1937.478,357.7246,0
6354.598,194.0852,1
1978.69,386.4273,0
5898.873,148.7507,1
2067.089,273.7261,0
5828.796,187.1179,1
1969.811,324.396,0
1993.492,361.6924,0
1867.214,349.4993,0
5816.868,208.8279,1
6367.751,202.6316,1
1907.115,338.9413,0
2015.325,300.9891,0
5720.917,131.7156,1
2063.734,342.5297,0
1999.276,319.6811,0
5787.049,264.3694,1
2103.276,347.332,0
1904.982,363.9115,0
5934.632,219.7817,1
2002.422,387.0427,0
2069.174,330.559,0
5931.714,112.5813,1
6253.988,130.2083,1
2086.292,298.894,0
1916.547,370.6783,0
6269.823,248.4697,1
5813.546,344.0798,1
1992.749,359.9677,0
5325.447,132.9688,1
5534.996,343.3494,1
5763.19,175.5181,1
6389.161,278.6777,1
1959.86,296.0974,0
5932.518,267.2515,1
1936.962,374.8438,0
5858.458,230.4636,1
1972.406,374.9524,0
5747.098,235.6396,1
6257.242,93.79028,1
1919.031,376.5202,0
5596.266,257.8384,1
5899.019,253.9458,1
6587.553,357.8962,1
2084.051,312.8695,0
6004.617,216.8733,1
1955.351,381.3732,0
5830.462,210.5547,1
6215.671,103.7517,1
5786.137,216.3801,1
1986.702,380.7609,0
1949.856,321.8316,0
2109.175,257.3607,0
5513.32,329.6538,1
1930.729,386.3566,0
1943.091,360.5431,0
5726.317,193.6992,1
2093.376,324.0735,0
1953.286,319.0949,0
2021.423,321.038,0
5991.04,254.2717,1
6203.127,205.1506,1
5981.998,226.2551,1
5826.887,197.4888,1
5535.048,190.1821,1
1949.183,334.7747,0
2064.392,413.663,0
2030.094,435.0895,0
1932.13,310.5522,0
5752.67,274.188,1
1919.685,331.9954,0
6005.795,326.3564,1
5817.556,204.6843,1
6283.244,307.9607,1
2004.855,308.3061,0
6035.327,197.574,1
1999.314,328.5903,0
1973.825,353.2368,0
1986.242,334.2282,0
5779.886,319.7827,1
5248.28,314.7483,1
2002.798,357.6486,0
2063.366,308.6265,0
1946.963,359.4025,0
5674.104,331.6785,1
6128.101,252.8645,1
2063.323,339.6158,0
5938.292,249.427,1
5875.932,266.408,1
2094.132,285.5778,0
6020.536,199.1604,1
5889.005,193.8848,1
1954.49,402.2681,0
5824.794,302.9316,1
6112.86,233.9917,1
2066.206,307.2416,0
1923.967,363.0455,0
5917.584,162.0579,1
5910.279,134.7458,1
2060.446,282.6038,0
5874.052,168.9473,1
6017.707,152.5947,1
5944.56,213.8828,1
5774.359,199.1899,1
6244.678,196.3408,1
6186.608,235.0554,1
2020.098,285.4021,0
6219.436,229.7937,1
2036.071,336.2557,0
5975.555,229.5488,1
6215.666,215.3635,1
1844.944,328.0237,0
1988.515,354.023,0
1883.033,368.2645,0
1853.073,393.0196,0
1935.045,397.26,0
6146.139,263.3523,1
1913.946,376.4662,0
2035.571,294.6097,0
5989.662,173.0881,1
2091.906,317.689,0
1963.724,321.392,0
1964.681,405.8943,0
1961.979,362.4099,0
2060.038,351.5464,0
1948.118,344.6914,0
5990.529,250.7024,1
2112.355,292.7825,0
5867.63,243.6528,1
6217.327,156.8821,1
1966.924,334.0576,0
6219.632,267.4363,1
6102.928,202.9246,1
6118.912,228.0752,1
6159.156,174.9707,1
1887.307,339.9114,0
5857.13,247.7852,1
6287.51,297.4624,1
2061.154,354.1367,0
5892.809,207.1868,1
6333.423,173.1606,1
5987.812,309.0396,1
1894.47,323.7061,0
5794.738,261.4116,1
2005.889,287.5768,0
5916.341,162.8682,1
6175.651,215.2783,1
2017.187,356.2681,0
2109.481,213.2858,0
5771.67,219.4128,1
5632.956,315.7703,1
2038.582,312.6362,0
1932.77,411.8614,0
5067.445,371.4014,1
5984.479,203.8521,1
5701.634,218.9941,1
5978.307,244.3892,1
5916.046,289.9141,1
6098.383,281.5315,1
1927.095,354.8441,0
6044.062,304.2419,1
2056.864,315.6726,0
5564.565,176.2476,1
5958.538,220.3513,1
5984.725,226.9805,1
2072.234,323.149,0
5747.488,184.9368,1
2080.115,317.4429,0
2045.735,348.0011,0
6070.166,130.4285,1
5857.783,233.6736,1
6425.346,215.2598,1
5427.17,145.3779,1
2069.569,320.08,0
2057.474,366.7988,0
5993.827,204.0388,1
5971.416,182.4558,1
1955.848,371.2615,0
1956.582,334.478,0
2027.974,314.7491,0
1962.83,384.6713,0
5852.234,209.5161,1
6198.592,209.9993,1
2055.402,330.1682,0
6088.177,281.2153,1
1987.479,356.455,0
1936.428,325.9902,0
6061.393,200.7075,1
6134.833,202.3115,1
2011.065,339.8085,0
1962.676,282.009,0
6034.688,299.2805,1
5830.591,257.4558,1
6196.121,275.9373,1
5772.477,378.0696,1
2032.893,354.9189,0
1921.912,384.7938,0
1973.467,349.1041,0
5398.333,192.9946,1
1891.294,396.3289,0
5711.915,272.1943,1
5803.837,271.5515,1
6119.813,209.2375,1
5992.638,151.2998,1
5640.545,337.8774,1
6411.921,193.0166,1
2027.273,336.502,0
2057.568,322.4738,0
1989.008,306.3648,0
1958.753,341.7765,0
1951.915,281.1597,0
1960.82,268.5757,0
6230.496,194.8582,1
6259.581,226.9895,1
1940.254,365.395,0
1955.794,359.9556,0
5892.655,115.5845,1
1961.78,393.3452,0
6299.448,167.1431,1
6368.179,215.9685,1
5977.636,210.4778,1
2085.586,296.9468,0
2011.566,310.7706,0
2066.699,329.0204,0
1918.849,364.5875,0
2084.294,312.2013,0
2003.466,339.7397,0
1928.633,329.9688,0
6914.311,198.0894,1
5828.407,383.0305,1
5549.734,156.4016,1
5517.978,206.0862,1
2059.08,318.9189,0
1931.8,333.1193,0
1932.507,289.4834,0
5821.54,231.9187,1
1880.993,364.1474,0
6209.303,237.05,1
7103.862,315.9424,1
5741.044,252.2651,1
1981.008,358.2443,0
6106.947,193.032,1
2079.894,299.1921,0
6263.406,198.1653,1
6459.87,153.9028,1
6057.177,199.5984,1
6165.616,243.708,1
2042.901,335.9849,0
6177.754,182.2961,1
2132.039,297.7916,0
2077.752,314.2633,0
2042.277,294.4692,0
2049.247,293.9528,0
2207.998,365.288,0
2003.772,332.8642,0
1996.89,339.5269,0
2161.606,370.5051,0
6100.108,212.197,1
2044.626,321.6785,0
2038.153,321.6066,0
2034.715,306.4109,0
2214.417,327.9518,0
5949.788,245.3608,1
1958.507,404.3375,0
6128.499,179.7747,1
1985.161,320.1342,0
6101.839,194.0903,1
5810.575,187.2126,1
1962.27,324.8444,0
5826.6,261.3513,1
6085.986,120.0461,1
5150.26,267.9919,1
6314.245,186.9233,1
2052.652,375.468,0
1984.469,366.2436,0
6064.847,211.5967,1
1984.926,315.2822,0
6021.229,238.3796,1
6045.31,187.804,1
1931.444,259.2809,0
5886.639,179.1089,1
5856.011,297.3254,1
5646.813,147.0337,1
6444.924,237.4114,1
5753.176,179.9077,1
2056.276,333.0707,0
2011.996,375.0592,0
1991.312,327.9306,0
2044.747,321.0339,0
5952.902,153.4424,1
6171.278,184.7156,1
6129.342,370.345,1
5682.719,284.7136,1
6543.692,150.3738,1
5837.266,274.4521,1
1992.503,308.2371,0
4994.472,247.2473,1
5391.21,113.6199,1
1981.082,313.8572,0
5966.829,301.6509,1
6342.318,266.1538,1
2033.96,388.5435,0
2056.344,308.4213,0
5953.659,243.6362,1
2023.533,315.9873,0
5305.864,312.9854,1
2017.287,315.8351,0
6006.354,243.1797,1
2009.192,323.6853,0
2054.496,215.4308,0
5888.73,176.0862,1
1984.313,328.2268,0
5842.257,329.5366,1
1941.085,402.4255,0
1968.536,421.0302,0
5326.959,251.0664,1
6649.353,150.0828,1
5929.357,310.271,1
5940.322,89.24902,1
5787.94,214.7322,1
6014.426,255.0715,1
1960.546,385.9149,0
1919.19,330.2213,0
2009.128,364.917,0
6007.412,257.9595,1
2061.532,411.9955,0
6991.845,155.8916,1
1918.006,331.6997,0
1989.899,381.2695,0
1941.699,328.418,0
1939.559,436.9906,0
1945.281,344.4041,0
1985.906,273.4018,0
6108.476,154.6858,1
2021.738,306.9417,0
1982.89,393.8275,0
5697.385,252.5159,1
1960.927,360.2941,0
5855.075,281.0852,1
1990.249,310.9675,0
5704.928,138.8967,1
2095.323,328.4865,0
5842.04,262.0505,1
1927.793,315.0681,0
5531.563,173.9165,1
5956.187,313.1814,1
5585.59,214.1294,1
2069.763,304.6973,0
6179.119,301.1917,1
1979.482,297.8099,0
5706.547,215.1453,1
2087.814,276.5629,0
6071.092,220.6868,1
5772.824,273.1536,1
1974.978,347.9267,0
5933.479,295.032,1
5948.002,224.4038,1
5758.654,240.488,1
5942.33,198.6855,1
1984.631,353.5962,0
1835.456,356.2128,0
5502.615,250.0544,1
5948.812,164.3401,1
5912.326,163.2705,1
1911.235,332.3195,0
1943.449,358.7885,0
6094.059,113.8889,1
1983.418,357.3598,0
2009.383,324.6256,0
5894.5,181.6472,1
2084.499,272.8414,0
6427.781,87.27686,1
2007.865,300.3663,0
1991.923,297.3701,0
2030.958,341.7319,0
5942.109,130.5237,1
2112.088,264.5886,0
6204.552,251.5754,1
6741.23,191.8433,1
5894.074,51.63135,1
6675.109,250.0408,1
1930.192,299.0202,0
6312.483,179.9231,1
1997.583,297.3517,0
5710.45,151.46,1
2016.022,384.614,0
6125.914,341.325,1
2062.683,320.9839,0
2005.576,293.533,0
6168.682,204.9565,1
6212.779,186.3093,1
6013.05,197.2947,1
2004.434,276.1052,0
5677.251,222.6628,1
6201.94,187.7874,1
1945.109,384.343,0
6238.267,266.8396,1
5906.964,235.0212,1
5778.36,271.1858,1
1980.626,235.9717,0
1974.414,368.2192,0
6371.476,259.4592,1
1953.979,305.8479,0
1961.333,326.1597,0
6046.25,310.8918,1
5748.193,286.4014,1
1992.095,374.5528,0
2025.601,384.7078,0
6057.75,113.8374,1
1900.775,318.0932,0
1970.394,373.8124,0
6103.262,175.7668,1
2010.995,351.2464,0
6345.274,218.0352,1
5761.872,214.8408,1
1989.157,364.867,0
2100.53,347.5963,0
2035.602,308.1234,0
2057.464,354.5258,0
5878.218,197.0762,1
6290.062,205.9043,1
1959.639,327.7428,0
6021.749,218.7302,1
2010.896,298.0881,0
2012.937,306.6943,0
6480.264,275.9958,1
1998.313,421.5662,0
6151.229,156.6387,1
6235.609,262.3687,1
5910.937,195.717,1
6408.59,155.0476,1
6002.35,140.6248,1
6071.016,143.269,1
1914.728,379.5538,0
1959.905,333.4738,0
1962.107,337.0328,0
6076.399,208.9792,1
5559.892,307.252,1
5820.004,149.4519,1
1933.37,301.8168,0
6716.185,327.3848,1
6115.165,225.0493,1
1993.762,348.4606,0
6177.713,223.8293,1
5411.223,142.9583,1
6674.961,312.4753,1
5982.827,218.2632,1
1971.262,314.5292,0
6003.34,307.4236,1
2002.115,230.824,0
5885.172,126.4583,1
6320.897,214.7888,1
2001.03,401.1234,0
1951.332,369.6929,0
6150.147,268.5686,1
1961.404,321.9153,0
6310.223,107.4968,1
5791.914,105.5068,1
1998.692,378.7476,0
6060.729,59.63623,1
2038.582,323.4781,0
1976.064,342.4477,0
1996.732,363.0894,0
1877.162,356.5425,0
5938.452,234.4866,1
5768.981,160.3418,1
6421.581,194.9111,1
5725.486,214.3606,1
1988.36,302.985,0
5894.602,128.3481,1
2114.287,425.2446,0
5640.573,193.8032,1
1985.416,332.5731,0
2162.558,286.2811,0
6561.724,199.7122,1
2044.222,348.845,0
6422.746,224.1399,1
5845.181,297.7444,1
6122.325,180.5422,1
2034.946,262.5612,0
5834.555,207.938,1
6080.344,286.6646,1
6445.054,216.1653,1
1756.897,212.1249,0
1908.344,347.4542,0
1958.623,360.7122,0
5942.71,286.0435,1
5646.921,312.4312,1
6394.793,258.0413,1
2034.122,339.3923,0
6131.22,334.6777,1
2025.128,324.1075,0
5961.813,218.1514,1
5944.401,119.1079,1
5250.72,242.6819,1
1999.923,378.5148,0
5937.536,268.3611,1
6182.451,165.6899,1
2012.405,325.8491,0
1932.712,360.6583,0
5834.949,120.0347,1
1930.035,327.9976,0
1995.635,337.8442,0
1901.832,428.2505,0
5822.154,236.6143,1
5909.634,194.8066,1
6256.9,246.3523,1
5831.152,201.439,1
1984.721,392.7541,0
1983.976,350.7092,0
5689.25,190.9434,1
1914.426,294.5312,0
5939.588,286.4863,1
1962.411,321.2657,0
5144.606,327.4866,1
5811.145,139.0593,1
6008.021,268.0039,1
5623.321,216.1274,1
1895.521,358.2122,0
5917.532,157.7639,1
5937.243,113.0071,1
1946.545,345.6563,0
1899.335,351.2056,0
1945.518,354.9127,0
1992.102,257.4185,0
6128.652,162.728,1
5950.031,187.4587,1
1933.437,375.5094,0
1961.208,310.9714,0
6102.374,154.3491,1
6144.669,109.2651,1
1998.62,290.1599,0
1892.285,354.8828,0
2000.407,293.8401,0
1978.677,280.2981,0
6027.056,121.4927,1
6823.509,172.925,1
6231.491,221.6924,1
5779.507,172.8284,1
6647.16,221.0037,1
6221.745,212.3013,1
5921.521,162.5488,1
1938.962,276.7119,0
2011.087,344.6565,0
1911.398,337.6669,0
2031.454,238.7736,0
5575.517,265.7605,1
5841.527,142.4141,1
6257.811,249.7666,1
5923.225,257.0662,1
6250.435,226.3049,1
6457.607,238.7952,1
2114.216,276.2657,0
6046.363,161.8274,1
5968.799,168.1035,1
5762.985,182.2939,1
6102.133,136.2512,1
6059.913,172.4106,1
5873.376,68.66797,1
5973.832,148.3232,1
1999.407,273.4416,0
6002.403,274.8188,1
5899.315,240.5288,1
2052.14,336.5314,0
1982.997,335.9128,0
6073.303,219.8098,1
2119.219,326.0232,0
5890.75,246.6755,1
2050.88,307.3254,0
5849.193,220.4294,1
5934.022,178.3652,1
6552.113,239.1086,1
1955.481,319.2766,0
6091.102,237.8535,1
1975.32,347.3161,0
5972.714,139.3,1
1884.812,222.7028,0
1976.591,331.8053,0
5861.057,216.9639,1
1959.749,330.5762,0
2028.125,273.6693,0
6142.575,149.1243,1
6080.74,273.7878,1
5843.736,223.2976,1
5919.126,171.6174,1
1955.733,340.1454,0
1957.671,348.1228,0
6739.674,261.7412,1
1965.412,402.0598,0
2011.226,308.0334,0
2092.106,308.8083,0
6298.867,210.113,1
5850.447,284.5808,1
5541.339,207.1548,1
2037.917,329.9636,0
2028.213,311.6139,0
5848.479,180.8264,1
5903.968,182.915,1
6050.73,170.4563,1
6011.372,133.3013,1
2051.358,388.969,0
1880.556,386.4457,0
1963.427,334.9487,0
1953.632,375.7361,0
5968.795,203.0847,1
6277.903,160.8164,1
6229.286,241.3347,1
5715.981,178.1179,1
5947.887,116.3027,1
6368.422,223.1638,1
6527.055,194.342,1
6257.497,141.1453,1
5862.641,270.2783,1
5591.181,149.0037,1
4748.625,325.8672,1
5948.983,199.1411,1
2015.158,308.7122,0
1866.963,313.1293,0
5748.748,240.5974,1
5725.158,169.4741,1
5912.542,164.2036,1
2039.682,391.599,0
1988.613,398.7254,0
5935.784,238.3145,1
6000.286,288.2617,1
2008.874,283.9061,0
5824.03,179.6724,1
1982.736,343.1176,0
5354.482,321.8074,1
2040.301,322.9501,0
1928.45,399.5735,0
6139.473,184.4695,1
1916.736,369.5778,0
2248.455,317.4585,0
1984.352,324.0082,0
6085.905,227.01,1
5898.932,138.2759,1
5788.85,176.8906,1
5097.015,191.2478,1
2044.088,378.7975,0
5757.688,153.3167,1
2018.727,316.4766,0
6269.842,238.5371,1
1883.946,363.7175,0
1849.209,397.7457,0
2007.959,355.6251,0
5751.149,335.7478,1
2047.761,328.9457,0
2101.69,329.7228,0
1906.342,373.4106,0
5995.55,179.4158,1
1941.899,355.6862,0
2026.539,335.1318,0
2038.045,253.7888,0
5710.025,182.7065,1
5713.362,224.6294,1
1981.366,341.9673,0
5940.446,122.9351,1
5951.333,221.7786,1
6049.611,170.4348,1
1964.518,320.4639,0
2062.066,353.2794,0
6087.588,209.9033,1
6177.509,232.5654,1
2052.978,283.3755,0
5956.343,205.7209,1
2007.007,374.5986,0
1962.383,381.6186,0
6137.197,208.1482,1
2002.227,328.4761,0
1952.357,419.2164,0
5798.453,334.7478,1
6090.41,162.8662,1
1941.149,374.9311,0
6226.825,118.8877,1
2028.297,290.3688,0
2054.378,292.3312,0
5792.818,193.2434,1
1903.242,337.262,0
6782.12,220.4236,1
5933.864,211.5671,1
6304.309,132.166,1
1888.186,444.2791,0
5486.288,392.1003,1
5697.31,333.1565,1
5684.217,303.3279,1
5965.461,100.958,1
5997.598,270.5715,1
5766.981,200.9705,1
6598.046,190.363,1
5717.354,238.2864,1
5637.747,271.3542,1
6315.942,256.7886,1
1992.972,252.4656,0
2069.686,341.14,0
6060.05,180.47,1
5773.368,133.3201,1
1958.085,320.9771,0
5879.345,297.7102,1
6497.308,184.8997,1
1943.594,355.1352,0
2113.329,324.6842,0
7042.832,340.6721,1
6049.849,188.0156,1
1957.384,374.3061,0
1886.411,327.8242,0
6000.557,209.5183,1
5760.786,179.9658,1
5803.133,163.8738,1
2025.442,296.4448,0
5903.123,156.4131,1
1920.849,435.0377,0
1985.432,333.7703,0
2082.651,310.5912,0
6355.665,198.5911,1
2079.057,304.3751,0
6138.962,180.645,1
1914.988,413.6055,0
6680.612,204.5754,1
1990.005,377.9567,0
1957.75,332.5099,0
5528.293,140.9048,1
5566.375,242.0298,1
5791.828,276.0632,1
6107.433,260.1826,1
2018.203,311.5314,0
6042.24,307.7554,1
5438.358,188.5281,1
5567.101,328.9004,1
5944.313,220.6716,1
6119.436,213.4229,1
1928.153,368.525,0
6011.138,146.8994,1
5236.558,249.8965,1
2059.984,310.5275,0
5400.707,211.5386,1
6558.371,210.8911,1
5769.875,155.1963,1
1949.335,239.1275,0
6024.65,178.2434,1
5837.01,80.21948,1
6344.435,105.2434,1
1957.661,297.1714,0
6030.638,139.7473,1
5617.988,245.0991,1
2064.761,297.2821,0
2036.598,229.954,0
2028.815,313.2727,0
5809.726,226.9746,1
5869.988,212.6313,1
6476.429,162.8335,1
2013.549,319.7936,0
6023.679,293.4087,1
1943.915,301.4205,0
6040.421,222.1497,1
1977.396,335.1729,0
1963.359,320.6703,0
1972.341,327.5058,0
5647.406,168.9873,1
5376.857,268.2664,1
6123.805,162.5938,1
5225.755,303.7278,1
1975.262,303.6631,0
6068.38,189.8606,1
2096.325,284.3439,0
2006.746,301.586,0
2088.426,337.2891,0
1964.026,314.95,0
5990.84,221.9944,1
2001.995,372.2928,0
6177.219,222.0527,1
1930.948,330.8194,0
5806.247,231.7659,1
6094.468,177.1973,1
5819.131,197.9746,1
2008.604,339.9684,0
2103.13,299.2371,0
5513.719,217.6736,1
5955.973,233.7083,1
6306.418,264.375,1
6115.791,238.5796,1
5894.207,234.0557,1
6029.22,193.7788,1
1912.392,256.3876,0
6614.477,227.6111,1
6276.633,262.9785,1
6892.046,255.8389,1
5821.109,257.7957,1
2003.734,364.0657,0
2163.639,276.1573,0
5668.59,230.5598,1
2024.272,374.1815,0
5791.534,167.8696,1
2197.015,407.4453,0
5835.656,165.7312,1
5928.159,153.8296,1
1937.127,289.326,0
1976.64,348.1349,0
5756.552,287.1921,1
6049.855,254.0496,1
5861.455,270.4026,1
5898.871,279.467,1
1954.521,390.8217,0
6773.399,356.1599,1
2014.335,352.9024,0
6052.205,135.5427,1
1996.97,274.3962,0
2000.611,303.7079,0
2084.481,312.1201,0
6037.928,312.7361,1
5367.65,273.4622,1
1894.639,362.6694,0
5845.919,224.9734,1
1978.519,319.4056,0
5253.747,318.6748,1
1993.437,359.02,0
5787.606,223.4333,1
5827.765,196.4683,1
5986.262,283.8257,1
5952.073,283.1282,1
5932.157,315.9045,1
6031.165,223.4734,1
5860.541,242.9465,1
5875.437,222.7456,1
5900.833,214.3696,1
2061.902,247.7841,0
5719.703,278.4817,1
1946.632,304.0933,0
5778.46,238.8621,1
6029.165,147.0994,1
2024.077,310.8203,0
2022.057,375.9392,0
2039.546,339.4194,0
2103.085,371.9308,0
2002.479,333.7895,0
2017.582,296.3036,0
5681.074,206.6636,1
5937.814,136.1702,1
5443.297,259.0066,1
5668.283,244.3945,1
5924.428,231.1387,1
5671.006,190.6453,1
1932.23,371.1409,0
5498.825,160.9128,1
5702.545,195.9246,1
2011.208,354.563,0
5752.205,224.5371,1
1993.357,327.0832,0
5902.744,246.6404,1
6112.808,185.7437,1
5866.087,150.8738,1
1904.007,326.2126,0
1942.336,305.2438,0
1995.833,279.34,0
5779.047,255.6621,1
1907.803,374.0658,0
6150.836,212.1062,1
5748.024,273.8003,1
5818.71,111.7329,1
1978.367,286.7789,0
2093.51,268.4821,0
5595.72,292.0515,1
5795.649,106.3391,1
5864.534,171.1863,1
5816.204,199.5989,1
6144.171,292.019,1
6288.654,153.8599,1
6061.793,210.9197,1
1935.229,370.8963,0
6166.526,245.9492,1
6027.967,202.8813,1
5614.028,86.39526,1
6024.693,137.7241,1
6007.849,282.1938,1
6439.927,257.481,1
1908.106,363.8794,0
1966.711,275.2454,0
5996.386,230.77,1
6233.111,173.0503,1
6124.549,241.5461,1
1909.991,390.2389,0
5904.578,121.1958,1
5446.267,283.2195,1
5395.145,161.1516,1
6049.46,160.3958,1
1970.554,380.4894,0
6523.016,84.81885,1
2112.902,308.9454,0
2062.259,350.8984,0
5925.083,227.3035,1
6161.838,203.6785,1
1950.762,356.4988,0
2031.641,320.837,0
2006.078,324.5063,0
6662.536,227.6416,1
2012.245,281.1504,0
1974.089,380.5359,0
6040.812,199.2043,1
6182.889,281.9026,1
5894.135,270.5901,1
6452.027,230.0403,1
5784.037,176.4612,1
5950.401,206.3127,1
6205.064,162.0735,1
5943.964,219.1096,1
5675.858,226.2563,1
6017.58,191.196,1
5929.968,334.636,1
5588.944,254.3982,1
5629.028,210.7561,1
2066.876,341.8694,0
1953.869,287.0314,0
1998.225,252.3855,0
6114.334,207.3958,1
5842.988,233.9451,1
6072.567,120.9548,1
2021.35,245.5087,0
2016.906,375.6241,0
6001.72,307.7065,1
2034.977,320.5581,0
1928.479,329.5955,0
5408.218,299.6023,1
2104.06,300.9233,0
1949.776,318.5876,0
1916.588,336.6568,0
6210.655,212.4097,1
2077.375,369.0144,0
2026.101,381.2095,0
1957.165,252.5595,0
1986.528,341.8574,0
5863.158,170.1965,1
1921.493,343.544,0
6073.325,159.6382,1
5832.077,290.8279,1
2014.506,283.1541,0
1974.749,295.3432,0
6159.778,80.63892,1
5513.269,192.7451,1
2056.747,303.3212,0
5841.613,243.4766,1
5959.056,257.6956,1
1929.947,277.4118,0
5959.458,134.623,1
2061.452,374.9607,0
6360.832,190.0337,1
1987.104,370.0632,0
5820.074,283.2563,1
6555.851,259.311,1
6111.441,237.0171,1
1979.092,350.6617,0
2089.641,302.235,0
6222.354,185.1177,1
5993.325,193.7156,1
1958.156,325.657,0
2024.132,268.2746,0
6203.859,356.9644,1
1960.848,409.3911,0
1943.862,435.7347,0
5866.995,153.1741,1
5798.885,271.0552,1
5974.729,156.1697,1
5887.318,133.8135,1
5971.892,240.4968,1
1978.616,355.9794,0
5964.836,140.3523,1
6286.078,258.1467,1
5945.539,199.4573,1
5860.851,221.082,1
1982.506,369.5702,0
5847.768,41.90894,1
6045.018,252.5063,1
6211.714,235.343,1
5892.654,227.0303,1
6178.953,336.4556,1
6410.67,181.2876,1
6115.341,123.6624,1
6105.825,309.7927,1
6040.199,294.2485,1
5736.789,312.5027,1
6179.531,239.8057,1
6163.121,210.3909,1
1949.337,336.0394,0
2000.481,389.884,0
1999.109,342.8268,0
1922.179,390.8716,0
5864.385,127.5449,1
1949.492,351.3091,0
6413.088,234.9187,1
6040.663,167.6619,1
5802.209,342.833,1
5899.849,208.1375,1
5565.71,339.4353,1
1967.005,352.9774,0
1983.696,291.6691,0
6009.152,296.5303,1
6252.199,196.7639,1
1995.909,353.8727,0
1935.205,374.9242,0
6044.698,173.2085,1
6318.308,176.8604,1
5159.73,302.3052,1
1937.036,359.1591,0
5537.585,324.5632,1
6216.537,284.7585,1
6248.916,234.6602,1
6020.047,165.5317,1
5612.636,154.8252,1
2050.414,383.2097,0
2048.429,292.6796,0
1964.824,262.6562,0
5968.015,183.8381,1
1884.702,434.0837,0
2139.964,276.5183,0
2083.948,325.0687,0
6651.007,210.8813,1
2019.86,357.0938,0
5819.052,156.3142,1
1985.319,392.0944,0
1929.548,402.5908,0
5859.18,121.0872,1
5748.694,257.7468,1
5702.749,208.3931,1
1904.329,353.3193,0
1970.604,352.0686,0
1965.752,370.0657,0
5836.691,170.2539,1
5921.681,84.82104,1
1963.648,332.7278,0
5722.711,306.0637,1
1972.458,304.9503,0
1935.09,385.2891,0
2036.717,300.288,0
5878.58,253.8052,1
1982.463,346.4683,0
1992.811,352.1987,0
6266.658,241.6711,1
1956.41,320.6995,0
2012.377,338.3535,0
1944.255,315.9142,0
5653.986,208.2012,1
5868.544,174.8821,1
1941.853,361.86,0
5808.584,254.0432,1
6064.783,160.3005,1
2018.878,320.6185,0
6207.274,375.5696,1
1941.014,402.3047,0
6002.623,372.3203,1
1991.351,316.1473,0
1936.242,394.1342,0
6238.196,243.5132,1
5933.917,248.4443,1
1926.242,322.6523,0
1944.894,338.6887,0
5830.069,197.8738,1
5587.584,265.5298,1
6162.467,166.2651,1
5932.722,189.7922,1
5974.645,194.9492,1
5972.896,258.2202,1
5890.57,223.7402,1
1973.879,311.046,0
6294.473,272.5388,1
6009.603,166.7495,1
2058.738,293.7517,0
5709.823,202.4912,1
4866.641,297.261,1
6137.673,193.7986,1
5466.306,239.2217,1
5891.169,167.5203,1
6050.959,226.4922,1
1926.97,357.7116,0
6305.959,337.2388,1
2054.482,294.1254,0
6043.512,254.1748,1
1983.204,372.7209,0
5863.296,353.554,1
1957.903,311.6793,0
5088.313,344.4238,1
2010.825,376.9311,0
5988.094,225.2107,1
1876.258,394.5001,0
6013.776,136.4475,1
2118.008,321.261,0
6012.934,210.6572,1
6522.116,281.365,1
6020.019,189.7163,1
2019.941,324.7009,0
6153.297,202.3613,1
1946.729,289.3453,0
5949.494,232.2134,1
5793.741,68.2688,1
2068.37,309.3899,0
6002.024,207.0205,1
5719.577,253.5259,1
5921.698,120.624,1
6016.838,175.0127,1
2033.305,336.0001,0
5852.848,113.1377,1
2018.537,304.5771,0
5887.389,292.0342,1
1921.911,392.1776,0
5901.087,257.8574,1
5955.455,203.6233,1
6183.58,159.5569,1
5708.766,237.4338,1
2013.331,350.1008,0
6126.742,283.9189,1
2008.641,370.1854,0
5698.715,267.2324,1
6205.606,279.6304,1
6011.204,250.6223,1
2130.211,256.9955,0
6132.009,143.6692,1
6017.802,276.4077,1
7264.616,240.9661,1
2075.586,271.264,0
2099.895,325.5343,0
5434.932,227.5725,1
5969.318,137.2686,1
6167.068,226.8276,1
1971.682,337.9261,0
2005.884,362.9135,0
5499.838,179.3506,1
6040.755,168.646,1
6269.876,236.324,1
6006.504,198.1426,1
2010.275,338.7811,0
1955.827,346.4009,0
6018.429,160.1404,1
1968.68,332.4868,0
6427.558,78.23901,1
1990.218,300.69,0
2048.452,319.7654,0
5832.999,246.731,1
1930.698,343.0551,0
6021.796,245.334,1
6461.279,162.582,1
1967.657,409.1525,0
2155.459,251.2838,0
6097.084,215.9487,1
6238.043,234.2827,1
5480.791,366.3794,1
1918.835,352.8412,0
6389.94,230.3723,1
1939.522,350.1089,0
5944.883,89.74023,1
6010.092,186.0251,1
5801.052,145.8625,1
6156.199,192.3096,1
2037.055,276.745,0
6230.79,298.3542,1
6858.489,120.5735,1
6363.462,326.9714,1
1954.114,353.6778,0
6154.101,148.6836,1
2017.882,287.9766,0
5568.404,215.7561,1
6011.389,260.2583,1
2119.924,225.1184,0
6069.663,267.6404,1
5831.708,189.0864,1
1962.609,326.0876,0
6306.744,210.2375,1
5909.438,168.135,1
6149.679,285.926,1
1953.16,316.1166,0
5237.139,347.4072,1
1961.261,370.3341,0
1971.426,259.116,0
5930.949,205.7056,1
2039.036,242.5168,0
1903.322,362.1034,0
7347.631,309.4922,1
6154.588,229.001,1
5520.905,187.2175,1
1904.643,285.8472,0
6412.709,207.9377,1
1959.704,293.4464,0
5840.227,158.4487,1
2041.946,327.9664,0
6456.659,124.136,1
2025.298,315.1658,0
1939.863,289.996,0
5983.552,271.6467,1
6197.949,248.6177,1
5737.07,402.0598,1
2003.738,338.8346,0
2047.535,360.2505,0
5635.427,253.5498,1
6243.868,178.6777,1
5257.273,313.1462,1
2022.644,273.9744,0
5989.136,160.6553,1
5795.706,295.8469,1
6042.564,185.2473,1
5903.233,145.6931,1
1942.702,354.3195,0
6479.831,209.7258,1
1961.61,300.8272,0
6720.147,171.3687,1
5878.933,206.1582,1
2009.75,336.2695,0
6120.14,285.8721,1
6406.161,250.4553,1
1907.896,321.6855,0
6147.99,294.095,1
6759.557,219.4163,1
2051.753,345.441,0
6118.945,251.6917,1
6164.816,310.2114,1
7105.454,275.8586,1
6468.271,281.1951,1
6631.239,348.0481,1
6123.511,92.79932,1
1981.333,339.6363,0
5304.075,267.2566,1
5848.894,185.5991,1
6057.765,119.2344,1
1955.865,380.228,0
1942.741,308.0037,0
2137.964,264.8395,0
1977.279,338.2404,0
6048.832,160.3662,1
2002.968,290.9097,0
5733.231,283.3982,1
1886.185,398.871,0
5899.541,156.7051,1
5298.675,166.366,1
6587.65,258.771,1
1943.667,349.4392,0
2005.991,302.5388,0
1974.219,332.571,0
2074.537,323.3988,0
6013.605,193.3574,1
5604.208,209.5046,1
2122.352,463.3744,0
5989.479,148.8406,1
1954.416,337.9089,0
5813.736,263.0581,1
1949.665,338.5287,0
5786.875,220.6467,1
1976.51,347.5118,0
6153.495,183.3223,1
1959.655,246.1396,0
2027.212,262.5866,0
6070.439,247.5981,1
6014.038,308.5728,1
5929.604,219.7319,1
2004.329,336.1896,0
2006.336,346.5634,0
1957.562,381.4589,0
2078.464,307.1469,0
1947.069,374.0422,0
2033.291,346.3064,0
5518.425,196.0027,1
2004.992,341.2748,0
5246.843,320.2854,1
2007.475,340.7161,0
5495.208,256.967,1
1941.956,345.9785,0
6104.77,263.5073,1
5994.191,225.3823,1
6306.043,203.572,1
1926.118,371.0319,0
2044.834,320.2069,0
1985.054,370.4444,0
2180.082,278.823,0
6568.666,163.4204,1
5948.923,228.1401,1
5860.87,120.2183,1
6093.049,235.7585,1
1918.992,353.7169,0
5451.537,305.5615,1
1942.026,352.6688,0
6301.801,287.6267,1
1989.908,424.8514,0
6029.112,241.3704,1
5367.505,277.1819,1
5980.249,173.7302,1
2095.358,353.6085,0
1793.813,362.808,0
1890.232,390.0243,0
5972.695,218.6313,1
1999.947,356.364,0
2025.317,332.1794,0
6027.858,242.2183,1
5737.842,354.73,1
5929.803,116.4539,1
1916.899,325.0362,0
6048.714,194.553,1
1881.687,328.3538,0
1949.57,304.7748,0
6102.792,215.7693,1
2074.388,290.7581,0
6078.119,257.2959,1
5549.778,244.7122,1
1941.234,363.1757,0
6506.231,139.8418,1
6088.572,159.2161,1
1898.715,370.6397,0
6047.004,380.8857,1
1946.344,384.6834,0
6057.009,214.155,1
1994.459,318.9106,0
2046.4,255.1392,0
6243.954,289.5713,1
5830.102,271.2422,1
2120.289,271.7112,0
2007.022,283.9675,0
7032.75,252.3721,1
5864.742,247.5881,1
2140.759,244.8177,0
5758.448,130.7517,1
1943.132,368.8912,0
2037.527,345.6819,0
1975.815,347.3558,0
2006.827,314.3259,0
6602.16,134.5967,1
1973.478,382.2859,0
1903.005,362.2973,0
2100.644,278.3322,0
1980.204,369.0603,0
1975.207,304.2703,0
1938.096,348.1439,0
6225.693,240.4758,1
6264.456,229.7236,1
6492.931,195.6035,1
6133.246,147.686,1
1997.929,220.7678,0
1926.264,407.8804,0
6281.274,212.2722,1
2001.877,340.3475,0
5912.222,235.8916,1
1955.403,293.3796,0
1983.437,317.7194,0
6054.118,231.8101,1
5839.934,285.7415,1
1940.62,330.2646,0
1992.119,299.468,0
6138.637,227.3115,1
5844.815,259.8809,1
5905.932,179.9048,1
1950.99,372.2105,0
6138.4,182.2434,1
1970.748,309.7631,0
1945.403,362.3107,0
2026.608,346.1257,0
2008.276,364.7274,0
1954.443,241.9683,0
6492.421,139.1252,1
1981.812,319.6761,0
2026.681,371.4678,0
1928.682,323.1251,0
6579.119,237.7224,1
2033.619,224.6143,0
5540.563,291.4414,1
5002.938,361.6306,1
5829.87,238.8247,1
5659.606,212.4453,1
2135.293,452.059,0
1986.938,294.8242,0
6161.271,169.1328,1
5666.454,233.9561,1
5840.454,141.4104,1
6252.119,243.2878,1
5857.377,238.2051,1
1974.087,259.4307,0
6206.169,257.0464,1
2029.273,296.1327,0
5926.754,169.2754,1
6515.082,347.1807,1
5915.598,158.7644,1
1998.926,307.9063,0
2028.729,294.2997,0
1996.307,323.215,0
5828.223,186.5916,1
6067.759,248.5247,1
5607.3,269.5137,1
2115.659,295.4438,0
5613.413,300.4421,1
6056.294,257.4502,1
6032.073,239.5449,1
5778.803,256.9561,1
1944.68,292.2328,0
5492.279,259.147,1
5727.942,190.3723,1
5943.255,228.8579,1
5301.274,255.2603,1
5808.226,260.075,1
6118.798,329.7192,1
5725.48,262.1162,1
1991.848,348.7831,0
1855.898,385.9782,0
5884.54,181.051,1
1997.069,336.6818,0
5825.119,185.5986,1
6251.568,237.0547,1
6980.385,140.6233,1
1889.621,268.9374,0
2039.803,278.6774,0
6237.876,159.6982,1
2018.987,306.0338,0
2033.427,388.6857,0
5503.223,290.9497,1
1942.416,310.9566,0
6069.99,316.1033,1
5852.752,202.6687,1
5862.314,227.6169,1
6560.576,217.6343,1
6058.095,223.9255,1
1924.295,320.7291,0
2038.583,354.158,0
5732.204,286.6528,1
2059.3,270.8542,0
6586.514,201.1392,1
5283.821,262.1738,1
5907.458,214.8701,1
2034.856,295.309,0
1988.317,277.7568,0
1737.143,385.5403,0
1971.069,291.0552,0
6433.464,89.78491,1
5738.576,261.041,1
6025.882,285.4243,1
1982.128,331.8034,0
6115.836,230.9871,1
2014.056,367.1564,0
6076.867,297.7598,1
5739.999,162.3774,1
1942.133,436.995,0
6148.011,194.2349,1
5949.328,209.9883,1
6029.984,351.5552,1
5906.751,199.894,1
1903.828,346.6411,0
2019.346,360.0232,0
1924.012,408.6147,0
5784.905,190.1555,1
1865.735,384.7692,0
5985.072,177.7546,1
1992.16,280.9932,0
1904.489,372.2664,0
1978.716,291.8762,0
5501.702,304.9805,1
1911.357,357.4266,0
5723.906,381.1912,1
6273.314,167.0178,1
5975.844,226.4802,1
5859.767,194.8083,1
1989.163,313.0746,0
5748.106,253.9792,1
6109.625,157.9023,1
5571.743,224.8806,1
1978.221,372.8548,0
6091.922,182.0132,1
5736.891,270.9946,1
6146.606,188.0544,1
1968.514,325.9908,0
5832.851,243.1497,1
1983.716,379.3896,0
5928.74,242.6284,1
1942.776,300.6169,0
1931.367,371.0278,0
2037.676,310.0328,0
6301.565,224.8186,1
5835.618,296.8074,1
5849.079,180.3193,1
5875.587,319.0339,1
5816.167,193.7129,1
6034.512,137.2332,1
2040.899,326.991,0
1963.461,382.2733,0
2051.096,386.8811,0
6144.933,218.6636,1
2041.728,312.8226,0
6205.718,219.0601,1
6456.876,228.6011,1
5961.418,160.0752,1
1979.872,305.6876,0
5581.827,157.8701,1
1953.243,359.5056,0
6248.073,248.9548,1
1936.94,310.6963,0
1949.496,334.1559,0
6243.77,243.1602,1
6004.564,312.6223,1
1920.306,343.939,0
6109.146,133.1616,1
1917.402,360.7385,0
2051.881,342.0939,0
5951.204,207.9329,1
6419.359,255.6235,1
5639.622,221.2439,1
1978.953,346.9102,0
1905.459,364.1735,0
1939.966,308.3449,0
6783.221,300.9976,1
1938.086,410.9037,0
5878.541,280.7195,1
5291.922,276.0872,1
5968.124,219.2466,1
1898.934,320.4236,0
2120.049,324.2726,0
1947.497,305.6458,0
1959.523,393.5547,0
6164.584,115.3452,1
1947.332,390.7037,0
5837.16,128.2097,1
2008.212,345.9977,0
1955.605,365.6289,0
5874.875,220.5442,1
6434.958,185.0498,1
5935.234,292.99,1
6160.863,218.7036,1
5806.428,233.1875,1
5332.953,155.291,1
2042.511,340.1637,0
2023.862,261.1994,0
2044.189,339.7242,0
1897.38,315.5945,0
6015.844,259.1389,1
6156.696,232.4927,1
5948.273,172.4695,1
1974.502,340.1403,0
6504.02,170.6543,1
2048.29,319.9747,0
5885.16,211.1467,1
1913.364,409.8083,0
1934.119,367.2869,0
1979.524,359.2169,0
1975.967,367.0786,0
6504.582,182.2913,1
5609.396,243.8911,1
2096.095,375.2449,0
5767.978,288.2639,1
1943.858,346.2712,0
5898.121,166.6304,1
6022.541,217.3867,1
6533.049,89.11401,1
1931.859,365.9181,0
1983.685,319.4276,0
5878.922,222.6284,1
5914.466,301.8223,1
5704.858,239.9155,1
5683.807,197.0745,1
5397.164,307.1565,1
1967.595,354.2468,0
1985.375,404.6823,0
6323.321,178.5417,1
2054.962,294.1655,0
1896.566,398.4085,0
5933.779,165.3188,1
2041.794,367.4288,0
6421.968,249.9004,1
5755.414,203.7671,1
5728.553,211.6155,1
1829.972,457.3119,0
1990.248,301.7554,0
6317.228,266.3943,1
2037.739,340.3398,0
5987.843,188.8606,1
1972.383,301.2358,0
5727.201,171.4666,1
4861.092,353.9868,1
2057.372,347.8323,0
5200.66,358.5103,1
6179.89,167.8923,1
6054.951,225.8647,1
5657.742,322.9829,1
6080.889,131.9192,1
2008.327,322.6242,0
1893.755,327.5716,0
5877.534,282.4404,1
5717.725,162.0847,1
6121.562,292.1201,1
2107.485,336.6581,0
2088.637,313.475,0
1873.746,426.7187,0
6169.588,149.8271,1
1992.238,317.035,0
6059.525,130.8987,1
1932.954,357.6028,0
5914.366,301.9536,1
5320.985,309.3721,1
2047.352,363.7448,0
1970.271,390.4164,0
1992.75,311.663,0
5719.682,340.8313,1
5964.212,263.2122,1
6026.986,369.9646,1
5950.733,288.2979,1
1946.943,362.4444,0
5954.934,179.061,1
6262.043,294.1704,1
2036.984,341.691,0
1949.53,376.2328,0
2032.91,357.3669,0
5686.973,188.5208,1
5996.543,64.36865,1
1994.976,287.3845,0
6368.205,97.59033,1
6063.125,92.20801,1
5958.662,262.1543,1
5326.024,301.9741,1
5842.895,191.468,1
2044.567,312.2605,0
5836.071,301.5874,1
2025.832,396.511,0
1993.246,359.7161,0
6228.274,208.7761,1
1975.662,313.6063,0
2012.228,322.2951,0
6466.452,323.0808,1
5882.157,263.427,1
6470.107,344.5562,1
6010.98,162.3601,1
5858.117,263.0435,1
2032.341,305.8724,0
6973.16,270.5867,1
5875.975,199.0188,1
6175.588,250.5313,1
6017.725,220.8345,1
2008.663,343.2848,0
2024.249,355.9204,0
6094.791,286.2339,1
6035.18,206.407,1
1890.675,371.8301,0
2002.844,238.582,0
6383.973,260.1479,1
2078.756,319.2523,0
2044.803,274.2098,0
6291.789,220.3857,1
5741.4,271.2715,1
1934.014,350.8874,0
7018.573,368.301,1
6045.715,158.9258,1
5953.249,254.9175,1
6114.623,326.2939,1
1959.267,290.0119,0
5722.427,198.3284,1
6059.104,150.3127,1
2026.473,357.8109,0
6080.353,212.0349,1
1961.945,309.6989,0
6013.35,243.7048,1
6004.834,85.86011,1
5845.64,148.0515,1
1959.803,337.7706,0
1983.919,335.4726,0
5731.313,248.8816,1
1967.672,334.0865,0
5677.271,183.7869,1
5980.211,198.5457,1
6874.269,279.9036,1
1997.476,339.2063,0
5086.015,228.0811,1
6149.314,331.8455,1
5801.044,224.7395,1
5954.144,158.1277,1
7146.089,310.5566,1
6076.994,125.8447,1
5880.249,311.5203,1
5545.237,105.4456,1
1973.937,372.0324,0
5456.765,213.0857,1
5861.37,146.4412,1
6130.004,316.4458,1
1896.064,362.3256,0
2004.773,402.3272,0
2171.53,307.2323,0
1962.274,346.2717,0
5293.05,163.6116,1
6109.526,164.6772,1
6063.082,297.5913,1
6061.013,264.7429,1
5636.202,206.2034,1
2074.6,319.9594,0
5933.138,283.8394,1
2040.61,381.4563,0
5790.564,203.3672,1
1975.765,328.9448,0
2041.234,353.9943,0
2016.001,317.6153,0
2014.937,332.2462,0
5960.142,260.2617,1
1962.36,345.6096,0
5637.921,291.731,1
1914.872,366.9227,0
2044.023,347.3292,0
5894.915,206.3789,1
5999.29,185.7778,1
2018.72,328.3961,0
1895.035,378.2267,0
1841.03,358.1076,0
5874.868,213.0908,1
6604.006,284.8247,1
6157.314,106.0051,1
2142.32,371.9032,0
2053.453,296.368,0
6154.231,162.4109,1
6587.073,261.083,1
5893.017,216.4341,1
5889.409,135.1902,1
5883.678,195.7451,1
6031.699,217.74,1
6176.813,250.239,1
6126.977,91.89453,1
6067.749,198.0952,1
2004.562,326.075,0
2042.049,284.321,0
2054.47,305.9586,0
6042.267,112.8196,1
2111.353,328.8116,0
1949.891,298.5746,0
1896.059,395.3327,0
5911.993,278.0459,1
1978.049,294.7944,0
1954.179,339.7045,0
2071.115,324.3042,0
6137.104,211.0203,1
2036.345,363.3187,0
1870.071,405.5058,0
1975.561,329.0662,0
6092.121,184.5662,1
2040.496,304.8073,0
6119.408,195.8792,1
2020.704,346.2662,0
6385.406,170.9558,1
2063.863,295.8883,0
1966.009,301.1741,0
1948.661,359.2315,0
1919.53,339.2401,0
5992.937,227.115,1
5845.151,310.5493,1
6138.915,253.1741,1
2156.496,460.0322,0
1920.267,407.5183,0
5981.984,386.3972,1
6340.156,186.917,1
1915.155,353.3117,0
1948.533,362.0106,0
2154.684,302.1344,0
6108.371,191.9778,1
5881.921,228.1426,1
1926.413,365.6661,0
2020.955,277.4769,0
5518.476,296.752,1
1999.139,330.8565,0
6156.77,247.9817,1
5677.175,145.697,1
1992.408,382.5696,0
6575.387,218.584,1
5917.998,226.0894,1
2011.416,314.775,0
1932.233,335.0679,0
6212.533,178.1299,1
5809.261,263.3533,1
2019.472,251.6898,0
6066.224,233.3613,1
6089.046,251.7544,1
5932.167,240.2058,1
6283.186,241.218,1
6108.811,339.3928,1
1961.841,382.3664,0
1906.284,297.2891,0
5890.482,210.2244,1
5546.136,268.5994,1
1971.146,313.1882,0
6358.644,257.3149,1
1909.51,368.1669,0
2016.441,366.5117,0
5907.086,118.4077,1
5453.721,181.7712,1
1842.25,353.6832,0
1929.199,344.938,0
5946.825,286.7034,1
1986.076,371.5999,0
5755.475,210.3462,1
2181.744,333.3423,0
5953.575,138.5239,1
6027.656,225.7031,1
5748.193,268.4243,1
2023.511,276.2972,0
1999.382,305.8836,0
2128.22,265.5254,0
6263.962,205.8745,1
5319.717,302.3818,1
2084.537,341.7251,0
1953.169,319.5905,0
2039.553,389.1783,0
2173.13,383.639,0
5852.364,167.0051,1
6068.068,184.0791,1
5831.598,113.0786,1
1861.931,378.8519,0
5613.331,166.6968,1
6050.172,233.1248,1
5893.395,222.9346,1
1961.97,325.0427,0
5864.032,235.8372,1
6597.327,156.2976,1
2168.051,366.7292,0
6864.561,196.5488,1
1935.432,305.5902,0
2054.3,298.7705,0
5838.248,227.6614,1
1991.862,332.5002,0
5810.142,305.929,1
5964.474,266.1423,1
1941.531,349.9164,0
2022.277,367.2802,0
1930.248,310.5796,0
1932.626,313.0477,0
2027.23,310.6274,0
2040.049,350.5439,0
6034.177,276.3965,1
5939.077,294.5334,1
5893.058,328.76,1
5900.862,183.2153,1
2152.234,324.235,0
5655.838,234.02,1
6163.336,171.0725,1
6215.524,191.7964,1
1967.908,369.309,0
1909.806,413.1454,0
5887.684,169.5779,1
6086.092,226.196,1
1967.15,315.0295,0
1941.398,430.6329,0
1936.801,404.1368,0
1988.932,362.1521,0
1947.511,362.1982,0
5980.826,278.4077,1
2055.892,322.701,0
2135.241,279.4904,0
5936.859,180.2671,1
6107.324,257.9133,1
6057.269,306.6953,1
2071.351,342.0356,0
6129.631,204.4585,1
1949.073,360.3051,0
1903.79,283.8481,0
1907.759,398.7535,0
5844.914,216.8083,1
5356.051,101.9221,1
2173.513,246.012,0
6327.378,142.4221,1
1974.245,314.6055,0
5357.03,257.0432,1
1856.057,414.2913,0
5992.717,193.5374,1
2023.559,303.6454,0
2132.431,280.7668,0
5973.65,289.8008,1
2074.901,395.5603,0
2121.468,339.304,0
2076.196,365.8503,0
5874.762,269.8723,1
5923.033,205.2432,1
6023.347,244.4392,1
5823.031,282.2773,1
5896.976,171.1033,1
2225.375,368.3322,0
6010.252,256.9109,1
5941.712,193.4404,1
5893.6,168.2131,1
2036.242,338.4961,0
2031.731,375.3734,0
5653.177,323.7097,1
6212.264,204.1831,1
6497.919,250.2275,1
1991.475,339.2986,0
5961.085,215.5562,1
1840.268,359.0756,0
1888.65,349.4301,0
1919.105,338.1902,0
5718.584,166.7412,1
5920.993,154.239,1
1965.245,341.6596,0
6181.904,214.5664,1
2020.079,348.0706,0
5475.561,326.269,1
6350.522,188.0938,1
6233.062,242.6179,1
1962.899,332.4861,0
5948.69,243.7307,1
5951.16,165.863,1
6215.729,228.6404,1
5939.047,235.2891,1
5957.47,244.7783,1
6252.841,154.8994,1
5768.174,211.7402,1
6117.641,166.0735,1
1985.632,328.6697,0
5663.419,251.1777,1
6331.382,139.6465,1
5847.188,194.8093,1
1963.886,349.6172,0
2013.722,300.1776,0
1931.299,378.2327,0
6016.477,212.9199,1
6300.517,171.5813,1
6195.646,131.8577,1
5456.584,275.0923,1
5752.301,236.1738,1
6384.499,261.9138,1
5186.991,300.9182,1
1977.959,320.8793,0
6004.634,175.293,1
4439.367,338.2385,1
6027.666,244.8376,1
6780.037,401.8069,1
5952.288,175.1265,1
1918.722,307.5271,0
5655.068,173.303,1
1978.742,321.6638,0
5878.632,179.7454,1
5736.367,238.1975,1
6318.839,180.3091,1
5729.435,165.9614,1
1975.719,315.4927,0
5753.856,176.4087,1
2020.985,356.7889,0
1948.709,332.0468,0
1977.622,315.5967,0
6111.672,275.4429,1
5982.939,283.9148,1
6083.319,229.5051,1
5729.269,329.96,1
6117.813,251.0703,1
1799.079,329.3896,0
1993.604,385.4457,0
5928.575,175.7327,1
5755.012,287.6416,1
5718.603,219.5483,1
5254.515,263.2659,1
5666.821,301.146,1
6455.849,204.7783,1
2050.7,367.2446,0
5926.432,234.0754,1
6547.477,216.3887,1
5817.59,250.7251,1
1894.266,411.1221,0
6270.244,221.8389,1
1954.584,288.7448,0
2099.384,297.5515,0
5759.253,153.9568,1
2138.038,292.2227,0
6106.356,192.4678,1
5691.36,220.7532,1
6539.004,172.0107,1
6670.69,256.4739,1
2003.705,376.6562,0
6169.105,215.0674,1
1988.135,313.0138,0
2178.694,313.115,0
6130.677,249.1829,1
1968.251,347.3251,0
5339.711,330.5942,1
5751.529,248.885,1
5188.555,196.4067,1
6086.885,260.4475,1
1952.091,375.7848,0
6223.601,169.1179,1
6644.251,6797.1,
2074.472,331.8378,0
6028.397,237.364,1
1984.853,350.1912,0
6579.448,246.3274,1
2049.286,276.6227,0
2051.808,302.2396,0
2057.343,323.0313,0
5989.654,240.4246,1
5712.285,379.9197,1
1965.457,309.2184,0
1951.997,368.5348,0
5860.449,237.2937,1
1966.947,312.6011,0
2003.373,359.8525,0
6168.013,345.5994,1
1882.152,384.5293,0
1943.141,283.405,0
5919.711,151.2527,1
2040.6,346.5848,0
2111.022,315.6611,0
5831.444,286.936,1
5829.572,186.7419,1
6015.439,199.5005,1
5835.631,195.0815,1
2077.449,279.8723,0
6274.667,152.3853,1
6014.492,242.6711,1
2063.107,314.5293,0
6072.005,149.5593,1
1996.75,332.8722,0
5921.001,167.1582,1
5830.106,250.4929,1
1992.461,351.0115,0
2031.1,361.811,0
5951.269,195.4609,1
6324.813,194.5684,1
6138.667,127.5432,1
1972.199,317.6973,0
5776.869,265.2458,1
5488.988,355.7209,1
1965.299,327.6108,0
5462.564,227.0444,1
2060.969,315.1188,0
6011.939,247.1138,1
2106.179,236.4531,0
1948.987,310.7482,0
5917.837,186.113,1
2058.299,391.5956,0
5369.471,270.8884,1
5722.105,184.8694,1
6042.277,288.2605,1
2005.067,358.3072,0
2098.524,288.9761,0
2063.591,349.8628,0
1903.185,342.3605,0
6023.808,192.2549,1
2097.544,298.6216,0
1972.807,336.2432,0
1928.982,295.0411,0
6007.959,329.033,1
6104.905,246.0549,1
2022.777,344.9962,0
5451.802,195.7253,1
6078.343,304.1699,1
5986.619,137.7017,1
6107.088,292.4106,1
6214.743,212.9763,1
5762.786,90.4751,1
1989.732,319.2468,0
1920.229,366.478,0
2004.923,360.0308,0
5936.585,170.2192,1
2107.817,289.8811,0
6273.319,124.3904,1
5351.372,181.4128,1
2057.37,298.481,0
6674.747,310.6326,1
6003.461,99.21094,1
5898.416,277.425,1
6102.479,310.6301,1
1914.422,409.9697,0
1963.775,398.8983,0
2072.927,284.7905,0
6166.304,211.2422,1
2054.11,306.1787,0
1976.146,342.9536,0
5928.436,247.0793,1
5696.938,294.7727,1
5962.444,180.5286,1
1940.917,366.6443,0
5583.832,201.6885,1
6647.231,173.8215,1
2030.421,310.9594,0
1838.474,429.4431,0
5867.577,138.9004,1
5800.247,215.4092,1
2118.01,274.9728,0
1973.661,339.2283,0
5921.87,254.2173,1
5826.822,208.583,1
5725.166,225.603,1
1943.834,291.5079,0
6003.311,158.5396,1
5589.655,256.5493,1
5567.153,275.7407,1
5923.865,196.5339,1
1940.013,332.2191,0
6061.792,243.5723,1
5831.153,243.9368,1
5764.076,181.7488,1
6542.006,200.1484,1
2059.85,263.8052,0
1987.209,329.9016,0
1958.159,322.0154,0
6040.774,237.6995,1
5910.965,250.9001,1
5924.578,173.6919,1
5858.954,186.1863,1
5723.71,209.9426,1
2059.447,330.9546,0
5525.429,270.7065,1
1983.739,327.5847,0
6162.844,190.178,1
2076.073,307.7126,0
1958.362,282.5014,0
1989.926,291.0012,0
6219.875,269.311,1
1982.244,313.5071,0
5857.082,136.564,1
1991.271,351.8455,0
1970.324,308.7228,0
2003.318,291.268,0
5994.392,211.4277,1
5752.395,305.6377,1
5626.418,277.4885,1
1926.391,382.691,0
6209.945,170.6272,1
2002.783,296.0568,0
2003.781,319.4846,0
2005.003,291.1539,0
2060.68,278.9354,0
6098.314,193.5308,1
5729.954,300.968,1
5893.97,155.1526,1
5912.018,164.8762,1
6081.671,142.8169,1
5338.997,164.3184,1
1988.781,323.4302,0
2005.287,339.8025,0
2033.201,377.2064,0
5730.99,194.8015,1
6304.731,231.7197,1
2004.483,412.3038,0
1896.783,308.2006,0
2180.523,410.4276,0
5842.603,230.2119,1
5789.483,195.0059,1
2143.036,242.8331,0
2022.845,300.3557,0
6253.55,110.9021,1
5891.818,163.5112,1
4890.556,350.5981,1
1941.06,343.5637,0
5611.647,190.5754,1
5990.514,208.8167,1
1952.261,384.044,0
5702.623,309.7852,1
5853.643,245.4768,1
6069.155,241.8938,1
1919.333,375.261,0
1954.922,393.4646,0
1965.478,309.1038,0
1984.349,393.4078,0
1891.893,323.7391,0
5556.73,335.4255,1
1975.648,338.3762,0
5864.557,251.8208,1
6578.901,199.3738,1
6362.279,156.6836,1
1874.449,398.9758,0
2171.975,300.3716,0
6225.387,234.4617,1
1968.322,432.2811,0
6308.298,191.8879,1
2019.789,340.473,0
1969.367,322.2233,0
2053.407,356.0667,0
1976.729,348.3167,0
5567.94,366.8757,1
2005.485,423.8171,0
6380.277,251.1472,1
2061.411,334.1696,0
6375.979,304.1416,1
1970.638,289.2074,0
1924.226,322.3651,0
6220.425,216.8218,1
1958.356,354.1711,0
1963.083,357.4096,0
6655.228,222.1563,1
6064.563,191.6882,1
1987.56,312.714,0
2018.782,379.8795,0
6061.883,266.4871,1
2067.192,348.4479,0
5943.508,269.2219,1
2073.699,317.8237,0
2066.794,333.616,0
5807.281,241.8271,1
1958.706,375.3747,0
1906.333,420.379,0
5762.178,246.7307,1
1919.597,297.4113,0
1991.35,363.7229,0
6473.472,215.5786,1
6518.794,255.2434,1
6095.006,194.166,1
6187.04,231.4231,1
5828.881,225.1985,1
1927.276,301.1631,0
6177.149,264.7834,1
1935.8,422.9427,0
2148.606,376.1477,0
6358.068,216.0815,1
5579.353,107.5764,1
1921.958,346.1972,0
5386.484,179.8369,1
2161.833,314.8096,0
6784.855,237.1697,1
1953.607,344.3553,0
2017.521,296.7802,0
1903.117,325.5963,0
5856.858,369.1431,1
1954.292,393.9747,0
5732.507,277.9465,1
2093.55,277.1283,0
6234.313,289.3711,1
6062.5,147.5828,1
1877.252,291.1369,0
5820.785,261.0059,1
2164.887,314.3838,0
2083.574,315.4481,0
5929.781,105.0344,1
1918.802,381.4824,0
5224.078,185.5176,1
2004.076,301.0357,0
2009.328,344.8506,0
2013.859,276.3274,0
2125.743,304.0007,0
5975.241,193.7393,1
6000.115,261.4841,1
6220.447,127.1355,1
1955.536,243.8333,0
5798.52,201.8127,1
5887.469,216.1384,1
5874.714,275.4019,1
6014.849,311.5728,1
5369.444,131.3901,1
6285.8,216.2546,1
5989.321,172.5024,1
5953.104,279.2703,1
5174.077,318.0754,1
5990.273,337.136,1
1930.478,383.06,0
6086.712,174.123,1
1907.808,345.6869,0
5832.357,168.9043,1
5698.459,187.3086,1
1992.994,284.8254,0
5933.301,198.7349,1
6031.796,182.3806,1
1946.784,397.4742,0
5876.855,132.7988,1
2068.702,381.7482,0
5841.694,271.853,1
6449.986,199.8484,1
2007.489,339.223,0
5630.757,178.9536,1
5774.633,144.95,1
6139.683,169.9138,1
6135.337,124.5847,1
5471.178,264.0513,1
1937.973,389.0299,0
5600.769,277.8757,1
6034.317,164.3228,1
1989.237,365.0553,0
5275.216,220.1436,1
6188.938,183.2251,1
2049.799,362.1456,0
6460.668,239.709,1
2047.259,254.4885,0
6584.962,129.3557,1
1949.03,283.0159,0
2017.076,281.9163,0
6422.617,215.6311,1
6456.637,237.7039,1
6265.101,105.7166,1
5772.263,262.0713,1
1927.8,338.4081,0
1877.474,334.2612,0
6265.24,252.6396,1
6281.229,137.0981,1
6136.046,184.6838,1
2013.837,387.0186,0
1902.346,326.5682,0
5686.651,353.6858,1
6065.013,153.6768,1
1939.25,396.7167,0
6058.311,206.7632,1
1950.745,305.3734,0
5707.1,251.5925,1
5777.288,265.9829,1
2072.113,304.5693,0
6309.862,267.5818,1
6016.503,140.7263,1
2036.326,373.0944,0
1961.655,330.924,0
5766.659,187.5618,1
1887.371,369.09,0
2116.273,303.6691,0
6751.286,244.5063,1
1922.28,340.0099,0
5955.587,158.6123,1
2063.286,339.0386,0
6114.129,161.0715,1
5882.987,234.5161,1
1994.996,334.4565,0
2020.594,294.6489,0
6060.925,252.356,1
5603.396,174.7813,1
6157.983,173.625,1
1672.601,308.3128,0
6062.098,266.7876,1
2024.242,309.9008,0
5771.025,303.8638,1
6114.288,138.9443,1
5842.734,276.752,1
2054.005,337.5858,0
1970.018,285.5332,0
5899.189,99.14331,1
5611.783,263.8633,1
1884.134,338.6949,0
6192.683,334.6711,1
6191.144,224.1025,1
6094.191,292.1018,1
1908.48,282.8317,0
5423.257,232.2971,1
5698.055,275.8242,1
1965.933,335.9975,0
6178.456,278.8777,1
1945.113,340.4563,0
2010.003,322.3306,0
6046.923,278.5691,1
6031.743,227.8877,1
5877.2,203.6387,1
1875.31,334.0802,0
2159.641,257.0867,0
5911.031,143.7927,1
6152.237,355.8684,1
5385.234,278.5771,1
1942.639,335.5106,0
5767.829,347.5305,1
1957.86,311.3577,0
1980.385,353.9247,0
4770.141,369.8843,1
1974.076,333.1685,0
5837.944,223.1741,1
5869.885,231.0894,1
1957.722,271.6586,0
2056.389,371.516,0
2048.528,310.1996,0
6838.339,201.1462,1
5493.266,186.2703,1
1919.324,327.29,0
6257.352,221.6799,1
1985.222,303.9646,0
1961.337,397.2247,0
2054.717,325.8102,0
6088.703,220.3738,1
5884.502,128.0203,1
5826.619,203.3096,1
2043.783,311.3291,0
5884.164,254.0649,1
6008.814,269.1799,1
5785.831,143.55,1
1973.933,337.96,0
2096.292,305.0416,0
1923.695,324.71,0
1946.022,370.339,0
5922.038,235.4771,1
2032.953,344.1316,0
1983.262,362.7994,0
6109.546,244.8403,1
6118.895,201.4541,1
2058.113,320.8691,0
6036.554,345.0681,1
6073.831,139.5059,1
6190.239,309.7356,1
2030.206,376.0898,0
2026.209,264.3179,0
6165.548,202.9678,1
5978.255,242.2249,1
1986.759,350.017,0
5938.075,220.6094,1
6015.655,180.594,1
2232.332,263.5093,0
5986.057,197.3127,1
5570.064,182.7178,1
2053.918,286.6035,0
5799.955,253.2842,1
5993.37,244.4553,1
5513.89,161.9473,1
1980.35,347.424,0
5846.117,267.0339,1
2130.28,279.3595,0
5837.943,186.9758,1
6216.534,96.28931,1
6210.249,218.4543,1
6029.57,281.6763,1
1982.234,380.6364,0
1901.897,343.305,0
2115.366,253.6731,0
6234.195,290.6345,1
1971.27,295.1095,0
2031.721,276.6539,0
5823.716,166.616,1
5982.099,251.4717,1
1995.702,342.1476,0
5882.847,174.1956,1
5719.338,150.8823,1
5723.165,194.7546,1
5949.426,247.5803,1
2036.155,352.1521,0
5927.29,214.3215,1
5534.674,238.3181,1
1931.209,329.2001,0
3967.823,186.6028,0
1955.088,298.6096,0
1994.939,303.8238,0
5850.496,114.7385,1
2023.828,288.2344,0
5925.872,212.0713,1
6010.815,330.2383,1
1977.256,297.2571,0
5267.69,278.6145,1
5971.408,192.6196,1
1882.538,270.2829,0
5397.266,230.6135,1
5889.318,241.5669,1
5939.618,337.6965,1
5679.23,259.5071,1
6799.748,193.0547,1
5730.203,245.2471,1
1987.469,276.0693,0
6030.282,197.3186,1
2136.693,300.9958,0
2007.154,345.3098,0
5945.215,193.2605,1
1935.1,356.2849,0
6048.158,249.1084,1
1993.224,353.0737,0
6351.116,214.769,1
1964.386,331.1923,0
5679.533,201.4502,1
5225.362,150.4839,1
1928.022,403.454,0
2071.078,378.3196,0
6033.178,315.9202,1
5972.867,155.2417,1
1961.793,320.0329,0
1943.582,380.4572,0
1981.272,313.7798,0
2002.024,329.8335,0
2061.433,436.3849,0
1998.067,359.9216,0
6233.652,369.2114,1
5957.501,324.9243,1
5723.75,252.699,1
1928.566,271.0956,0
6442.418,158.5166,1
1859.172,345.7419,0
6374.463,180.0291,1
6162.234,162.844,1
6722.629,214.8499,1
2018.839,332.2892,0
2061.644,435.541,0
5688.737,164.0708,1
6018.748,275.696,1
5681.07,244.71,1
5841.41,209.6973,1
5886.073,166.4487,1
2219.797,329.4725,0
2011.2,293.6938,0
2080.462,341.5708,0
5753.175,159.208,1
1888.674,388.7314,0
5624.197,237.5867,1
5759.522,227.3982,1
2045.35,342.7035,0
5194.838,260.9551,1
6429.124,292.3184,1
6098.806,111.8547,1
5432.896,225.3198,1
6195.063,152.207,1
5725.264,153.0852,1
5915.839,174.7378,1
2075.571,375.9978,0
1992.733,294.9521,0
1999.157,243.468,0
1962.41,354.1432,0
6037.323,242.6047,1
6187.636,249.468,1
5817.165,289.0647,1
1914.784,398.8657,0
5787.715,213.9397,1
5810.535,207.6294,1
5618.106,205.1782,1
1891.023,433.3647,0
6133.854,254.4517,1
1992.413,353.2364,0
5742.359,142.7439,1
2016.381,242.3932,0
1944.539,345.988,0
1912.113,308.843,0
2000.452,329.6322,0
6098.793,224.1726,1
6244.301,156.0474,1
5873.834,225.6055,1
1940.525,355.7435,0
6095.142,221.0552,1
5953.638,186.5447,1
5824.978,241.8501,1
1966.532,360.2426,0
6426.45,111.2598,1
2023.637,302.246,0
5920.691,236.7766,1
6151.586,305.0356,1
1947.282,333.7274,0
1976.274,386.0685,0
6033.799,224.6096,1
5760.392,136.3452,1
5988.979,274.6785,1
6223.089,154.6519,1
6239.637,274.0627,1
1881.254,366.6493,0
5736.721,238.6509,1
1983.582,313.6857,0
6016.25,195.7974,1
1951.11,385.7777,0
6012.533,259.4746,1
1952.73,374.1593,0
1950.235,320.0117,0
2027.415,324.9294,0
6073.665,266.7236,1
1870.266,398.0022,0
1953.22,321.1078,0
2051.598,388.8301,0
6224.839,200.1372,1
2027.526,384.8821,0
1992.843,429.3453,0
6054.165,375.22,1
6031.809,209.1179,1
5849.821,315.4268,1
5968.426,223.1218,1
1998.213,287.0521,0
6132.954,304.2266,1
1977.045,382.5457,0
2008.633,271.6612,0
5966.631,208.3057,1
6009.027,109.4229,1
5936.881,188.3765,1
1915.981,371.2079,0
5981.845,345.0374,1
1968.515,357.5724,0
5970.908,165.4106,1
1974.599,342.2855,0
1998.451,368.0164,0
5769.892,217.6592,1
1886.558,308.9238,0
1934.736,303.9069,0
6194.355,231.9712,1
5778.906,150.8833,1
1950.41,304.8323,0
5994.538,310.5315,1
1946.548,360.2867,0
5969.001,197.4082,1
1982.036,345.4163,0
5792.243,279.9792,1
2010.777,279.4867,0
2035.295,284.4373,0
5965.425,177.7622,1
2010.48,370.1743,0
1969.53,343.623,0
6419.974,182.3577,1
2037.205,328.7255,0
1918.43,305.713,0
1939.172,379.4037,0
1935.138,285.3764,0
1961.882,364.8619,0
5905.498,231.0166,1
1987.98,373.7521,0
5896.165,218.8489,1
2006.948,351.8179,0
5950.095,203.1941,1
1918.217,318.7041,0
1861.263,325.2247,0
1999.449,422.8177,0
6301.208,357.3809,1
1970.883,328.9843,0
6124.374,188.9451,1
2052.882,349.2289,0
1927.942,347.9884,0
5463.099,365.1628,1
2162.277,340.6873,0
1911.424,315.796,0
5775.483,238.3618,1
1994.076,345.9531,0
1968.375,378.5818,0
5944.229,321.6306,1
5688.687,335.855,1
2042.476,316.1277,0
5319.236,213.6218,1
6385.494,183.772,1
6142.049,216.9004,1
5877.57,198.3135,1
2055.407,336.0352,0
5774.79,157.8486,1
2028.206,305.5829,0
1961.22,400.6004,0
1909.536,386.2269,0
2040.296,272.4907,0
6361.854,160.6152,1
5416.445,269.9348,1
1999.161,362.4162,0
5850.873,171.8677,1
2029.06,328.3191,0
5761.995,223.6414,1
5803.583,218.0532,1
2008.262,342.451,0
6001.775,169.3545,1
1950.514,316.8674,0
5325.083,325.8442,1
2009.298,225.9456,0
1989.735,303.6271,0
6068.213,261.8513,1
5917.739,163.3667,1
5937.228,211.0896,1
1953.592,326.0226,0
6259.756,184.9224,1
6091.004,258.8154,1
6020.78,109.3118,1
1964.667,350.7549,0
6138.63,201.0061,1
1883.592,324.7724,0
6552.269,171.8718,1
2058.412,361.0227,0
1952.526,316.9135,0
1963.286,282.6851,0
5312.536,329.7446,1
6251.812,185.4417,1
2027.211,320.696,0
6061.639,172.4177,1
6379.438,285.1855,1
2063.794,364.5577,0
1992.529,324.9243,0
1939.345,312.3993,0
6312.466,234.1426,1
6264.34,95.0188,1
6037.261,178.0381,1
2013.565,321.9762,0
1940.204,364.1957,0
5828.028,328.5039,1
6167.67,129.4641,1
6156.701,224.1924,1
1932.893,389.8906,0
6110.4,217.7078,1
2015.707,324.4667,0
6575.201,163.603,1
5697.347,113.6389,1
1974.782,340.8276,0
1997.76,358.0844,0
1929.149,378.3108,0
1864.051,440.2359,0
6204.75,170.1697,1
1889.889,378.5438,0
6013.605,200.0425,1
1863.02,374.3948,0
2153.358,312.782,0
5825.347,210.6033,1
5894.031,303.4646,1
6101.267,236.6855,1
6147.994,271.478,1
6064.185,204.0374,1
1996.736,391.6252,0
2001.868,334.8409,0
1969.751,275.594,0
2032.448,290.6689,0
6178.73,85.30322,1
1903.21,338.1383,0
5923.67,350.7583,1
5774.142,212.6594,1
1980.687,276.0591,0
5714.58,237.1714,1
5073.806,283.6995,1
6202.983,200.4409,1
2051.595,316.637,0
1950.821,266.165,0
5742.275,245.3311,1
5756.231,345.7471,1
6504.235,182.1504,1
1852.674,293.49,0
1964.935,388.517,0
5917.383,242.5012,1
5375.757,213.415,1
1930.214,328.224,0
5986.021,231.8513,1
1835.844,375.3677,0
5920.83,278.8374,1
1986.618,354.2206,0
2030.615,351.3059,0
5869.159,242.0278,1
1990.402,352.7957,0
1895.023,288.464,0
2100.542,335.3627,0
6413.941,319.3945,1
5722.402,136.9238,1
5879.393,166.9424,1
5895.618,274.3308,1
5531.831,256.3699,1
1956.906,360.9718,0
2051.739,290.8275,0
1969.269,275.2249,0
5883.415,276.6011,1
6377.361,136.6841,1
5845.925,182.0842,1
6104.791,261.6958,1
2109.42,292.1827,0
5976.475,248.54,1
1845.717,392.5645,0
6374.574,132.1323,1
2002.286,274.3038,0
5929.303,173.7258,1
5586.105,255.0405,1
1984.998,326.236,0
6096.943,180.5051,1
2016.656,298.578,0
5241.974,178.2073,1
2013.557,370.1165,0
1976.365,326.2546,0
2031.549,298.8867,0
2047.796,287.8674,0
5024.717,255.2468,1
5919.021,187.585,1
6571.12,114.3857,1
6083.561,172.3884,1
2167.319,270.4561,0
5811.433,278.8469,1
1996.283,320.1748,0
5974.926,162.0437,1
1965.972,303.1504,0
1938.622,332.5873,0
2032.987,322.4078,0
1939.55,395.4599,0
2089.879,392.8257,0
2059.779,288.5548,0
1887.304,351.6982,0
6200.895,207.8621,1
6048.955,254.6814,1
6028.856,201.9136,1
1954.003,454.9672,0
1976.299,351.5472,0
2065.613,311.3375,0
5832.832,220.5879,1
6190.304,204.7556,1
6000.159,109.1536,1
2069.931,290.8076,0
2113.417,311.8341,0
5511.594,214.6436,1
1962.415,381.3991,0
6075.067,174.4011,1
1977.263,384.8873,0
1978.993,393.0855,0
6211.21,134.6965,1
1942.347,396.163,0
1945.166,360.0481,0
5991.915,206.321,1
1976.406,299.9545,0
5880.711,206.1619,1
6004.581,136.2217,1
5792.565,311.9692,1
5698.642,158.9041,1
1993.027,345.1289,0
2036.407,301.6829,0
1935.403,399.329,0
2016.218,282.313,0
5841.113,216.0764,1
6225.988,232.9651,1
5945.343,217.8677,1
2085.539,335.535,0
6105.625,187.1536,1
2075.697,279.9004,0
6045.382,209.7307,1
6211.001,217.053,1
2060.57,316.5693,0
6153.353,180.731,1
1904.619,414.9213,0
1901.133,301.842,0
6030.756,241.3594,1
5831.003,204.052,1
5909.129,210.4712,1
2008.482,335.0197,0
5984.788,211.521,1
1962.347,362.1539,0
2008.055,318.6762,0
5975.762,246.968,1
6560.822,316.8113,1
6357.22,272.7188,1
1991.132,331.373,0
1963.351,380.7026,0
5448.336,225.1121,1
5828.391,138.4985,1
1947.143,391.4425,0
2078.049,349.004,0
6190.68,203.4392,1
1912.068,349.2428,0
6026.19,246.2451,1
5760.365,265.6736,1
1953.952,332.1591,0
1990.734,364.4161,0
5762.813,231.4561,1
1847.014,320.9961,0
5520.544,178.1389,1
5436.038,171.8828,1
5834.964,252.0522,1
2001.747,321.2656,0
1841.242,407.1146,0
5358.708,263.6787,1
4920.744,265.1218,1
5997.988,322.6055,1
2006.704,313.8217,0
5762.313,232.1128,1
5843.659,224.1001,1
1962.035,321.9337,0
1964.541,323.1425,0
6226.444,275.064,1
5944.783,123.2615,1
6615.153,223.0334,1
2020.423,351.684,0
1988.199,326.6689,0
1996.914,401.5613,0
5567.526,348.8569,1
6144.749,222.8984,1
2233.834,321.7572,0
1935.589,283.7759,0
6303.97,217.3762,1
1942.423,394.9347,0
6431.29,247.7505,1
2051.672,367.9398,0
6174.934,142.9626,1
6175.968,369.791,1
2032.156,379.2184,0
1960.864,393.7582,0
1929.06,394.9864,0
1977.833,289.5441,0
5863.68,221.8181,1
1971.535,350.6939,0
2009.612,307.0991,0
5934.586,337.415,1
6620.021,188.0647,1
2007.14,337.452,0
2030.048,341.7632,0
2079.542,336.636,0
2081.605,356.0697,0
6148.45,274.5415,1
1927.743,292.5904,0
1892.63,412.8183,0
6198.036,186.2048,1
1912.58,381.5792,0
1961.938,327.0433,0
1988.198,294.8231,0
1998.58,274.3205,0
6141.757,152.1387,1
2032.696,285.858,0
1897.235,419.5526,0
2021.088,346.5575,0
6364.487,203.9236,1
5968.703,294.5313,1
1998.861,297.7502,0
2019.947,332.9825,0
2008.932,371.2345,0
5468.303,207.3311,1
5728.255,163.0649,1
5862.252,267.2397,1
6160.024,359.8928,1
6042.772,227.908,1
6170.599,173.7427,1
5957.923,195.481,1
6394.343,192.6665,1
6152.451,215.6218,1
1974.355,315.9886,0
1901.942,396.6801,0
6189.649,133.1152,1
5947.459,208.6477,1
1928.926,305.339,0
6095.669,307.1133,1
1998.994,376.0879,0
1864.032,363.9681,0
2049.732,308.5918,0
5836.669,337.4077,1
5573.891,243.1533,1
6383.241,220.8401,1
6113.22,249.4995,1
6165.737,243.7043,1
2081.61,306.1162,0
1953.178,358.4387,0
2020.784,306.8503,0
1980.878,340.6565,0
6129.411,185.7686,1
1957.837,292.6868,0
2035.724,311.5598,0
1994.176,301.1378,0
6141.053,88.68872,1
2158.762,281.7217,0
2220.067,269.3878,0
5741.356,154.4495,1
1990.376,383.7362,0
5799.887,236.7893,1
1997.259,380.3015,0
2024.296,388.8345,0
6099.347,230.4937,1
1992.596,309.9222,0
2022.478,310.692,0
1891.12,311.512,0
5940.682,279.0142,1
5928.174,169.3237,1
1967.395,375.4197,0
1987.219,357.9223,0
6341.977,186.3843,1
2011.555,343.2964,0
6324.474,122.0664,1
6179.171,123.2976,1
2148.308,337.8488,0
1829.693,413.8216,0
1907.559,378.7464,0
6591.764,179.6692,1
6081.41,267.1523,1
6067.538,308.2405,1
2053.467,261.3932,0
2117.338,361.2972,0
1951.913,272.7838,0
5973.222,287.0481,1
1992.09,381.481,0
1983.004,359.7238,0
1972.758,298.1011,0
1914.713,362.3502,0
2027.949,258.6358,0
1975.457,307.3179,0
6268.396,272.9888,1
1893.165,375.8462,0
6309.495,248.9619,1
5798.455,258.9451,1
5700.093,208.1084,1
2009.275,290.2722,0
6299.099,306.6108,1
6070.962,189.0891,1
2035.375,340.91,0
1934.825,387.1683,0
5702.48,186.7012,1
5679.349,200.5015,1
1904.921,409.2955,0
5713.474,290.509,1
2027.497,261.0726,0
1956.281,346.6378,0
6009.537,117.656,1
6117.435,151.7729,1
2025.977,286.9405,0
2091.571,257.8788,0
2025.928,281.1309,0
2089.993,360.2158,0
1971.756,402.2294,0
6127.409,183.5459,1
6214.793,202.8062,1
6013.076,275.6003,1
6076.824,119.749,1
5868.5,182.6907,1
6559.628,289.0149,1
1960.972,325.972,0
6168.555,301.6731,1
5949.609,194.7019,1
1983.428,367.2708,0
6113.99,178.9402,1
2224.941,385.3835,0
6238.294,200.6179,1
1973.402,347.5084,0
5949.447,145.1599,1
1986.765,307.1927,0
1974.202,264.8842,0
1964.008,415.1897,0
2011.265,278.1378,0
5921.918,126.9729,1
1979.295,312.4435,0
1920.193,317.311,0
1944.426,289.7557,0
5987.502,152.7012,1
6027.833,302.3142,1
1949.363,364.3687,0
6538.709,235.5662,1
1976.581,351.7327,0
5732.696,264.2488,1
5920.049,231.4104,1
1976.411,336.3219,0
5883.977,300.4656,1
6314.009,238.7451,1
1931.218,376.4868,0
2021.013,295.0962,0
1931.078,344.6797,0
1957.009,320.7063,0
1958.102,370.4313,0
6160.449,166.2886,1
2098.211,325.6962,0
1891.328,381.4778,0
5910.387,265.1196,1
5811.874,216.7202,1
6001.079,181.4863,1
5860.772,260.7051,1
2003.578,313.1147,0
5744.131,226.8147,1
2014.816,301.0612,0
1893.07,364.9689,0
2043.055,301.2881,0
1954.533,377.8958,0
6168.329,381.7888,1
6303.875,198.9363,1
6221.671,313.446,1
1970.569,279.4664,0
1929.633,367.5843,0
1914.786,271.071,0
6090.306,176.7319,1
6519.583,174.2466,1
1942.978,309.0917,0
6302.193,96.16943,1
5959.647,189.8965,1
1971.54,369.1825,0
5797.951,307.1326,1
1884.383,338.9708,0
5891.988,243.2947,1
6149.321,186.3499,1
5930.208,309.6528,1
6205.169,220.9895,1
1971.367,334.5341,0
6489.845,198.7896,1
6103.541,158.6621,1
1923.753,319.9261,0
1962.876,354.374,0
6382.745,337.4265,1
1978.743,285.0546,0
6019.552,168.0713,1
2009.447,313.0118,0
1843.736,374.3544,0
2102.26,332.3391,0
6179.38,240.6238,1
5566.098,215.0122,1
1955.253,298.0105,0
5930.102,304.3223,1
5694.982,270.842,1
6072.303,227.6255,1
5868.543,239.1643,1
5516.267,282.1294,1
5987.868,191.0664,1
1924.635,310.2415,0
2044.596,408.7656,0
6039.693,159.5471,1
1986.178,327.9624,0
1932.803,392.6818,0
1872.623,350.0242,0
6103.286,140.8547,1
5719.841,281.4053,1
5851.464,167.1948,1
6081.025,204.8987,1
6088.959,253.3057,1
6284.688,86.70825,1
6224.219,153.5598,1
6006.108,144.678,1
1890.226,343.7892,0
5832.704,311.3574,1
5790.668,225.7058,1
6061.068,297.4016,1
5432.655,179.3765,1
6303.969,324.6655,1
6155.823,334.8318,1
5240.181,294.457,1
1995.701,288.5152,0
5758.55,321.8877,1
5926.577,247.8486,1
1995.116,287.7671,0
6155.142,66.53271,1
6292.553,205.3818,1
5888.208,261.3589,1
6826.378,209.3994,1
1916.699,311.243,0
6402.121,170.4548,1
6331.678,236.2529,1
6541.816,219.3472,1
6596.231,186.2373,1
1954.146,386.3937,0
2012.623,286.1229,0
2010.661,271.2728,0
6096.636,234.9641,1
6153.597,175.1113,1
1926.789,348.528,0
1892.192,337.2824,0
1972.576,355.4689,0
6034.844,229.8547,1
6011.058,218.9421,1
1966.751,291.9839,0
2002.203,326.8622,0
1944.731,362.9521,0
1959.669,342.0643,0
6714.007,174.5037,1
5381.45,361.5964,1
1896.148,359.7792,0
1897.12,368.3414,0
5989.142,283.0647,1
5829.866,227.2131,1
5796.323,225.979,1
2145.583,300.0192,0
1965.371,284.3759,0
6281.801,237.4736,1
5942.897,193.6484,1
1991.522,318.8445,0
6469.01,231.8796,1
1924.7,334.5779,0
6022.871,157.2698,1
2001.705,314.7379,0
6271.024,135.2834,1
6177.685,214.2913,1
7086.221,319.1055,1
6064.356,247.5874,1
5806.938,119.2139,1
1934.589,299.3936,0
6224.875,300.585,1
5890.742,310.4143,1
5790.753,249.1184,1
6393.976,62.27026,1
6275.062,113.9602,1
1938.323,371.4034,0
1912.021,314.6461,0
1968.034,392.6725,0
6078.194,294.8774,1
6038.736,180.8367,1
1911.242,378.8705,0
6078.694,316.5161,1
5871.523,194.0427,1
1976.41,384.9437,0
2078.782,281.7091,0
6130.903,189.0793,1
1944.446,378.4402,0
1989.473,363.6929,0
6143.384,263.8035,1
2007.521,311.261,0
6040.267,188.6504,1
2076.278,325.8698,0
1914.298,315.3546,0
2127.061,293.3881,0
2048.652,297.6593,0
5776.698,182.085,1
1970.121,369.2432,0
1965.635,313.4567,0
5183.096,214.0374,1
2080.524,351.1824,0
1984.513,310.2705,0
5755.769,285.0327,1
6351.271,191.5461,1
2009.19,292.6875,0
2057.813,293.183,0
5808.128,162.6514,1
6028.955,188.0513,1
6599.246,277.4812,1
5788.907,362.2546,1
1936.693,327.0706,0
2033.075,270.3252,0
5003.681,201.4849,1
2003.973,327.2084,0
5934.007,244.0493,1
5938.233,231.4294,1
6047.104,249.2163,1
6603.188,196.7883,1
6019.263,206.8022,1
6059.513,226.2122,1
1982.93,331.0479,0
2076.528,257.2909,0
5694.041,256.9873,1
1956.6,350.1122,0
6184.365,243.1548,1
1978.296,348.0342,0
5940.346,250.7283,1
5165.335,282.6719,1
6043.557,419.9512,1
6140.579,224.9888,1
6193.537,232.679,1
2043.225,380.6941,0
2018.255,347.0551,0
6106.005,260.6379,1
1863.515,360.1519,0
5514.755,223.4185,1
1597.757,256.2932,0
1998.419,337.1024,0
1955.792,421.1761,0
1846.957,396.7317,0
6017.949,250.7874,1
6132.491,245.6831,1
5936.059,222.1057,1
6019.131,263.6782,1
6133.488,96.24951,1
2040.312,318.9437,0
5710.909,378.2144,1
6328.3,207.1138,1
1971.393,355.02,0
2070.368,371.738,0
1973.76,305.4123,0
1933.178,356.0931,0
5895.756,338.2053,1
2149.12,240.1415,0
1952.126,334.3151,0
6006.997,178.095,1
2017.809,340.8689,0
1954.1,337.4493,0
5919.313,236.5203,1
5785.944,258.4573,1
6031.346,259.5088,1
6191.057,196.323,1
2010.84,291.3519,0
1916.711,345.3092,0
5320.143,140.3062,1
1981.645,315.5673,0
1943.418,258.9321,0
2032.662,288.1588,0
6049.414,293.1301,1
2016.036,293.9011,0
1986.525,377.9571,0
5907.65,170.3809,1
5954.566,160.9539,1
5649.795,243.0769,1
5839.604,246.3293,1
6114.117,162.8945,1
1974.944,346.3823,0
1936.157,334.7051,0
5751.202,190.7349,1
1934.601,335.7088,0
2041.711,408.688,0
6146.248,189.6692,1
2003.485,319.4071,0
5771.555,262.292,1
1921.938,318.8383,0
5744.77,254.4912,1
2032.071,322.7404,0
6059.394,319.9324,1
5670.027,271.1208,1
1908.448,388.2549,0
1894.397,391.2497,0
4771.997,328.8987,1
5913.075,325.688,1
6016.205,161.259,1
5759.71,213.2727,1
2024.804,341.9423,0
5964.271,133.5232,1
2003.636,317.9902,0
1952.444,352.2701,0
1937.394,332.1486,0
6171.208,185.2898,1
5907.678,165.2622,1
1913.548,400.7483,0
1974.933,328.621,0
5933.713,282.7905,1
5992.397,234.5452,1
5884.845,194.0667,1
1965.719,314.7003,0
1968.692,327.1602,0
2012.049,357.0164,0
6070.739,163.7036,1
1928.302,356.4303,0
6028.353,219.3357,1
1963.386,331.9108,0
5462.453,227.8452,1
5928.514,272.7224,1
6139.416,144.4653,1
5667.963,186.7976,1
1895.335,343.7087,0
6016.083,181.1975,1
5982.294,195.4368,1
5605.751,283.3677,1
6045.683,271.7932,1
1949.15,323.1962,0
5766.892,285.3926,1
5592.526,287.0825,1
2165.994,315.71,0
5864.708,261.3142,1
6438.467,234.6169,1
6291.407,169.1145,1
5711.665,221.8174,1
5812.936,294.3936,1
5807.235,302.4246,1
1969.792,307.1884,0
1895.413,366.7087,0
5940.445,318.2466,1
2015.433,339.971,0
1965.287,388.7826,0
6169.849,243.1877,1
2044.658,310.3512,0
2016.629,311.9969,0
5989.253,142.2424,1
5819.649,254.6624,1
5984.115,121.6531,1
1919.106,348.744,0
6151.148,168.5876,1
1947.243,371.3142,0
6044.425,218.353,1
5674.128,246.8784,1
1992.738,305.4412,0
1960.55,389.1568,0
5885.364,141.3669,1
5636.214,227.5076,1
5994.863,326.6335,1
5909.776,248.3711,1
1947.687,347.4027,0
6143.16,408.2754,1
6077.58,213.0942,1
5850.687,365.3015,1
1976.828,376.7919,0
5904.03,199.0156,1
2035.024,318.9735,0
5587.475,288.6047,1
6474.905,150.4878,1
6007.128,244.4961,1
4957.81,320.1184,1
6092.608,277.1428,1
5702.058,274.2939,1
1939.056,413.5119,0
2077.479,300.8964,0
5421.509,293.1814,1
6266.293,236.6245,1
1989.556,323.6913,0
1903.724,363.6139,0
5782.612,198.2617,1
5725.543,226.499,1
1982.938,313.8468,0
5915.007,310.7393,1
5910.999,181.4749,1
1893.021,409.0374,0
5847.768,281.2937,1
1870.127,458.7928,0
6254.818,342.0205,1
5936.503,126.4563,1
2024.404,281.7386,0
6071.085,169.5564,1
5532.34,157.6707,1
1998.875,308.3253,0
5849.514,215.9033,1
5632.051,195.3538,1
6381.854,294.9446,1
5835.614,226.4077,1
1923.277,393.9922,0
5850.799,234.5259,1
6159.708,267.7432,1
2067.155,369.9813,0
6164.811,181.7412,1
2046.612,373.1373,0
5592.169,212.0581,1
1973.533,434.4572,0
5704.356,236.98,1
5388.993,311.9346,1
1899.561,436.2087,0
2115.112,345.4653,0
1908.149,334.4906,0
1986.451,333.112,0
1948.889,276.5652,0
5795.482,272.6379,1
5424.049,297.1042,1
1972.987,278.0581,0
2091.802,266.8451,0
2001.382,329.6876,0
1972.748,328.8114,0
1969.913,360.4436,0
6156.829,180.2893,1
6142.66,266.0789,1
2043.654,306.5198,0
2263.175,369.5618,0
5922.746,161.0149,1
1973.982,363.4911,0
1983.547,378.1453,0
2018.628,334.8854,0
1987.424,333.9753,0
6110.957,106.584,1
2101.553,347.5607,0
5475.844,267.0803,1
1951.255,322.4604,0
2012.38,341.1521,0
6053.795,180.4019,1
1953.784,324.3553,0
6107.587,162.9604,1
1961.599,328.4435,0
1945.934,330.8882,0
5833.697,238.6211,1
6192.24,172.5505,1
5859.712,291.2529,1
1931.128,347.4756,0
1880.687,399.9252,0
1968.138,328.8438,0
2059.583,279.5229,0
1938.867,374.679,0
6043.803,160.0732,1
2059.035,367.2639,0
5842.666,299.2815,1
5777.405,119.2288,1
2040.833,329.0872,0
5924.62,337.5984,1
1832.76,383.1666,0
6141.225,273.2839,1
5903.984,210.1365,1
5751.332,229.6714,1
5963.737,135.9849,1
5935.986,191.355,1
2026.856,322.3477,0
1965.929,320.8382,0
6003.928,215.4744,1
6145.458,127.5,1
2013.453,306.2698,0
5934.41,149.4941,1
5927.478,261.249,1
5861.934,300.7561,1
6050.076,242.208,1
5632.806,237.635,1
5706.708,193.7388,1
1914.583,327.1574,0
2006.29,380.3918,0
5791.032,222.5359,1
6087.931,130.9668,1
1893.203,324.2899,0
5877.47,217.2764,1
2092.617,379.4961,0
6021.716,202.7332,1
5962.646,177.6782,1
1867.117,377.8275,0
6294.907,258.8237,1
6029.45,187.3801,1
6672.516,238.145,1
5999.39,69.13843,1
5855.664,202.197,1
1942.49,283.3259,0
1994.815,390.35,0
6675.694,206.8701,1
5818.318,200.9302,1
6196.309,184.8774,1
6286.685,171.5632,1
5541.278,140.3772,1
5990.14,151.0642,1
2067.385,339.8093,0
5527.738,210.3025,1
6109.64,182.2947,1
2050.686,301.3934,0
1974.796,310.4984,0
5934.295,157.7693,1
1995.753,286.8917,0
5826.432,247.1052,1
2000.729,357.5817,0
1931.929,344.1813,0
5768.924,250.5583,1
1929.036,353.4683,0
6003.244,270.2019,1
5156.01,290.0452,1
1949.961,307.6542,0
6034.134,337.332,1
6328.471,219.9124,1
6035.794,155.5325,1
6118.519,242.6753,1
5819.019,208.0752,1
1817.392,388.7881,0
6097.427,297.2451,1
5550.971,226.5393,1
1960.751,335.7863,0
2014.971,319.3798,0
1965.777,335.7331,0
6075.271,193.2388,1
2085.226,266.142,0
1995.525,263.9525,0
2101.731,345.8157,0
6112.558,210.0752,1
1918.826,309.7166,0
1958.951,382.8381,0
1959.867,279.7283,0
6040.038,307.2668,1
6261.228,197.2109,1
2012.89,313.012,0
6319.592,383.8901,1
5779.662,155.6775,1
2070.622,248.6655,0
6375.009,118.9573,1
5902.052,174.2598,1
1941.95,367.1934,0
1994.691,312.5804,0
7030.543,279.7161,1
1982.769,339.8432,0
5934.918,122.2769,1
6089.755,136.3013,1
6445.015,260.1433,1
5923.964,233.3748,1
6124.068,321.1621,1
6035.961,241.9609,1
5932.238,226.075,1
1960.78,320.5467,0
1963.091,319.4008,0
1969.348,336.4713,0
6265.466,110.5964,1
1965.305,357.7577,0
5755.256,238.0862,1
2055.134,360.3588,0
1994.318,413.0048,0
1926.126,326.2761,0
1972.416,308.7248,0
5224.91,242.6401,1
4835.325,213.3892,1
5074.608,192.6382,1
1925.019,334.0496,0
1993.658,339.903,0
1942.452,401.2548,0
1898.14,365.5955,0
2113.677,296.9812,0
1948.362,371.2061,0
5789.107,303.5728,1
6000.852,254.5627,1
5851.857,196.1226,1
6102.642,227.6167,1
2070.633,343.7396,0
5897.252,213.2151,1
5908.853,189.8328,1
5949.63,218.5793,1
6117.507,152.5886,1
5659.996,264.8601,1
6024.828,271.2563,1
6041.377,260.5022,1
1992.984,328.7391,0
5633.104,293.9412,1
5703.695,117.6343,1
5612.487,287.5388,1
2033.794,320.0004,0
6294.039,167.6506,1
6716.922,163.8884,1
6079.034,230.8154,1
2078.099,284.4059,0
2010.667,365.3303,0
1967.415,358.1523,0
2066.112,332.6941,0
5916.398,130.3599,1
6024.516,262.3914,1
1981.585,387.7208,0
5555.725,147.8501,1
5804.321,237.3818,1
6153.635,234.4553,1
5626.416,192.4832,1
5699.267,365.4443,1
5831.519,141.4995,1
2186.78,272.0452,0
2073.19,467.0062,0
1930.371,379.9258,0
1964.223,331.481,0
2136.87,317.583,0
5877.932,119.3623,1
6082.327,337.3115,1
1959.225,359.185,0
2003.986,356.3066,0
1878.876,372.0303,0
5933.559,383.645,1
2080.819,313.3099,0
1773.608,347.1813,0
5543.037,233.7546,1
5727.802,229.7612,1
6701.873,343.1455,1
5811.551,265.9133,1
1998.462,278.8452,0
1850.392,316.001,0
1988.653,321.6036,0
1954.548,284.5773,0
5763.537,188.0127,1
5848.783,245.0933,1
4631.483,262.4707,1
6104.753,202.7798,1
6360.356,254.7163,1
1920.718,295.5308,0
6544.381,244.3662,1
5720.383,273.5493,1
5640.021,104.6101,1
1965.445,367.7797,0
6178.171,178.1499,1
6369.063,242.8804,1
6377.513,169.0881,1
1966.565,319.9072,0
6030.368,215.1379,1
6034.925,175.4512,1
5734.587,288.0327,1
5909.642,267.2144,1
6306.006,278.1792,1
1876.831,376.1423,0
2029.715,263.4481,0
5824.607,160.4441,1
5968.154,171.0156,1
2009.168,367.1202,0
5398.946,343.7268,1
6135.072,313.1206,1
1945.268,328.378,0
6033.048,285.7307,1
2020.781,305.8708,0
5884.923,282.9226,1
5810.262,209.0442,1
6141.826,243.8386,1
6546.191,281.178,1
5702.355,191.0056,1
2052.573,327.1495,0
1973.538,316.6466,0
6572.184,230.9692,1
6047.466,173.5701,1
6297.598,194.4973,1
1904.842,382.1116,0
6792.764,173.7905,1
7662.927,326.9473,1
5954.573,215.3088,1
5454.268,292.0488,1
5760.576,253.9587,1
1955.846,349.4407,0
2001.434,348.8926,0
5817.584,279.364,1
1951.166,358.9844,0
2081.505,358.8787,0
5837.148,247.7632,1
5781.318,151.0786,1
5921.203,201.4409,1
5841.861,279.6062,1
5185.203,346.1873,1
2035.488,298.595,0
5986.882,249.4634,1
1852.843,423.2243,0
5956.769,208.6052,1
2000.81,285.5139,0
1992.017,264.6464,0
1986.861,320.4509,0
5901.423,231.572,1
5826.437,227.853,1
5763.357,256.2983,1
1975.207,322.4988,0
1895.928,376.3121,0
5960.636,172.6382,1
1888.991,383.4991,0
6122.601,222.0459,1
6081.984,278.5615,1
1957.278,345.3626,0
5772.728,220.7852,1
5927.953,236.6289,1
6668.211,391.4622,1
5834.323,189.5134,1
1882.842,285.1996,0
6197.207,353.052,1
7138.529,339.5029,1
1932.677,320.2073,0
1929.072,369.1597,0
2179.883,392.7196,0
6001.908,153.1384,1
5803.207,269.2615,1
5714.167,382.4341,1
5890.312,252.5969,1
5998.854,301.6003,1
2002.665,307.2001,0
2017.274,263.2877,0
5812.032,186.689,1
1936.581,381.7438,0
1933.37,327.4897,0
5628.375,168.8501,1
1958.39,317.2996,0
1996.989,326.649,0
5930.827,219.9729,1
1922.792,369.1274,0
5980.758,155.9956,1
5360.043,352.709,1
5908.277,291.2725,1
5856.299,318.5071,1
1986.702,320.4477,0
1950.426,359.53,0
5594.324,217.4834,1
2137.32,320.0023,0
2106.856,320.1019,0
6091.057,143.5801,1
5832.935,293.2571,1
1989.836,365.5622,0
1904.595,329.829,0
2001.418,343.3461,0
2053.696,314.0485,0
6532.629,284.8989,1
5748.201,241.967,1
5666.885,318.9641,1
1913.453,383.653,0
1931.415,336.3887,0
6037.398,269.8418,1
6177.7,202.9519,1
2028.324,315.5356,0
2056.868,322.5015,0
5877.124,272.458,1
1911.671,289.5813,0
1959.298,304.8291,0
2062.819,301.3503,0
5821.274,189.2144,1
5821.589,211.3279,1
6112.133,238.6221,1
5512.394,239.2961,1
6037.742,266.6423,1
2156.878,278.5713,0
1918.19,281.1924,0
6266.84,244.3855,1
1944.655,329.6648,0
2006.02,276.6862,0
1889.919,395.3608,0
1895.227,325.3692,0
5888.771,211.6672,1
5747.634,203.3418,1
2042.246,372.9509,0
1991.725,310.6633,0
5863.293,210.3042,1
5811.045,201.7083,1
1969.323,381.3619,0
1931.741,337.8512,0
5684.482,139.2866,1
2006.938,385.9908,0
1972.568,313.4876,0
5937.494,354.5854,1
5856.918,125.2119,1
2031.839,358.5273,0
1970.513,251.6358,0
1974.932,293.3482,0
6195.946,253.0105,1
1924.457,365.2886,0
2051.135,257.8068,0
1961.476,360.6339,0
5895.693,319.2087,1
2013.868,353.2931,0
6044.856,121.3081,1
1998.188,329.5236,0
5712.26,188.9849,1
1932.089,364.6355,0
6372.911,204.9243,1
1997.278,321.6876,0
5935.74,201.4282,1
5924.359,222.4663,1
5828.707,168.5112,1
1955.342,367.546,0
1911.474,323.2,0
2106.428,339.1843,0
1984.778,275.3653,0
5879.721,231.9512,1
2030.829,389.2057,0
2100.435,329.4487,0
2077.511,276.8422,0
5942.069,250.301,1
1855.772,353.6921,0
5466.989,257.3789,1
5784.649,232.1616,1
1987.709,369.5464,0
5773.491,290.5996,1
5783.661,190.5691,1
5951.643,282.1892,1
1967.232,287.4618,0
2017.204,376.3879,0
1991.45,354.1961,0
2002.175,272.9177,0
6366.927,219.4209,1
5939.861,167.0305,1
1942.387,324.8162,0
5950.023,221.1772,1
5833.339,268.8367,1
5999.851,185.8188,1
1973.735,332.4205,0
2197.316,301.6971,0
6061.489,216.1377,1
2172.038,305.6702,0
2020.132,329.9207,0
5697.228,268.3337,1
1938.636,352.9086,0
6201.318,126.3,1
5903.618,322.7002,1
2005.778,345.4379,0
6406.144,214.7966,1
6440.332,170.3538,1
6150.611,130.7258,1
6060.911,207.749,1
5981.162,256.0405,1
5836.138,261.5435,1
1974.164,403.5095,0
5466.371,65.87598,1
1998.1,341.7812,0
2115.971,290.8833,0
5357.368,222.4421,1
4395.608,228.7898,1
1894.97,376.8991,0
5966.375,189.6545,1
5420.944,281.1272,1
5624.457,250.8499,1
1999.706,275.5615,0
5876.822,291.832,1
5776.28,214.5901,1
5738.594,234.4573,1
6170.557,177.5193,1
5982.933,277.002,1
5372.727,198.9744,1
1931.64,359.8207,0
2126.732,281.0657,0
1908.228,296.0357,0
1965.753,418.8889,0
1922.941,342.2572,0
1942.534,299.1039,0
5779.276,325.3206,1
2085.749,251.1233,0
2015.059,369.4946,0
5814.233,171.1104,1
1847.439,356.6198,0
5758.981,238.2283,1
5843.678,220.5659,1
5868.292,176.0627,1
5729.531,210.1826,1
5977.397,227.8235,1
1979.627,301.839,0
5626.176,181.0769,1
5950.61,182.5742,1
5733.547,246.5796,1
1925.47,336.9726,0
6370.183,234.2725,1
6440.036,219.1526,1
6522.242,124.4368,1
6043.138,201.8386,1
5786.819,201.4592,1
2158.148,293.0245,0
5830.51,182.718,1
2021.013,304.4971,0
6118.808,72.47998,1
5436.198,193.9299,1
6515.841,203.385,1
5599.455,192.2852,1
5564.254,327.6826,1
1902.406,400.9818,0
5999.412,246.7283,1
5839.974,253.8303,1
2031.011,371.9595,0
6262.507,323.9048,1
5948.365,180.7976,1
2047.813,305.0413,0
5552.125,191.8491,1
1999.097,333.3004,0
6058.182,229.9006,1
1969.02,375.5737,0
1983.064,345.2549,0
6076.159,204.5322,1
5970.479,187.458,1
1945.857,301.0706,0
5782.819,153.6389,1
6164.449,199.3572,1
1979.266,263.9791,0
2128.956,301.1594,0
6085.288,282.8867,1
6237.627,303.8562,1
1995.651,302.5864,0
6128.286,109.2249,1
1945.613,338.3329,0
5700.168,235.6475,1
1911.064,395.2568,0
7123.845,159.9868,1
2057.433,284.6841,0
2013.128,318.1467,0
1921.904,361.2559,0
5710.135,259.1221,1
1913.693,355.4933,0
5677.661,374.8496,1
5718.132,281.7542,1
2064.578,279.85,0
6165.724,244.72,1
5803.55,192.0962,1
6074.702,231.8811,1
6348.363,221.5376,1
5879.059,209.0974,1
5881.405,231.2979,1
5916.29,297.6692,1
5704.316,287.3171,1
5752.826,278.7017,1
6154.958,312.8242,1
5744.333,195.3813,1
6204.872,193.0156,1
1909.25,323.8964,0
2007.448,385.8265,0
5650.103,212.6736,1
2014.899,282.7021,0
1956.657,377.2401,0
5835.967,215.8452,1
5911.302,338.3835,1
4071.853,222.016,0
5725.067,262.4832,1
1988.827,304.3986,0
5897.069,239.6208,1
2006.333,368.186,0
5856.274,272.5757,1
5272.95,317.7837,1
6194.972,171.521,1
5827.329,201.0767,1
5857.248,293.405,1
2004.283,324.7067,0
5694.994,201.0928,1
1934.329,410.5413,0
5051.099,325.8064,1
5810.498,211.5925,1
6000.59,228.2864,1
2041.511,269.957,0
1955.787,275.2502,0
5776.89,234.6238,1
2060.728,389.8131,0
5812.654,283.8682,1
1981.872,294.3045,0
5937.098,303.8281,1
1970.452,304.1204,0
1848.587,402.3987,0
6235.408,187.7061,1
5916.335,214.4963,1
6533.138,226.6165,1
5482.605,310.5796,1
6202.893,213.5635,1
1979.421,365.3842,0
1952.666,246.3484,0
1947.035,328.7609,0
5920.015,196.0171,1
6024.134,121.491,1
5847.139,260.5879,1
2071.63,337.9021,0
5464.827,209.5334,1
5580.617,214.0625,1
2069.265,302.9824,0
5840.651,323.5044,1
2022.512,336.2898,0
2038.672,295.1732,0
1971.335,337.1287,0
6429.52,227.2539,1
2059.672,303.692,0
1952.272,339.1274,0
5833.246,244.1785,1
2012.036,335.0606,0
5925.101,186.2986,1
6210.974,105.7773,1
1911.424,364.6514,0
6260.891,185.8418,1
5741.295,191.9236,1
1960.738,379.7167,0
1962.561,329.7999,0
6315.874,168.1577,1
5773.864,365.7539,1
1982.863,267.188,0
1989.931,383.1545,0
5730.344,178.8147,1
5920.347,136.8601,1
5984.792,206.6758,1
2002.726,334.0044,0
1967.874,363.863,0
5957.669,152.0371,1
1985.428,324.8969,0
1996.699,228.8439,0
2217.148,394.6246,0
2073.301,359.3218,0
2045.343,309.0995,0
5973.454,205.4939,1
1896.087,329.0717,0
1953.094,278.7271,0
6130.044,274.3367,1
5327.346,220.7776,1
5541.426,224.1614,1
5873.044,190.5911,1
6104.268,274.3633,1
5959.928,130.6431,1
5639.931,200.3,1
6308.103,277.1882,1
2040.482,321.1356,0
5359.414,285.4617,1
1934.212,386.4982,0
5938.505,314.186,1
2051.252,361.657,0
1971.649,331.0032,0
6042.001,133.897,1
1816.499,365.7054,0
5830.14,236.4146,1
6246.847,101.9399,1
5855.813,311.198,1
5666.23,235.5627,1
5924.586,292.1338,1
5925.837,208.8706,1
5893.457,157.0864,1
1923.236,337.9188,0
5798.4,342.0469,1
6139.113,213.5823,1
5442.838,103.5676,1
6011.732,309.9951,1
5774.731,342.6289,1
5994.776,234.1453,1
2042.708,301.8517,0
2027.361,326.6422,0
2032.244,276.5109,0
1989.928,335.5482,0
6032.097,237.7671,1
1998.2,360.8295,0
5490.734,266.6318,1
1969.468,359.4626,0
1963.136,318.5319,0
1927.22,364.4915,0
1950.267,301.5767,0
6164.826,230.3923,1
1940.431,333.7873,0
6180.138,172.2764,1
1861.024,386.8631,0
6122.338,303.5635,1
5721.863,178.25,1
1764.044,372.1182,0
1888.58,355.2116,0
5822.185,284.7651,1
1996.461,319.4196,0
5926.96,274.2144,1
6211.94,275.2468,1
6001.508,203.4907,1
1856.732,365.0426,0
5889.323,269.5588,1
6449.374,112.0769,1
5991.772,168.6672,1
2070.505,340.5261,0
1978.242,298.5405,0
6225.506,185.1384,1
6127.379,256.5176,1
5909.241,226.2969,1
1951.451,283.9634,0
6083.535,199.1211,1
5128.55,220.9968,1
1906.176,373.6231,0
1865.48,386.7572,0
1975.994,333.2313,0
2031.252,320.3848,0
5717.892,169.5481,1
5793.759,210.5339,1
1933.661,372.3118,0
5513.608,290.6011,1
1843.934,377.4888,0
6263.427,195.6086,1
5946.282,297.5037,1
6175.359,163.6238,1
5518.076,274.0137,1
1859.138,327.0638,0
1993.886,296.7188,0
6072.009,186.8435,1
2018.119,284.9328,0
6065.568,245.7815,1
6071.28,286.1926,1
6223.693,252.5029,1
5930.401,269.4446,1
1979.386,398.5914,0
2011.847,393.9515,0
5909.818,252.3491,1
5467.238,158.6914,1
1958.111,340.7379,0
1992.859,308.6827,0
2023.216,342.72,0
1928.979,368.5683,0
5905.009,211.28,1
1958.57,279.9206,0
5635.075,233.0515,1
2048.946,346.6021,0
2034.092,342.0149,0
1939.058,339.517,0
6459.337,172.3262,1
6033.873,203.3083,1
5918.061,307.6729,1
1974.068,409.1358,0
1849.894,321.7795,0
2000.029,346.3656,0
2111.45,302.3313,0
1915.756,306.9315,0
5847.737,176.009,1
6100.659,202.7815,1
5940.125,206.7009,1
1929.031,375.7045,0
4740.138,205.4153,1
6117.635,184.1477,1
1968.507,346.5823,0
2108.889,323.3657,0
1893.616,310.64,0
1906.49,336.7181,0
5888.356,209.229,1
6002.315,242.7385,1
5944.188,207.8628,1
5618.495,224.0388,1
1889.72,344.2749,0
2018.046,420.9303,0
5609.665,236.7114,1
1834.923,447.5146,0
6002.439,183.615,1
5836.843,274.7358,1
1968.351,426.222,0
1920.179,359.9526,0
1990.166,419.5373,0
1925.189,358.1083,0
5847.148,247.165,1
6247.876,225.8184,1
1899.897,332.3876,0
2045.402,344.9607,0
5870.624,245.0984,1
5829.69,229.6301,1
6315.91,245.2598,1
6008.083,136.946,1
5800.019,119.3433,1
1882.043,338.2162,0
1981.696,298.6043,0
5934.261,271.9585,1
2011.292,280.1899,0
2034.688,416.2036,0
6052.446,170.678,1
5993.809,267.2683,1
1950.874,303.3615,0
1920.229,369.3611,0
5893.941,241.8335,1
5970.258,194.1001,1
1951.694,398.1551,0
6114.666,283.3127,1
1967.813,374.7405,0
5727.333,228.1167,1
1798.45,408.547,0
6075.235,201.4978,1
5753.956,241.6926,1
6139.84,180.9824,1
5916.87,184.6311,1
6139.775,280.0322,1
2101.135,317.8242,0
5635.804,149.2495,1
5888.119,235.7529,1
1973.903,363.4711,0
1925.036,402.1102,0
5575.014,98.06714,1
5198.483,250.2419,1
6260.756,211.1052,1
6222.92,253.3772,1
5996.25,204.3809,1
5882.83,153.4163,1
6035.417,238.1926,1
6711.565,189.2764,1
2024.22,360.7919,0
1995.894,301.6641,0
1976.313,347.991,0
2041.613,326.0226,0
6014.416,249.8877,1
5788.044,207.8328,1
5445.956,163.6624,1
6256.836,228.1616,1
6711.095,268.3345,1
1903.014,370.4342,0
1918.468,321.1274,0
5778.948,308.0544,1
1940.301,348.9318,0
6057.239,265.3687,1
6024.863,278.0632,1
1997.025,312.2846,0
6125.169,139.5471,1
6245.793,192.9539,1
2016.672,328.3499,0
6565.726,132.0913,1
6087.753,144.8411,1
5541.515,252.8535,1
1952.169,346.3744,0
6065.288,217.9241,1
5343.199,306.0308,1
6130.311,216.4373,1
2030.906,327.2748,0
2004.92,336.6166,0
2035.232,349.678,0
1907.683,313.8503,0
5887.686,360.4072,1
1963.479,371.2286,0
5651.033,157.2639,1
5971.798,272.9475,1
6086.084,213.8513,1
2034.64,275.2262,0
2086.887,310.4221,0
2095.789,270.5225,0
6320.907,39.37573,1
6105.884,163.1812,1
1878.087,322.3297,0
1939.714,356.7313,0
5344.759,314.3845,1
1914.722,348.3251,0
6228.826,15.63208,1
1926.594,416.5983,0
1974.857,261.5341,0
2010.918,370.972,0
5577.205,176.3469,1
2038.055,334.1674,0
6114.651,213.9419,1
6088.908,272.9077,1
1923.656,320.8295,0
1996.418,316.5779,0
6045.991,270.907,1
2066.82,286.6318,0
1968.662,327.4526,0
6012.626,106.6931,1
2071.693,320.0261,0
2006.166,303.4553,0
1899.294,356.4834,0
5645.333,319.9268,1
6695.617,244.5664,1
5412.945,314.2273,1
5805.857,206.2935,1
6073.975,215.8594,1
1868.527,372.8593,0
5989.1,193.5676,1
2035.205,282.8844,0
2007.064,372.6288,0
1936.397,350.4567,0
5816.726,221.4082,1
5953.68,219.8123,1
2064.565,318.9083,0
6089.317,279.9998,1
6615.592,279.5244,1
5927.521,206.1199,1
1912.265,416.1015,0
1965.846,363.7635,0
1918.029,289.0041,0
2027.105,311.5709,0
6002.391,227.9895,1
5747.706,294.5266,1
2025.467,322.8844,0
2121.342,321.0813,0
5886.124,176.2007,1
5933.665,127.5493,1
5610.368,166.3118,1
2138.174,273.5938,0
6216.097,253.6487,1
1908.061,400.2798,0
5998.407,273.134,1
1946.733,363.4201,0
5711.974,249.4099,1
2105.084,305.9114,0
5176.253,378.4915,1
2001.127,377.6456,0
2037.405,321.9047,0
1932.3,404.8431,0
2002.856,282.5906,0
5861.874,188.48,1
2077.29,307.3003,0
1922.738,320.836,0
1979.614,342.6344,0
6018.14,170.8279,1
2075.707,358.316,0
2005.641,318.3311,0
6106.979,221.7659,1
2011.68,297.2407,0
2037.762,317.671,0
2051.292,362.1913,0
6436.305,137.356,1
6034.642,307.2581,1
5555.378,229.7693,1
5827.285,163.7886,1
1984.771,307.9791,0
6145.116,253.905,1
5930.376,268.5549,1
1878.32,378.3183,0
5727.876,199.0513,1
1941.746,381.244,0
5844.442,215.0283,1
5793.352,281.6313,1
5385.549,189.4807,1
5911.42,134.7864,1
5869.261,211.9587,1
2006.218,343.7504,0
6152.719,262.7388,1
6114.483,171.6055,1
6221.519,297.5208,1
5658.715,202.0898,1
5921.426,123.3201,1
2016.379,288.1506,0
6036.605,353.5962,1
6046.006,151.4141,1
1971.222,373.5876,0
5691.713,163.8638,1
5979.395,232.7205,1
2060.992,314.7633,0
2066.363,313.7394,0
1976.228,339.9392,0
5710.023,260.0862,1
5891.331,223.9419,1
5920.966,162.3442,1
2056.4,317.1931,0
5981.312,177.668,1
1964.826,222.0729,0
5875.281,261.1992,1
1962.396,326.3842,0
5943.731,125.511,1
5716.382,208.4319,1
6105.748,180.5032,1
6030.172,130.2393,1
5700.197,251.7383,1
1954.913,280.4273,0
5851.549,252.8267,1
2024.307,324.9866,0
1968.774,274.5747,0
1847.332,409.9435,0
1958.889,315.7073,0
6053.81,166.3525,1
6235.846,191.1948,1
2036.73,375.7402,0
5676.957,232.5942,1
6118.393,219.885,1
5480.031,308.9143,1
5975.078,222.6082,1
1961.192,294.016,0
1862.329,346.9789,0
6066.869,213.1729,1
5829.974,143.8745,1
1940.606,391.0056,0
5946.771,137.8604,1
1959.903,359.2313,0
5780.038,163.3567,1
5755.809,215.0046,1
5997.726,327.5774,1
6037.07,157.1257,1
6009.465,39.88477,1
5685.726,217.8867,1
2003.633,340.876,0
5203.603,177.9395,1
5949.083,139.3938,1
2062.384,293.3828,0
5898.064,197.0542,1
1917.748,356.4695,0
1962.711,376.985,0
5860.087,205.6416,1
2005.746,288.676,0
5904.772,203.8662,1
1882.042,334.6462,0
5736.86,207.2278,1
1960.989,356.0295,0
6055.524,208.6775,1
5917.311,290.1584,1
1899.309,407.1385,0
6144.581,228.3201,1
2031.539,360.6002,0
6234.476,156.1147,1
2015.968,320.0951,0
6051.131,191.4395,1
6068.626,193.1887,1
1849.334,405.2523,0
1988.936,225.6884,0
5889.021,207.0195,1
5804.446,150.647,1
5626.792,241.3035,1
5559.564,236.9204,1
5100.129,327.0588,1
1962.893,369.227,0
5791.185,239.0554,1
2046.326,380.0403,0
2014.404,275.2346,0
2035.152,366.4458,0
1904.374,370.7418,0
2029.633,251.3027,0
5243.55,235.1641,1
6183.786,229.509,1
5705.892,225.6633,1
1897.644,355.7478,0
5725.401,132.8677,1
5887.266,174.1868,1
5513.277,204.7864,1
5560.229,233.1531,1
2099.908,327.619,0
6717.404,220.063,1
1920.923,367.773,0
5885.583,122.3064,1
1908.034,275.3106,0
5840.597,159.0012,1
6339.947,248.5327,1
6553.172,245.8721,1
6060.187,117.616,1
1862.689,332.8239,0
6002.486,255.5522,1
1958.302,304.5749,0
1938.834,293.2664,0
5969.486,235.7402,1
1906.076,347.0167,0
2038.321,293.6675,0
1911.216,380.9152,0
1983.179,307.3352,0
1977.012,391.1686,0
5311.222,272.7471,1
1960.183,391.7363,0
5356.936,237.5872,1
5684.113,255.6174,1
6259.234,268.9038,1
6693.541,291.6306,1
5993.677,238.5332,1
2103.169,340.9703,0
5754.004,195.2173,1
5762.526,184.1611,1
5272.249,268.6521,1
5920.96,211.7693,1
5798.257,185.6321,1
6015.305,172.5576,1
1945.5,370.0177,0
1956.928,395.6281,0
2018.308,300.5637,0
2062.591,344.0811,0
6050.273,104.6233,1
5828.128,376.7192,1
6534.044,228.6809,1
5990.931,118.033,1
5923.62,210.8228,1
5767.819,122.5996,1
2036.806,359.4703,0
6203.857,211.6506,1
1943.722,364.4151,0
1947.509,364.2147,0
1912.127,318.6672,0
5960.297,208.8547,1
6044.232,160.825,1
2011.221,333.9493,0
5787.713,202.043,1
1984.534,281.8494,0
5650.725,183.9692,1
5871.342,293.2241,1
2046.429,213.6223,0
2008.924,289.0094,0
6193.635,185.0569,1
5934.455,285.5447,1
6316.307,298.5984,1
5923.324,338.1697,1
5790.152,315.9575,1
6135.557,260.5503,1
1966.269,339.5394,0
6244.038,177.01,1
1865.223,374.9304,0
6499.285,151.3557,1
6102.751,172.1978,1
5320.002,270.0056,1
5889.687,145.8491,1
5905.362,246.7444,1
6079.307,225.9216,1
2016.984,345.37,0
5905.195,181.1348,1
1987.448,294.6068,0
5723.709,251.6404,1
1935.62,360.7026,0
4898.525,335.0105,1
1998.061,350.1144,0
6054.757,81.25879,1
6250.757,257.3757,1
2021.328,324.624,0
2032.178,282.5612,0
1967.146,365.0185,0
5997.702,264.9922,1
5903.261,169.9485,1
5833.358,223.5776,1
5762.913,139.5815,1
1982.201,314.6703,0
5866.069,132.9844,1
5847.704,184.3728,1
5856.162,280.6802,1
6113.188,189.9333,1
1921.24,335.7358,0
1971.819,416.0234,0
2040.296,246.7605,0
5902.154,270.5791,1
5741.589,142.7847,1
6377.341,184.0679,1
2016.543,416.6697,0
6033.574,244.4502,1
2192.621,236.199,0
1978.705,283.8392,0
5747.111,274.9958,1
5884.98,241.563,1
2116.434,289.5958,0
6116.221,124.551,1
2095.488,334.5635,0
1989.881,364.1403,0
1901.48,318.6107,0
1942.909,278.9702,0
2124.268,297.1361,0
5911.147,132.2151,1
5827.068,245.6404,1
5652.974,189.6077,1
6182.662,208.5137,1
5604.149,274.0354,1
5872.777,223.6238,1
5688.884,285.0542,1
2013.408,269.3486,0
5768.099,228.3271,1
1967.479,426.6713,0
1991.917,254.5527,0
1978.535,384.4133,0
1876.674,312.4052,0
5894.379,273.4907,1
1953.042,338.834,0
1939.733,364.0095,0
5991.751,251.5874,1
1976.277,317.8343,0
5934.863,119.8694,1
1880.344,352.8664,0
2152.369,266.5707,0
1972.788,401.6514,0
5260.634,268.7646,1
2038.765,333.0614,0
5715.106,239.3706,1
5969.985,193.0928,1
6395.145,179.8535,1
5853.763,304.1282,1
5751.285,185.2312,1
2073.548,299.6332,0
2040.044,356.9581,0
5750.367,252.376,1
2019.001,295.0851,0
5835.076,181.5852,1
1991.364,327.0997,0
5690.937,227.7974,1
6051.686,289.4365,1
1959.337,331.5289,0
6126.626,122.1477,1
6205.466,261.3384,1
5703.945,277.6436,1
5875.913,297.564,1
6010.322,267.7842,1
6264.57,276.2241,1
5400.613,296.4114,1
1951.783,371.5159,0
1964.134,326.1863,0
1923.442,362.3912,0
1974.545,231.2499,0
5989.294,252.5295,1
2000.135,383.6187,0
1911.982,340.7041,0
4752.907,221.1001,1
5768.554,202.5415,1
1893.835,376.6916,0
2025.815,351.74,0
1842.383,460.7122,0
2013.413,312.6958,0
5344.081,145.6997,1
1972.545,342.3881,0
6430.562,248.7085,1
1856.068,291.8336,0
5863.34,153.6729,1
1918.906,270.8287,0
5904.53,263.6331,1
2063.51,333.6759,0
6117.56,136.5645,1
1965.939,379.6745,0
6077.331,342.0305,1
2008.886,274.4322,0
1947.314,321.6823,0
5169.479,306.4917,1
4999.731,176.0957,1
1964.139,354.9988,0
5843.822,182.8562,1
2010.352,303.0018,0
5286.924,390.3157,1
6011.642,262.6814,1
6407.665,179.3374,1
6178.938,151.3682,1
6249.828,280.9897,1
5789.976,205.8977,1
6044.496,234.0579,1
5218.979,294.1094,1
5819.449,244.5657,1
6052.565,249.156,1
6237.712,147.8794,1
1980.261,303.7015,0
6014.787,204.3533,1
2012.999,283.2066,0
6027.782,243.4124,1
1980.526,337.5983,0
2032.673,297.3818,0
1934.441,418.8954,0
6316.583,272.0471,1
2032.682,317.4707,0
1916.704,366.2643,0
1958.285,273.8023,0
2010.121,293.3993,0
6018.121,179.6455,1
2000.877,363.6503,0
1955.047,366.4833,0
6387.431,242.7334,1
1981.646,296.139,0
6148.565,221.2336,1
2085.37,291.3865,0
1846.3,331.3015,0
5941.322,236.1338,1
6304.841,124.2874,1
1985.683,319.6971,0
1970.999,331.4363,0
6176.912,246.856,1
1889.914,360.4473,0
5599.492,315.3003,1
5461.58,284.5891,1
1901.38,357.7791,0
5867.894,186.9216,1
1949.491,279.8748,0
1927.748,361.3445,0
1943.212,349.4195,0
5764.203,169.0352,1
5882.485,173.8057,1
1965.154,342.3112,0
1950.007,339.4052,0
1994.825,319.2306,0
1909.249,301.1172,0
1996.162,290.1588,0
2023.529,300.0852,0
5765.703,247.0476,1
1957.86,348.3834,0
1985.477,311.3645,0
5792.689,203.7783,1
5984.35,143.9111,1
5999.899,273.1489,1
1954.619,291.5797,0
6183.779,207.1145,1
5349.126,326.71,1
5401.16,231.7344,1
2100.868,342.3087,0
5891.99,183.1216,1
5773.817,183.5957,1
5794.213,266.8569,1
5824.064,240.9131,1
1968.725,424.9985,0
2001.53,385.4578,0
4582.108,342.3545,1
2005.415,247.8108,0
1980.969,317.082,0
5849.776,108.2014,1
1989.523,330.3222,0
1944.66,329.7042,0
6068.668,206.4263,1
1987.077,342.6414,0
6124.458,319.811,1
5973.169,195.3887,1
2034.069,269.6429,0
1956.261,375.7125,0
5842.774,246.2,1
1930.979,385.75,0
2010.716,317.4086,0
1974.433,322.9949,0
1935.065,327.637,0
1900.787,330.7545,0
2036.816,327.5675,0
6264.737,221.2,1
5992.917,202.0188,1
5787.49,215.5173,1
1899.932,392.2603,0
2044.879,357.0659,0
5797.675,250.4722,1
5475.682,187.9263,1
5831.297,289.7861,1
1929.604,348.7323,0
6338.451,134.9028,1
2044.434,306.0629,0
5855.691,186.9036,1
5705.629,176.4456,1
5741.381,228.1401,1
5399.573,281.6633,1
1922.941,304.8124,0
5805.055,295.9116,1
2046.615,285.1075,0
2028.883,328.1235,0
5904.471,184.9265,1
1966.684,363.937,0
5876.179,198.7397,1
6463.128,102.8025,1
5819.754,180.6333,1
5891.149,174.4751,1
2022.458,364.016,0
5907.043,207.7021,1
6413.273,244.3708,1
6047.804,150.3777,1
1959.924,343.2499,0
2015.661,303.1191,0
6488.918,249.425,1
6046.884,234.5459,1
1924.253,374.9647,0
5883.794,297.1672,1
5570.794,219.2537,1
2070.999,260.35,0
2030.191,303.5269,0
5962.964,294.3176,1
5938.772,101.3201,1
5873.983,249.6189,1
2010.839,312.3521,0
1864.611,333.1554,0
5855.497,202.3113,1
6078.868,185.9805,1
5721.608,206.1897,1
5598.101,198.0598,1
1910.679,399.489,0
1952.543,306.2609,0
1897.051,393.9299,0
1965.091,325.538,0
5944.662,206.1709,1
6070.772,262.3025,1
1947.133,316.335,0
6013.164,217.291,1
2076.42,304.463,0
1882.878,358.1233,0
6168.403,299.1399,1
1913.369,352.1156,0
6603.573,336.231,1
6255.221,127.0896,1
6103.791,236.6753,1
5754.141,204.4248,1
5862.934,268.0339,1
6169.309,202.4985,1
5745.065,223.0608,1
6203.913,245.8423,1
6124.105,142.5906,1
5918.168,300.8091,1
6335.757,162.3989,1
5963.153,227.0115,1
2042.593,369.7418,0
1957.179,333.0132,0
5765.437,224.3127,1
1901.125,355.1843,0
5755.85,341.6448,1
6509.106,172.0833,1
5901.17,259.3154,1
5792.889,304.0388,1
2009.387,363.1047,0
1988.154,343.723,0
6040.398,214.1572,1
1946.189,342.5907,0
5997.528,352.8096,1
5785.456,226.0635,1
1880.254,360.2485,0
5213.697,395.3552,1
6232.958,192.9968,1
1958.618,338.8193,0
1940.744,354.6518,0
2036.514,316.1224,0
5956.325,207.2495,1
1999.227,281.0493,0
5953.456,300.6121,1
6153.555,157.6165,1
6451.735,133.6377,1
6223.764,297.9817,1
6035.708,305.8411,1
5881.769,346.6563,1
1861.204,365.9901,0
1852.839,433.5477,0
1863.928,354.0134,0
6092.877,230.4009,1
1872.168,346.5803,0
5732.619,309.25,1
5726.82,149.7903,1
5776.494,222.6133,1
5559.573,350.4539,1
5240.275,372.0979,1
6084.076,239.9663,1
5271.918,280.3057,1
1982.301,314.4904,0
1881.996,318.922,0
5824.139,344.6243,1
7015.569,259.2256,1
1979.402,294.592,0
5620.181,150.2266,1
1949.754,339.9318,0
1971.337,352.6744,0
5749.142,226.1438,1
1922.751,363.5152,0
1994.37,285.165,0
5144.249,218.3835,1
1884.918,349.2014,0
6051.365,364.2788,1
1976.229,337.1865,0
2017.873,309.2462,0
2023.955,378.2235,0
5895.119,305.6765,1
5078.795,310.9167,1
1885.129,380.05,0
5975.961,235.3291,1
1981.83,338.2901,0
1996.14,314.3598,0
5874.366,177.0437,1
6141.683,239.5017,1
1998.029,388.5128,0
1963.75,266.8871,0
1888.583,303.6735,0
5626.941,233.0618,1
5451.994,273.043,1
1945.744,312.6473,0
5425.226,249.7458,1
5866.129,283.9084,1
5335.099,164.5649,1
1921.454,395.2739,0
6035.68,243.4365,1
6289.687,161.8088,1
5307.383,213.863,1
1957.595,325.3734,0
5868.959,147.446,1
2016.546,334.7538,0
2021.489,316.8078,0
5580.242,466.5742,1
2066.311,302.2108,0
5990.516,309.8679,1
1964.553,366.1873,0
6297.078,268.4978,1
1998.751,308.6531,0
1953.239,350.5671,0
2247.965,351.4167,0
6131.725,202.7686,1
2103.979,231.9233,0
2006.718,375.7673,0
5808.479,161.9731,1
1989.277,296.6978,0
6055.016,156.6299,1
5852.023,193.1643,1
1983.583,361.6348,0
5625.06,250.2373,1
5706.965,244.8879,1
5926.101,170.5776,1
1957.503,311.0675,0
1968.584,301.9187,0
5644.254,206.106,1
5979.188,214.3989,1
6184.228,240.5046,1
5960.386,219.1089,1
1916.365,382.2911,0
1975.117,317.7053,0
5831.573,290.7568,1
5905.533,234.0605,1
6392.484,186.3203,1
2140.553,339.0966,0
6062.042,213.1008,1
5261.724,344.9128,1
1924.538,334.9675,0
5825.24,132.5208,1
5941.458,232.2017,1
5860.066,305.448,1
1901.574,326.7786,0
1919.354,292.4689,0
2009.838,326.0185,0
5635.935,329.9333,1
5696.75,231.7283,1
1918.364,369.084,0
5962.888,251.8848,1
6234.904,200.6719,1
1994.198,342.1168,0
5811.315,137.3008,1
2066.243,341.4305,0
1917.662,341.3583,0
1908.985,347.6313,0
6108.743,217.2935,1
1904.833,374.8126,0
1841.507,401.03,0
2006.608,377.3447,0
5961.609,216.2944,1
5956.685,193.0813,1
6464.806,330.5854,1
6095.165,241.3228,1
5664.327,166.3792,1
5763.052,145.7559,1
1970.704,320.3646,0
5818.726,177.2751,1
5855.42,267.9939,1
2059.161,350.8741,0
5940.392,261.9094,1
1998.167,333.447,0
5904.807,340.2046,1
5413.626,242.5867,1
2036.901,267.6915,0
6105.517,167.1194,1
1988.413,346.288,0
6286.311,247.4158,1
1985.786,330.7728,0
5973.297,97.77734,1
5891.644,301.5764,1
2014.01,315.5968,0
6554.773,231.5964,1
1955.964,323.8817,0
1960.806,353.7243,0
1906.723,255.3602,0
5838.449,211.408,1
5830.854,186.6528,1
1968.215,293.0668,0
1978.081,282.2704,0
5758.91,269.0408,1
6285.193,170.645,1
1959.608,331.6296,0
1993.704,388.0427,0
6093.593,137.9905,1
6120.207,289.4417,1
5683.46,171.0742,1
1923.108,302.4354,0
1985.071,310.3885,0
5894.49,84.99365,1
5855.371,183.5667,1
5811.678,201.7324,1
5761.409,259.9563,1
6050.8,165.2581,1
1999.154,325.7,0
1943.385,340.3002,0
1982.997,315.8782,0
1894.979,380.0539,0
5600.92,293.1279,1
6233.376,271.7253,1
5493.393,267.7166,1
6211.088,202.7146,1
1887.461,298.4948,0
5732.532,298.811,1
1920.192,421.246,0
1883.917,345.9931,0
6016.101,257.1741,1
5639.329,298.1072,1
5764.879,203.6614,1
6082.734,343.2263,1
1982.665,285.5361,0
5798.103,247.8745,1
1853.001,473.2634,0
5813.074,293.7837,1
1946.325,359.5472,0
5987.53,161.3464,1
1960.89,404.001,0
1915.435,392.7886,0
5932.316,324.3333,1
6083.832,223.783,1
5958.833,291.3796,1
5809.704,225.043,1
4946.091,172.5886,1
1968.312,331.043,0
1945.015,312.7357,0
1948.328,382.4759,0
1897.358,332.1718,0
1941.719,403.4037,0
5547.245,232.585,1
1928.868,330.9937,0
5790.667,250.2141,1
5890.213,201.9656,1
6105.801,127.1135,1
6153.421,140.0342,1
6101.623,196.4153,1
5913.119,196.3477,1
5380.16,275.7842,1
5946.519,126.1118,1
1967.458,318.1377,0
5634.294,308.5366,1
5761.48,257.5618,1
5484.618,262.1453,1
5680.145,121.8806,1
6006.031,172.6948,1
1993.062,306.5052,0
5851.91,324.2371,1
5658.611,127.1887,1
5701.81,337.918,1
5819.33,204.8704,1
2035.534,284.2052,0
6145.514,87.51611,1
5853.147,296.9055,1
5470.617,219.0037,1
1908.571,396.5287,0
5966.354,169.3782,1
6014.112,279.0488,1
1983.752,331.5226,0
6002.698,311.0269,1
5975.705,126.1455,1
2607.78,284.439,0
2028.445,237.8961,0
1979.159,284.7283,0
5879.117,232.4656,1
5786.325,220.6719,1
6073.4,298.0093,1
6344.826,215.6865,1
6238.75,235.6394,1
6118.695,116.7385,1
6033.78,150.3586,1
1959.099,319.4556,0
6217.349,159.9805,1
5382.139,261.3364,1
2180.956,295.8635,0
5644.204,313.9966,1
5221.671,337.9041,1
6182.424,122.2808,1
6486.783,306.7576,1
1985.443,268.9893,0
5213.563,311.0742,1
1890.696,286.1938,0
5836.909,283.2629,1
5502.314,180.0679,1
5590.239,287.5759,1
2027.527,323.2385,0
1858.219,375.5547,0
6161.893,192.0974,1
5789.227,227.0405,1
2142.823,297.3391,0
6216.857,268.532,1
1982.545,301.4732,0
1994.385,300.7192,0
2084.027,255.0237,0
1951.719,335.2888,0
5723.212,300.5361,1
5755.77,209.7522,1
5999.181,260.4912,1
5879.953,198.1382,1
5936.851,246.7351,1
5735.763,227.2881,1
2059.068,373.5619,0
5721.639,253.2964,1
1979.098,341.773,0
1971.096,343.2094,0
5834.834,291.5491,1
2020.126,327.1063,0
1901.644,358.8261,0
1921.753,279.313,0
6274.869,328.6897,1
6027.99,176.0222,1
2012.61,353.8817,0
5376.038,294.8596,1
5996.909,175.5225,1
6122.468,123.5969,1
1950.945,318.2308,0
5805.13,172.2095,1
2076.732,340.0262,0
1895.666,341.4586,0
1857.223,269.1069,0
5783.225,165.0198,1
6118.967,308.0117,1
6047.076,187.6611,1
1961.08,318.422,0
1951.912,364.8304,0
1954.475,276.1562,0
6003.928,146.4888,1
1954.365,363.1467,0
5898.263,157.3462,1
2032.593,247.5811,0
6046.955,247.866,1
5702.911,151.1628,1
1972.324,334.5413,0
6212.661,187.9846,1
5875.317,165.7446,1
5534.396,269.8159,1
6180.194,227.3521,1
6097.264,227.0969,1
6224.21,198.5039,1
6409.253,208.2581,1
6103.464,118.9041,1
5445.315,110.0564,1
5435.794,109.4629,1
5943.319,165.76,1
5944.379,218.2632,1
2029.73,297.0945,0
5961.022,283.6433,1
5889.129,265.0417,1
5893.147,218.4766,1
1957.034,431.6859,0
6461.767,172.8418,1
1870.175,377.6129,0
1994.288,287.5977,0
1887.938,309.1528,0
6090.511,206.2678,1
1966.707,355.5826,0
1960.523,312.0946,0
5887.915,189.7708,1
5898.872,189.6772,1
5793.811,278.116,1
1924.356,337.6483,0
6144.434,297.0439,1
5950.797,191.9771,1
1979.458,401.9644,0
2009.025,275.3452,0
1978.474,396.4005,0
1953.842,347.5481,0
5436.611,166.3762,1
1927.067,332.0277,0
5898.119,174.1326,1
5981.054,155.4319,1
2004.993,364.4022,0
2041.55,234.7953,0
5827.504,177.5222,1
1993.358,372.2339,0
6292.954,25.96631,1
5497.109,287.1589,1
5849.545,287.3579,1
1950.539,360.887,0
5763.103,310.1423,1
5199.423,276.9094,1
1913.415,331.6436,0
6620.865,215.9275,1
1982.787,314.4017,0
5931.046,186.2744,1
5577.663,224.6428,1
5350.098,280.3057,1
1890.156,458.668,0
5871.074,143.7476,1
5605.077,204.2451,1
2066.646,295.2224,0
6049.065,241.6997,1
1925.57,373.404,0
6076.812,284.2339,1
6222.908,253.7002,1
2003.836,339.0792,0
5958.926,44.37451,1
1924.313,323.4189,0
5873.136,168.0232,1
1973.763,318.0994,0
2025.244,383.6372,0
1863.553,383.5651,0
1989.995,317.2762,0
5974.933,226.1321,1
1928.796,340.9251,0
1883.011,358.331,0
5384.035,307.9663,1
1981.57,359.0515,0
1979.086,264.4914,0
1981.927,317.6168,0
5867.229,102.3076,1
5956.333,122.1157,1
1926.713,305.0385,0
5989.684,123.4915,1
5861.702,231.9412,1
2035.066,286.981,0
1993.353,298.0735,0
6031.551,251.0254,1
6494.131,159.1538,1
5932.875,154.3435,1
5473.903,204.9983,1
5829.883,216.4429,1
1951.789,356.0804,0
2011.366,370.9686,0
5782.704,222.999,1
1918.933,369.5847,0
2045.084,276.0114,0
5895.835,151.7566,1
5851.153,365.137,1
5697.244,291.9019,1
1989.819,329.5352,0
5808.655,148.5037,1
5913.204,220.1838,1
6041.186,278.1052,1
5877.473,216.2253,1
1900.103,346.8366,0
2193.476,271.328,0
1951.174,294.7327,0
6388.72,202.6873,1
2126.459,378.9083,0
5100.885,346.8044,1
1979.048,393.7344,0
6213.163,222.3174,1
5960.218,283.134,1
5758.242,269.3369,1
2009.246,321.6273,0
1911.203,348.8939,0
5906.943,247.1267,1
5882.822,231.2246,1
6249.441,206.5767,1
6419.886,157.6975,1
2158.682,253.3755,0
5582.917,217.3127,1
5454.767,229.2678,1
1982.966,301.4323,0
6175.934,238.2622,1
5733.7,228.5276,1
1856.57,338.1034,0
5963.696,298.7253,1
1881.943,367.4076,0
5864.46,253.9375,1
5928.622,162.967,1
2045.055,319.4694,0
1989.201,278.9375,0
5792.679,260.438,1
5567.63,288.3728,1
1939.92,279.1703,0
1951.974,360.968,0
5705.789,212.4221,1
1917.219,346.4346,0
6143.772,283.7527,1
1997.388,299.7516,0
1844.545,418.1368,0
6077.044,228.7573,1
5655.95,264.8169,1
1969.857,296.6119,0
1991.396,346.1967,0
1872.625,367.318,0
5875.549,242.2793,1
1984.423,316.9077,0
5341.673,144.561,1
5637.597,304.2983,1
1974.21,339.4683,0
5930.666,195.4487,1
6095.527,119.1858,1
5987.015,188.0098,1
5885.763,166.3599,1
5546.328,220.1128,1
5869.81,273.542,1
5785.981,357.4341,1
5817.825,229.0566,1
1921.559,380.3845,0
2008.417,264.6091,0
2060.319,265.5675,0
6291.12,216.0186,1
5364.204,293.1143,1
5873.524,252.26,1
5643.508,195.7791,1
1959.304,357.9293,0
6184.142,315.3862,1
5680.799,241.5193,1
5203.936,183.1736,1
1973.452,360.1447,0
6144.95,119.0525,1
6037.651,120.4805,1
2028.196,287.5359,0
2073.199,320.3638,0
2067.348,336.2242,0
5875.476,83.26685,1
2026.763,305.1624,0
6259.491,259.1826,1
2179.543,305.407,0
7034.417,238.5569,1
5740.91,301.5344,1
5815.986,328.8542,1
5774.72,294.3079,1
1974.444,294.6199,0
6059.966,160.645,1
5833.832,122.3989,1
1967.925,293.4559,0
6000.124,145.697,1
1883.656,376.6196,0
5985.305,274.627,1
5272.587,170.532,1
2018.675,344.114,0
2032.555,255.8763,0
5784.685,178.416,1
6298.919,109.8643,1
6005.859,222.0244,1
1853.629,423.3172,0
6178.671,226.2288,1
5639.653,247.5669,1
5936.249,212.605,1
1964.106,311.7998,0
1940.171,387.2919,0
2099.807,259.5217,0
5886.095,191.9688,1
1904.915,321.5883,0
5994.534,255.1338,1
5320.159,259.989,1
5933.965,318.7637,1
5683.576,354.2915,1
5966.857,151.9309,1
1957.931,270.5954,0
1977.577,291.6662,0
5430.223,173.6404,1
1876.408,315.0166,0
6099.84,278.3572,1
5642.673,268.4578,1
6057.669,195.5593,1
1947.145,241.7621,0
5794.285,195.8298,1
5990.377,231.9895,1
1932.388,320.6221,0
1865.869,347.9283,0
6535.063,254.6011,1
5928.832,156.5554,1
5947.725,157.0918,1
5870.121,186.5015,1
1952.941,348.065,0
6043.072,193.7781,1
1887.254,357.0222,0
1890.036,365.4428,0
6023.891,278.3621,1
1967.982,349.7714,0
6454.081,228.679,1
1946.277,351.1175,0
1952.49,355.4214,0
1952.995,367.0723,0
5760.775,182.5461,1
2075.417,269.3678,0
5840.628,244.9753,1
1978.032,344.0998,0
5897.553,142.696,1
5610.718,216.906,1
1978.802,343.1346,0
5879.136,208.6445,1
1904.044,353.6623,0
5910.774,171.1494,1
1976.779,338.4727,0
6161.629,333.2893,1
2000.358,316.2105,0
5998.176,228.6895,1
2051.127,295.1987,0
6170.605,93.88892,1
1958.677,292.419,0
6241.329,255.395,1
1962.123,314.2576,0
5398.156,207.4902,1
4569.115,244.8728,1
1931.37,278.6279,0
5658.792,184.2251,1
2008.614,314.3983,0
6046.476,239.8267,1
2062.891,344.4718,0
6002.061,204.0674,1
5883.047,262.0417,1
2025.497,241.4509,0
6106.3,190.2883,1
1995.901,442.2032,0
1963.992,363.5231,0
1970.977,282.5859,0
6038.104,292.1399,1
5744.659,126.4048,1
1984.76,347.58,0
5457.458,220.9026,1
5833.128,203.6006,1
6004.634,281.6594,1
1919.599,352.1874,0
4895.384,305.2373,1
5907.362,215.7822,1
6182.046,125.3325,1
1912.552,301.1395,0
5601.795,346.4414,1
5940.707,270.9907,1
1954.542,250.1101,0
1874.492,325.4914,0
1942.757,345.3633,0
5729.697,278.7354,1
5783.408,227.6704,1
6004.113,258.0874,1
1923.422,331.6668,0
6265.76,220.4465,1
6190.66,207.7627,1
1941.319,301.0306,0
1903.059,416.0962,0
5756.918,303.7588,1
6576.243,246.9094,1
7011.973,185.1921,1
5818.162,249.3843,1
6316.813,171.1926,1
6070.933,168.2847,1
1999.307,354.7262,0
6159.038,188.8091,1
2022.286,337.0598,0
6187.551,240.99,1
1942.185,339.91,0
5976.274,192.042,1
5639.909,271.2087,1
5962.175,273.1252,1
2015.484,292.5089,0
6033.167,207.9294,1
1905.486,316.7233,0
5703.984,216.1475,1
5154.328,367.3677,1
2043.102,241.0413,0
1934.893,287.4525,0
2055.851,334.9996,0
1932.314,329.3681,0
1953.45,330.7131,0
5788.435,201.0671,1
5731.951,102.0085,1
5775.36,257.7415,1
5398.916,222.3003,1
5861.232,253.4976,1
5978.253,64.03516,1
1931.618,423.2448,0
1992.517,365.3163,0
1910.607,356.3625,0
5870.816,273.9187,1
5412.755,122.8901,1
5961.549,151.9082,1
5659.434,232.0173,1
5977.157,271.8169,1
5907.883,305.4592,1
1946.106,362.6645,0
2006.433,349.8625,0
2005.595,357.9862,0
1946.952,308.7166,0
6307.044,188.3088,1
5606.781,264.7048,1
1926.33,307.2943,0
1913.911,307.1648,0
1928.006,351.2545,0
5866.179,204.7603,1
1931.257,348.6096,0
1924.72,359.4681,0
5677.578,262.1609,1
1889.254,355.6531,0
5828.328,252.4607,1
5865.132,275.3987,1
5696.764,173.0278,1
5816.843,188.2305,1
5909.793,145.491,1
1945.366,280.6058,0
5560.427,203.2849,1
5915.818,156.6826,1
6103.379,99.26318,1
1940.928,333.0201,0
5944.438,244.9893,1
5530.88,220.0061,1
5831.512,266.7024,1
6009.854,183.0176,1
2085.084,292.2567,0
5714.533,150.9063,1
5826.99,196.2158,1
6048.075,225.7983,1
5839.968,39.49829,1
5950.922,153.5449,1
1859.924,365.7491,0
1936.046,337.8338,0
5628.518,202.8848,1
1951.672,297.3772,0
1947.821,356.3461,0
5858.594,260.8518,1
2061.813,329.1384,0
5787.001,134.5571,1
5117.996,361.5476,1
2145.65,286.4241,0
1998.671,373.6531,0
6073.516,286.2974,1
6262.096,199.1201,1
5971.158,256.5264,1
2047.243,239.9099,0
1987.129,365.1179,0
6102.14,216.6279,1
5673.091,231.3184,1
5429.639,269.8308,1
2010.442,299.0912,0
1992.32,268.2552,0
5555.119,164.8169,1
5722.303,235.5093,1
5654.079,187.2825,1
6499.148,175.6841,1
2005.419,388.4918,0
5773.403,299.3047,1
1844.018,317.2035,0
5826.708,306.2302,1
2032.921,287.2383,0
5788.537,213.6592,1
5972.615,130.8662,1
5901.556,349.6338,1
5990.463,111.0339,1
6306.165,208.3125,1
1775.465,363.9439,0
5526.042,181.1465,1
1958.969,311.9273,0
5787.215,276.0928,1
1933.977,379.8841,0
5912.285,163.0356,1
5707.032,195.8916,1
5771.82,229.9609,1
1844.952,406.741,0
6156.594,190.0728,1
6262.907,130.4275,1
2045.372,349.2412,0
1935.492,420.7531,0
2037.315,323.6852,0
1918.787,360.316,0
1972.617,293.322,0
5620.496,105.7029,1
1977.708,321.6707,0
1979.79,310.1506,0
1938.937,342.6346,0
5902.493,229.8662,1
5921.678,277.4258,1
5895.753,218.4094,1
2057.092,342.3661,0
1964.587,298.7014,0
6165.728,207.4805,1
5093.22,218.907,1
5656.713,161.5071,1
5891.76,65.10864,1
5765.198,292.4736,1
5829.959,156.0823,1
5809.814,188.1091,1
1941.108,338.564,0
1935.09,303.2103,0
5725.688,233.0874,1
6370.707,261.8552,1
1910.101,331.4858,0
6965.149,296.78,1
5829.599,324.6897,1
5646.348,222.0205,1
5788.245,241.8362,1
1856.917,310.9341,0
5464.326,242.1267,1
5959.75,167.9385,1
2043.37,324.0995,0
1994.432,313.0765,0
6195.358,137.5093,1
2017.932,285.1924,0
1924.128,351.8527,0
6188.899,233.1372,1
6259.308,293.0671,1
6054.025,207.9827,1
5781.373,256.6563,1
2041.827,290.0857,0
5433.559,186.8428,1
6274.959,228.1282,1
5725.691,210.5276,1
1999.495,301.4754,0
2079.113,381.0916,0
1869.931,370.2589,0
5957.816,180.6536,1
1950.146,286.1343,0
5889.864,209.4016,1
5823.097,296.9524,1
2024.14,309.6487,0
5773.021,180.4739,1
1989.445,363.8224,0
5287.5,322.292,1
5670.134,338.2981,1
5629.882,168.8469,1
1877.721,342.2726,0
1992.947,286.7233,0
5677.584,206.7908,1
2090.055,303.3813,0
1916.177,306.6414,0
5435.089,322.9871,1
6094.13,177.2466,1
1888.597,368.6523,0
5942.237,179.8362,1
1920.794,335.8275,0
1914.465,299.0179,0
5753.235,202.1873,1
5952.427,185.7466,1
2010.502,289.4573,0
1871.226,314.9667,0
5647.227,272.0818,1
6266.729,294.4006,1
5551.352,289.7742,1
5740.69,217.417,1
5935.215,244.5913,1
1890.991,328.1201,0
1896.111,309.7641,0
5783.16,323.2314,1
1999.283,307.0394,0
6245.888,176.2766,1
5976.071,252.2615,1
5989.223,146.9839,1
1986.029,357.0369,0
5700.054,222.7209,1
2101.915,292.8153,0
5857.342,216.1926,1
1872.817,353.5418,0
1906.179,404.0143,0
6253.815,167.5291,1
1944.281,390.0504,0
2000.605,278.2454,0
6282.156,245.8496,1
5843.45,180.3647,1
5856.146,279.6497,1
2121.472,300.4318,0
5134.411,431.302,1
2012.726,360.2084,0
5569.588,137.8284,1
5903.448,172.8098,1
1942.519,355.176,0
2076.08,373.3126,0
1868.595,343.4412,0
1903.971,343.0423,0
1946.87,353.3028,0
2114.861,282.0339,0
5895.875,215.3455,1
2028.58,322.105,0
1877.285,329.2054,0
6035.256,217.5444,1
1987.231,339.9566,0
1875.933,426.5649,0
5997.526,303.2698,1
5798.234,253.5208,1
5951.213,214.397,1
1915.604,386.9595,0
1964.891,292.2068,0
2093.953,279.7064,0
5922.291,107.4353,1
5737.574,207.3091,1
2005.27,315.8771,0
5633.765,301.1321,1
1979.185,295.7059,0
1941.453,320.2695,0
6151.883,285.1609,1
6167.522,191.8477,1
1975.659,277.6108,0
5991.853,274.4424,1
6053.616,162.7295,1
6272.957,244.8989,1
5697.19,185.2068,1
5923.603,268.2095,1
2001.094,284.7346,0
1881.635,333.9151,0
2018.976,407.7339,0
5840.317,178.2422,1
2002.862,354.6976,0
5596.402,274.3735,1
5785.66,244.0671,1
6185.917,205.5571,1
1890.129,436.64,0
5809.851,179.3088,1
5847.179,262.6086,1
2072.172,295.7515,0
5904.594,2.546875,1
1930.993,372.8125,0
1868.138,396.8935,0
5573.478,281.9187,1
5750.616,324.6714,1
1996.549,266.9031,0
1955.208,374.056,0
2032.035,387.6605,0
6303.723,148.4678,1
6020.309,251.6719,1
2024.789,357.427,0
5563.188,269.6177,1
1936.062,353.8227,0
5200.133,264.895,1
4732.322,372.7004,1
5683.56,154.1257,1
5908.199,150.3589,1
5713.926,152.4321,1
6280.071,251.1494,1
1971.891,335.5544,0
6015.754,207.5728,1
1941.713,353.8235,0
5948.451,227.1572,1
2040.815,256.6366,0
2012.824,316.647,0
1958.992,303.2332,0
1903.114,329.1378,0
2024.393,320.9364,0
5791.089,286.5505,1
6086.281,86.60156,1
5120.125,351.48,1
5948.057,355.6479,1
6073.328,267.0825,1
1914.207,358.7585,0
1872.34,406.2671,0
5761.794,238.4453,1
5569.572,272.7776,1
5969.041,308.0923,1
5844.957,257.2974,1
1939.045,441.7955,0
1963.752,323.4551,0
5772.735,290.9878,1
5889.989,246.4917,1
5686.152,130.9031,1
1954.569,308.5524,0
5898.522,183.5659,1
2062.81,374.4198,0
5818.86,248.5669,1
2059.614,352.8632,0
1976.15,386.0507,0
1905.11,347.9644,0
1951.332,301.7578,0
6191.295,223.644,1
2017.796,293.2915,0
1959.93,378.1504,0
5654.646,340.6709,1
5446.62,318.0068,1
5570.342,264.4595,1
5951.72,217.7942,1
5368.398,209.1658,1
2135.337,329.0757,0
6188.734,258.0034,1
5852.851,161.3472,1
5814.384,288.4355,1
6213.06,203.5979,1
5910.461,242.5193,1
5647.043,175.8962,1
2028.399,313.5557,0
5999.83,235.3005,1
5825.777,301.7537,1
2018.643,354.4063,0
5317.712,210.4185,1
1934.31,374.3854,0
5925.985,185.5466,1
6082.618,275.5718,1
5955.843,196.342,1
1944.744,276.5724,0
1792.322,310.91,0
6248.909,236.8589,1
1873.138,408.6299,0
5509.051,245.5911,1
1947.493,350.2673,0
1933.753,303.3973,0
6328.134,297.8354,1
5732.197,282.8474,1
1909.476,308.9988,0
5695.878,158.2095,1
6393.911,200.2996,1
6185.786,191.332,1
6160.408,186.6594,1
2015.723,328.8727,0
5484.461,237.9783,1
1954.89,382.6223,0
5877.531,105.5183,1
2025.84,275.768,0
5854.92,166.5435,1
1939.27,297.4622,0
6391.005,254.26,1
2078.211,297.1498,0
5687.292,208.8953,1
5523.72,193.2334,1
1919.754,250.4134,0
1912.355,332.632,0
5956.231,99.7041,1
5613.66,207.2139,1
5720.155,272.2202,1
6146.331,98.29858,1
1979.438,319.2799,0
5819.429,152.4043,1
1926.206,291.7852,0
1823.351,333.0619,0
5733.383,215.1243,1
5900.976,185.9946,1
5531.449,224.5859,1
5930.123,272.3213,1
6023.527,182.6033,1
6541.22,124.0161,1
1868.046,382.1951,0
5981.03,206.9519,1
5922.572,233.8862,1
1930.916,348.2932,0
1991.533,302.0937,0
5962.375,217.521,1
5682.47,281.2649,1
6042.955,226.8945,1
5510.458,328.5999,1
1938.824,360.152,0
2000.776,319.1553,0
2019.507,311.2982,0
1872.538,335.8679,0
6033.59,234.8115,1
5794.174,77.94116,1
5418.91,320.3552,1
5842.822,236.1377,1
1931.058,389.6553,0
1873.668,331.5323,0
2126.36,371.6451,0
6000.516,254.8423,1
1951.959,360.2835,0
1912.096,341.0212,0
1937.385,370.7171,0
1987.234,360.1908,0
6114.938,259.6875,1
2014.509,310.2177,0
6129.048,102.6194,1
5732.399,273.0754,1
2125.012,377.309,0
5784.073,255.7295,1
1923.196,223.2661,0
1875.443,372.3229,0
1884.455,394.6219,0
6112.699,226.3354,1
5178.406,354.6826,1
6032.556,199.7188,1
5905.635,162.6221,1
1885.582,344.1694,0
1970.774,282.4586,0
5900.58,206.5371,1
1982.889,371.5934,0
2001.184,420.8989,0
5698.627,166.458,1
1936.893,282.544,0
1911.014,349.4907,0
1952.786,383.2468,0
1995.006,281.7717,0
5598.229,178.1052,1
2002.295,308.9669,0
2012.217,299.4343,0
6111.685,148.5457,1
1938.184,326.3046,0
5828.139,244.0684,1
2018.014,285.1907,0
5851.834,130.4631,1
1941.271,276.3032,0
1930.784,353.2862,0
5951.537,259.834,1
5755.669,219.6084,1
5851.45,235.4824,1
1845.375,449.8234,0
6150.804,250.3999,1
5780.408,239.063,1
5804.894,191.7024,1
5856.766,209.9695,1
1963.795,324.7849,0
5931.052,162.7402,1
5328.398,174.2195,1
6097.668,157.5337,1
1928.589,305.9494,0
1900.868,361.0757,0
5321.636,276.3057,1
2005.56,352.4758,0
5841.963,184.2666,1
1910.795,277.4361,0
2003.678,304.3387,0
1970.99,337.2045,0
5838.059,141.5723,1
2026.297,330.265,0
2040.687,369.1265,0
6077.943,282.3801,1
5704.376,331.99,1
5892.588,263.604,1
2006.788,310.1711,0
5911.039,170.0955,1
5776.172,179.6455,1
5889.088,312.3247,1
6225.814,338.8096,1
1996.426,316.1022,0
2015.973,385.7593,0
6403.496,138.53,1
1968.621,465.1408,0
1897.112,401.2045,0
5754.396,185.2229,1
6476.008,211.0894,1
6214.702,245.7773,1
1988.58,367.4612,0
2044.181,307.0117,0
1960.389,354.7156,0
1911.268,322.1348,0
2115.725,288.7008,0
6054.118,228.2759,1
1961.763,334.0913,0
5653.259,227.3311,1
6402.191,169.9546,1
6204.342,151.2734,1
5900.815,134.1072,1
2009.713,368.3938,0
1940.443,293.088,0
1960.547,333.7106,0
1987.573,298.7933,0
5751.564,202.8572,1
5930.855,342.4612,1
6104.618,149.6084,1
5610.68,219.4265,1
1962.365,343.7497,0
2027.999,231.7729,0
2136.46,284.2814,0
5906.066,191.7139,1
5927.719,132.4224,1
6358.651,276.0088,1
2024.833,289.0424,0
5806.124,272.5642,1
5965.65,160.1831,1
5636.369,191.9709,1
5790.261,187.6467,1
1861.33,347.8417,0
1915.829,324.1383,0
1890.013,339.3281,0
2014.466,352.1793,0
5628.781,184.4543,1
1993.77,333.8561,0
1898.025,311.84,0
1970.021,287.5679,0
5828.635,218.0586,1
5722.869,149.2437,1
6011.372,183.2253,1
2059.142,315.429,0
2028.373,253.4987,0
5881.796,238.7839,1
5885.044,261.4417,1
1960.97,332.158,0
1991.16,361.0968,0
1884.709,366.0206,0
5783.474,216.6721,1
1891.637,330.467,0
1916.96,278.9621,0
5906.564,188.415,1
2025.41,289.6064,0
1914.92,326.0411,0
5704.927,251.823,1
6219.88,309.7466,1
2054.696,304.1796,0
5582.866,216.2429,1
1946.656,312.2952,0
2021.36,326.1589,0
1975.281,320.6588,0
1954.284,323.5206,0
1837.584,429.5178,0
5931.98,237.2788,1
1985.769,339.4255,0
1944.377,373.093,0
5949.145,254.1604,1
5938.98,177.8105,1
2015.326,315.7877,0
5584.528,357.9277,1
6104.679,196.6824,1
1915.439,338.9296,0
1901.852,329.577,0
5723.333,197.2656,1
6130.647,280.3997,1
1914.72,371.4676,0
5938.726,390.6106,1
6505.991,210.4844,1
5900.399,419.4023,1
2134.265,370.8761,0
5712.489,202.7581,1
1972.788,296.6595,0
5859.554,169.7363,1
5948.44,119.7222,1
1973.214,387.3379,0
1924.576,281.7488,0
1944.563,377.2808,0
1913.856,344.7536,0
1998.741,320.6794,0
2083.215,364.6082,0
5657.486,246.6912,1
1907.856,379.934,0
6236.094,263.1865,1
6051.871,167.0923,1
1856.232,308.384,0
5759.818,134.9595,1
2001.031,334.3295,0
1943.329,376.5019,0
1933.679,383.3174,0
2002.558,280.7832,0
1930.063,350.8415,0
6024.825,148.3687,1
5680.195,354.1917,1
1907.644,326.1942,0
2023.031,305.1446,0
5969.526,188.6909,1
1929.734,242.6685,0
5939.573,228.2048,1
1901.566,317.1722,0
5861.144,199.4194,1
1876.679,347.3849,0
5910.885,111.1406,1
2044.353,326.8971,0
5726.972,222.7417,1
5845.647,250.8564,1
1883.441,318.1592,0
5941.668,285.3103,1
2019.079,357.4038,0
6036.604,250.4753,1
5436.306,253.5869,1
1933.626,298.5652,0
2043.749,333.2222,0
5837.139,183.8855,1
5840.661,206.4233,1
5570.831,246.6907,1
2171.495,315.5017,0
5958.309,180.3489,1
5702.068,271.3237,1
5791.567,239.6992,1
1927.269,362.6183,0
2074.074,270.256,0
5830.922,233.3474,1
5864.426,281.1934,1
1999.095,398.1808,0
2008.557,371.9064,0
6324.579,212.9434,1
1965.688,336.7951,0
5907.319,184.7708,1
6144.4,228.1033,1
5707.368,214.6072,1
6430.391,109.886,1
5854.382,254.6348,1
2044.207,310.0109,0
2083.521,318.3444,0
1946.952,318.3972,0
2010.384,322.1199,0
6408.37,159.3479,1
5878.542,217.6001,1
5837.283,242.7007,1
6201.738,191.4507,1
1972.73,304.8903,0
1923.265,415.4503,0
2030.879,346.0502,0
6020.256,272.8071,1
1909.868,347.5264,0
2012.168,306.8699,0
1924.386,361.6329,0
2039.634,269.0702,0
5592.938,235.3259,1
2040.782,328.7178,0
1918.792,276.6176,0
5977.348,106.2395,1
5843.692,122.6365,1
5769.477,181.4116,1
1806.221,374.9069,0
5811.952,309.2405,1
1922.512,342.8394,0
1860.996,356.6766,0
1845.676,321.7139,0
6153.996,255.1067,1
5940.686,281.3867,1
2034.214,292.3262,0
5853.419,223.7124,1
1972.516,301.5385,0
5953.347,233.436,1
6161.543,185.7747,1
6129.611,256.6821,1
5860.076,266.009,1
1829.115,346.3298,0
5977.862,204.6687,1
1979.636,370.3671,0
2145.839,360.2435,0
6232.425,194.1809,1
6152.294,206.5198,1
5361.422,220.6089,1
6189.039,211.0981,1
5929.852,179.7942,1
5412.509,244.8354,1
1990.674,304.2307,0
6358.706,238.0693,1
5732.32,233.9226,1
5939.698,204.6326,1
2026.904,282.1287,0
1842.419,343.3038,0
5874.271,178.2185,1
2014.521,370.915,0
6191.299,137.1543,1
6011.237,294.0542,1
5938.541,207.0242,1
5410.001,142.4456,1
1979.636,273.6275,0
1978.207,311.7598,0
6140.769,167.6538,1
1933.384,357.2101,0
5213.178,274.2986,1
6555.623,137.4543,1
6718.486,129.5381,1
1980.831,353.2198,0
1973.112,347.1011,0
6405.155,294.2986,1
5963.246,295.1785,1
5772.2,261.1934,1
6265.215,184.7195,1
2021.117,356.3405,0
5288.212,372.6401,1
6059.225,157.1868,1
5985.166,198.4849,1
6162.17,225.7229,1
5923.535,266.0095,1
2026.633,308.3168,0
5748.407,200.3625,1
6239.149,298.175,1
5815.828,202.9768,1
5911.585,167.9053,1
1967.08,407.8005,0
1994.736,326.8431,0
6432.133,76.81812,1
2005.461,295.8834,0
5987.297,119.2886,1
1970.892,319.7134,0
2006.753,378.5339,0
1997.672,331.7869,0
6186.774,158.4941,1
6023.198,243.0051,1
5668.844,260.2654,1
6009.779,232.5046,1
1965.334,306.8154,0
5982.87,308.0117,1
6292.378,210.325,1
5734.994,152.6909,1
1970.009,309.0845,0
5899.222,283.1487,1
6322.831,283.2864,1
2044.906,301.0326,0
1982.377,277.6817,0
5899.148,333.1731,1
2107.258,281.4583,0
6070.546,292.1658,1
1951.298,300.052,0
5872.064,262.0183,1
1885.361,359.8092,0
2029.486,314.9333,0
5974.761,227.748,1
5807.666,298.803,1
2006.476,271.2936,0
5949.076,292.6826,1
5743.352,188.3469,1
5771.746,239.0767,1
1907.454,408.3874,0
5849.88,212.9622,1
1911.466,434.3655,0
5558.43,164.9172,1
6279.16,273.3406,1
6010.285,251.4646,1
5519.564,151.1714,1
6067.245,187.6445,1
1878.605,378.5948,0
1926.987,357.2177,0
6296.746,409.8794,1
1866.45,380.9124,0
5872.353,190.176,1
5952.769,269.2495,1
5095.537,327.1453,1
1993.302,374.2815,0
6063.705,282.0503,1
5523.968,240.9607,1
1840.872,404.8855,0
2079.955,348.3311,0
1960.789,377.9396,0
5207.115,307.5002,1
5530.158,240.2515,1
2006.248,299.0142,0
4958.353,304.1235,1
2019.502,318.8663,0
1984.713,300.0941,0
1999.234,399.2786,0
5984.294,107.6514,1
1968.048,254.2374,0
1987.056,341.0476,0
1900.744,370.2231,0
1914.982,387.5784,0
6236.976,247.1602,1
5872.687,289.2778,1
1959.596,315.0734,0
5993.099,250.208,1
5957.056,214.533,1
1993.702,301.1375,0
2080.142,286.2622,0
5835.695,219.3625,1
1985.922,281.6008,0
5846.785,193.8071,1
2016.866,285.2986,0
6012.625,322.1001,1
1916.521,376.4275,0
6159.861,118.8789,1
6139.832,232.7285,1
1987.528,326.9731,0
6255.215,344.436,1
2008.35,306.5817,0
6039.535,309.583,1
5982.149,247.2129,1
6138.756,301.4041,1
5913.008,285.2036,1
6541.426,305.925,1
1986.839,302.4011,0
1906.547,382.6473,0
5876.22,230.4529,1
5611.947,356.7859,1
5919.381,244.2612,1
1901.293,338.3669,0
5762.61,205.7773,1
1933.081,329.597,0
5987.904,187.3647,1
2103.832,270.9261,0
1930.593,332.2333,0
1906.085,282.1673,0
2014.056,317.8238,0
2017.259,407.1113,0
5845.003,274.2495,1
1851.78,410.5098,0
1850.318,370.6482,0
6918.418,166.7598,1
5894.591,184.3643,1
2025.98,323.5435,0
5759.933,258.1118,1
1886.422,287.2139,0
5896.19,206.4524,1
6149.023,319.6018,1
2056.185,363.5095,0
6858.892,202.7808,1
1963.189,318.8863,0
6103.622,182.2466,1
1978.745,348.7999,0
1989.141,341.1083,0
6143.265,176.3779,1
6038.574,321.5769,1
1958.354,356.769,0
1965.778,365.4669,0
5664.879,106.9788,1
2050.968,298.8298,0
1986.952,315.186,0
5593.134,208.5696,1
1947.295,321.2968,0
6304.986,165.3655,1
5655.72,233.7129,1
6318.527,262.3154,1
5736.096,195.415,1
6012.857,271.6064,1
5909.726,233.1172,1
5596.145,201.9226,1
1920.763,328.8179,0
6139.237,179.2285,1
1948.76,352.852,0
6111.792,220.4604,1
6040.352,218.5977,1
5308.466,302.9807,1
1938.505,330.0197,0
5260.795,195.0806,1
2006.402,323.8919,0
1955.493,323.7307,0
1999.146,311.1094,0
6013.875,155.9556,1
5513.607,233.0229,1
1946.552,335.4416,0
5924.205,217.6099,1
1953.122,251.175,0
5826.858,159.7039,1
6059.529,112.1194,1
6200.748,286.5771,1
5661.993,291.085,1
1919.14,311.794,0
6301.48,269.7822,1
5881.478,111.9954,1
6139.615,158.3706,1
1977.829,312.3892,0
1830.68,329.9156,0
6355.067,204.144,1
1935.609,337.0981,0
5785.537,234.7722,1
1986.803,319.075,0
5966.188,210.6931,1
1965.009,341.4564,0
5685.743,232.8267,1
1982.783,288.4006,0
5926.123,300.9946,1
1981.388,351.0656,0
1963.593,335.6001,0
1998.961,361.2228,0
2003.035,255.0127,0
2026.776,350.4362,0
6115.262,275.0249,1
1958.873,310.0934,0
1932.588,361.7276,0
5981.719,226.4878,1
2087.377,309.6622,0
5907.919,316.5518,1
5724.689,260.7017,1
1983.745,299.5199,0
2021.881,262.2672,0
5798.962,82.64087,1
5908.115,127.7158,1
1933.849,381.6669,0
5585.637,299.4717,1
1897.436,300.9609,0
1881.157,314.3013,0
1972.632,350.3764,0
1966.784,359.5575,0
5750.365,324.3357,1
1954.794,339.7438,0
1938.662,328.0593,0
2014.313,287.7809,0
6743.462,266.5957,1
1920.366,281.6907,0
5879.333,180.9026,1
1961.483,341.4175,0
5796.117,362.2283,1
5891.018,253.4612,1
2037.98,319.7954,0
1934.899,316.6539,0
2029.203,312.673,0
5988.463,208.8589,1
5872.589,262.4309,1
6169.723,163.8191,1
6056.259,115.533,1
1911.486,318.339,0
1894.971,282.2361,0
1884.408,398.1762,0
6060.776,302.8115,1
2050.6,368.9917,0
1819.296,338.3497,0
1957.175,344.7827,0
5907.121,266.803,1
5975.781,249.2019,1
5559.736,158.0374,1
6114.998,162.5369,1
5791.948,207.7292,1
5831.257,264.6157,1
1953.145,400.8897,0
5840.673,307.844,1
6095.805,250.4897,1
5902.682,179.5149,1
6019.383,129.53,1
1964.568,368.7056,0
2000.858,305.8102,0
5872.649,295.1174,1
5973.192,86.26025,1
1831.114,334.2604,0
6279.743,173.7974,1
2027.105,345.4875,0
5844.531,225.8381,1
1905.018,333.9149,0
5766.798,164.5181,1
6124.918,211.6802,1
1945.134,347.7826,0
6259.244,155.4468,1
2012.628,324.9698,0
5885.619,281.8486,1
5888.364,281.8828,1
6007.53,221.6204,1
6020.179,353.6172,1
1961.558,348.1754,0
2026.853,369.3201,0
1959.26,304.101,0
2105.479,281.707,0
6009.042,189.6877,1
5765.488,315.6907,1
1936.773,339.6301,0
5992.504,241.2722,1
1905.681,367.822,0
1919.089,297.7311,0
5972.637,149.9414,1
6168.876,166.873,1
1964.081,268.0645,0
1959.027,280.0273,0
6043.442,225.1992,1
2063.062,337.6729,0
5737.183,7598.1,
1949.318,322.4771,0
5844.403,207.0884,1
1938.111,297.6704,0
6157.598,219.6724,1
2019.797,265.379,0
1943.774,324.5167,0
6161.837,216.2397,1
1869.357,339.1965,0
1806.229,439.8677,0
1997.291,345.2984,0
4937.748,335.2791,1
1941.419,321.0497,0
6106.658,109.4084,1
2033.504,236.5588,0
5673.631,177.083,1
5894.014,94.66333,1
5780.3,271.6011,1
1919.16,349.2943,0
5689.444,162.249,1
1955.183,338.5694,0
1953.726,360.28,0
5803.354,248.623,1
1991.776,284.8517,0
5707.226,8601.1,
1970.29,287.265,0
5280.18,250.1694,1
1882.482,369.0628,0
1954.95,355.7351,0
2006.669,338.0172,0
6138.96,270.9063,1
1928.782,359.6418,0
1966.93,247.3008,0
6343.968,277.2476,1
5930.345,238.7744,1
1938.346,301.3439,0
1905.628,279.8741,0
1929.837,352.1793,0
5690.867,212.9114,1
5826.631,188.4897,1
1986.221,342.2261,0
5581.734,341.3293,1
5416.812,273.7988,1
5759.512,254.156,1
5955.256,152.1479,1
2011.019,378.2727,0
6312.362,223.9121,1
6052.2,205.6663,1
6449.02,187.6143,1
5965.981,195.3711,1
5840.628,219.3042,1
1955.334,319.0789,0
5737.063,156.7598,1
5993.322,181.5615,1
5946.956,197.7043,1
5857.186,356.0217,1
5605.367,256.3801,1
2010.112,299.8141,0
1859.451,367.1122,0
1962.91,306.4316,0
1978.283,287.8075,0
2006.217,350.0198,0
2006.577,304.0654,0
1985.727,339.7479,0
1994.773,335.5853,0
6175.721,237.1604,1
5831.885,278.3933,1
1919.369,348.5705,0
1895.492,367.8398,0
5888.018,216.9534,1
5768.769,207.614,1
2068.967,320.9342,0
5830.824,170.4014,1
5574.12,253.7795,1
1762.368,317.0865,0
5760.438,98.02002,1
5777.513,219.4834,1
1954.982,363.3525,0
1953.444,332.138,0
5887.047,366.0913,1
1944.18,402.0623,0
6026.984,69.18481,1
6041.554,281.2991,1
6059.568,101.397,1
5777.143,366.9141,1
1966.721,320.8902,0
1924.745,356.1927,0
5106.685,333.8374,1
2007.076,304.1651,0
2051.525,292.2417,0
1929.792,346.5171,0
1951.114,324.2619,0
1948.063,407.5118,0
6085.724,245.0376,1
2011.215,324.3527,0
1869.556,341.8856,0
5801.176,342.8428,1
1974.814,337.1768,0
1991.237,379.2779,0
1928.616,373.0375,0
5818.265,248.105,1
1924.435,417.4651,0
5823.936,240.5537,1
6136.943,114.8142,1
5779.775,163.0881,1
2038.161,332.3654,0
2016.396,278.1685,0
5169.471,284.876,1
1974.793,302.9747,0
2075.926,331.2253,0
1966.213,352.7487,0
2050.972,254.733,0
1986.597,326.3856,0
1883.341,352.8083,0
5844.019,225.24,1
1923.221,430.397,0
5789.403,294.5842,1
5901.919,277.5085,1
1928.647,315.466,0
2015.919,341.981,0
5995.874,335.3254,1
5798.012,239.7029,1
6308.023,185.406,1
5722.558,284.6841,1
2044.937,317.444,0
1972.27,327.0234,0
5828.31,241.719,1
6001.23,302.0981,1
5790.236,224.53,1
1879.593,393.256,0
5915.557,314.1704,1
1983.963,303.9203,0
5673.571,194.8201,1
2154.016,301.2128,0
1926.206,327.2129,0
5598.623,251.5532,1
5941.045,219.7539,1
5964.957,235.9465,1
6073.801,250.4939,1
1888.413,345.6158,0
5815.63,181.2043,1
1913.764,306.6459,0
5730.038,259.1199,1
5730.83,224.0005,1
6088.954,146.0901,1
5370.67,214.239,1
1933.669,320.2038,0
5681.558,226.8223,1
1917.631,382.8572,0
2031.328,339.9996,0
5921.941,189.4817,1
1908.965,304.6642,0
2003.517,406.4767,0
6209.262,217.8562,1
6166.44,336.5898,1
6024.745,364.6355,1
1904.536,354.8669,0
6002.317,201.8035,1
5594.055,286.0725,1
1816.274,379.3115,0
1986.732,299.0715,0
5711.55,187.4587,1
1920.82,419.7637,0
6042.179,250.4934,1
1951.898,321.3499,0
1922.151,381.0427,0
5916.242,166.9863,1
5736.14,325.8542,1
1931.017,384.0426,0
6792.608,237.2876,1
6031.666,294.269,1
5880.193,199.3228,1
1951.491,294.103,0
5687.615,258.5056,1
5875.867,248.8538,1
1930.187,367.1668,0
1933.684,287.6823,0
1951.331,379.4914,0
2038.915,336.4708,0
1932.344,365.8031,0
1919.265,357.9296,0
2003.72,289.0314,0
1898.284,415.898,0
1963.788,354.4075,0
5600.032,328.281,1
5715.288,253.2415,1
5884.467,112.5669,1
1957.491,299.8954,0
6147.066,184.5225,1
2091.858,232.2236,0
5624.186,268.5906,1
1877.114,329.6442,0
5578.261,226.7566,1
1921.237,419.3329,0
1890.004,407.443,0
5276.359,165.1255,1
5973.395,234.0989,1
5776.063,194.2598,1
1914.795,368.5058,0
1913.57,327.639,0
5324.364,184.2102,1
2031.02,336.1588,0
2048.494,322.3921,0
5696.618,281.939,1
5856.369,249.6807,1
1979.137,321.5022,0
5604.389,261.7969,1
1873.9,406.4586,0
6131.418,148.2202,1
6085.852,177.1589,1
5875.512,292.8018,1
5796.028,273.3699,1
5610.519,273.3445,1
2005.008,331.0238,0
6197.644,266.991,1
5941.84,80.87842,1
5865.951,210.0369,1
1878.46,366.6826,0
2088.083,276.4124,0
1891.757,391.9261,0
5868.697,270.4583,1
2004.607,362.6205,0
6111.184,187.615,1
5833.845,299.3391,1
5146.018,335.2,1
2013.153,267.1795,0
5755.769,327.6279,1
2057.543,333.1117,0
5976.356,227.8667,1
1976.938,359.8019,0
6310.429,217.2534,1
1899.405,369.2924,0
5863.287,115.4919,1
5878.739,83.07788,1
2005.824,325.5083,0
5967.124,333.709,1
1957.173,348.0251,0
1991.323,291.165,0
5928.485,292.7354,1
2015.145,348.5192,0
1991.492,259.603,0
1976.846,313.8313,0
5882.887,221.6462,1
6006.614,204.8464,1
1918.219,323.3022,0
1967.717,297.6314,0
6096.416,104.5415,1
2006.542,298.1977,0
2078.041,297.2094,0
1950.97,436.3384,0
1931.086,417.2695,0
6113.204,233.2388,1
6187.167,241.6606,1
5731.823,178.8115,1
5691.659,237.3188,1
5793.814,243.1016,1
6548.028,348.4727,1
1957.399,336.1548,0
6142.301,248.2773,1
1884.376,318.4902,0
5551.857,173.3132,1
6016.036,206.7129,1
5908.257,235.7991,1
1918.701,363.2054,0
1883.092,369.0355,0
5789.718,239.6218,1
2015.464,268.6875,0
1994.846,299.9932,0
6185.959,155.2571,1
6403.473,248.6042,1
2039.953,347.3267,0
6216.954,109.1914,1
5971.361,248.3257,1
5901.231,272.5547,1
5895.439,276.9314,1
1907.663,261.6999,0
2017.948,359.3285,0
6005.895,230.0884,1
5934.687,207.9089,1
5938.215,162.1611,1
6108.046,212.6655,1
5933.093,211.1909,1
5681.417,149.0024,1
5767.155,205.1885,1
6120.788,199.0098,1
1875.611,320.5185,0
5668.069,283.9976,1
6231.488,217.1748,1
6165.191,187.4646,1
5773.534,333.0588,1
1821.395,370.0734,0
5942.199,218.1565,1
5917.505,182.5317,1
1961.284,325.1242,0
1869.479,349.7615,0
2009.742,330.6741,0
1925.438,364.3115,0
5455.792,144.2996,1
1922.464,354.1396,0
2011.959,334.3628,0
1909.869,342.3923,0
5668.506,307.9209,1
6219.274,273.0198,1
6001.751,278.5796,1
5943.798,159.3772,1
2017.058,400.2953,0
1992.813,285.0345,0
6526.984,308.3904,1
5988.255,225.0176,1
5688.674,250.4939,1
1982.38,327.8309,0
6315.035,255.2361,1
5897.472,202.0066,1
5114.902,300.2114,1
1930.65,284.6407,0
5872.416,209.582,1
1958.209,285.0652,0
1995.273,336.5356,0
5993.788,283.6589,1
6194.026,163.5728,1
5977.98,165.3635,1
5956.542,302.5061,1
6356.349,159.2715,1
1843.467,314.6428,0
6017.518,187.0425,1
5596.325,254.4434,1
1900.1,377.1644,0
1983.188,292.7387,0
5842.511,194.2166,1
5787.012,211.7146,1
6000.755,217.979,1
1919.117,349.3854,0
5727.344,178.0222,1
2011.317,270.429,0
5964.098,161.5962,1
1997.217,361.8035,0
2035.602,310.4659,0
5696.646,219.7617,1
5640.24,225.0898,1
1960.188,332.8401,0
5876.939,82.58545,1
6075.589,194.0688,1
2089.977,312.7407,0
5655.927,126.0208,1
2072.199,322.8846,0
5481.451,361.4446,1
1980.981,315.2483,0
1900.598,396.0581,0
5903.057,157.2207,1
2046.613,357.4972,0
5835.893,123.9641,1
2030.503,320.8094,0
1989.815,380.0065,0
1947.559,329.5057,0
1996.685,398.8418,0
1922.213,373.9744,0
1949.38,336.595,0
5921.713,187.5066,1
1905.434,337.5574,0
5980.966,351.958,1
5802.156,248.2351,1
6210.562,179.7117,1
1990.589,384.0779,0
1943.006,318.9834,0
5139.554,302.229,1
6002.93,124.0444,1
5975.042,253.051,1
5584.774,175.3525,1
2022.826,281.5129,0
1978.551,324.4969,0
5911.1,198.2673,1
5797.084,183.2654,1
6204.269,127.26,1
1894.398,313.3327,0
1784.511,328.3702,0
2009.717,275.1099,0
1995.252,312.188,0
1907.035,332.3377,0
5756.61,191.8845,1
6187.975,131.0583,1
1904.066,299.196,0
4769.888,255.5254,1
2013.193,261.3303,0
2057.398,312.5277,0
1947.14,370.3162,0
6242.177,285.0417,1
1990.544,317.1077,0
1938.297,391.4355,0
5560.535,175.616,1
5971.792,130.8643,1
1992.963,284.7664,0
5874.222,151.4116,1
1861.146,333.537,0
1913.185,366.7682,0
5749.274,349.2854,1
5658.252,291.9775,1
6547.741,197.5464,1
5890.349,295.96,1
2019.553,343.6797,0
1973.866,324.9284,0
1926.289,365.0143,0
5803.383,210.9236,1
2058.638,328.4396,0
6545.61,192.0066,1
1985.942,347.6979,0
1873.417,357.6847,0
6162.967,231.7173,1
5774.575,186.2341,1
1893.342,396.9111,0
2033.374,306.452,0
5724.972,240.9299,1
5785.652,243.6445,1
6078.894,281.5476,1
5653.865,285.9519,1
5996.205,135.4685,1
2014.868,331.5041,0
5872.831,201.033,1
5621.844,331.9644,1
6152.66,137.6301,1
2067.397,268.0642,0
5821.796,198.28,1
5901.842,158.1545,1
5705.867,201.3054,1
6411.785,186.1494,1
1936.592,379.7617,0
5872.274,131.3762,1
1829.778,381.4988,0
1931.048,338.4129,0
1938.691,366.5274,0
1934.52,406.7664,0
1939.97,310.7851,0
5880.276,285.7607,1
5665.945,335.4746,1
5780.882,307.1528,1
1852.133,371.2087,0
5971.974,161.3914,1
2020.363,269.9177,0
5779.384,324.6577,1
2086.55,281.5529,0
6034.885,175.3472,1
1951.204,351.2905,0
5702.958,196.9829,1
5912.4,278.6619,1
5815.569,350.2117,1
5680.846,245.1509,1
5861.161,194.2434,1
1931.854,419.7366,0
1928.375,398.0236,0
1920.058,367.7354,0
5825.221,275.8672,1
5535.834,265.3506,1
6489.291,313.1841,1
5955.188,174.0264,1
1965.408,329.8046,0
5832.763,213.323,1
5937.875,189.301,1
1915.315,321.8148,0
2037.654,368.6085,0
1983.371,343.331,0
6033.215,238.9807,1
5829.354,279.9805,1
1920.77,325.4424,0
6456.27,247.0144,1
1972.19,277.5156,0
5603.743,247.5488,1
6104.747,328.8835,1
2035.536,363.8887,0
5856.02,283.1919,1
1914.579,357.778,0
5861.309,187.5127,1
5552.142,300.4883,1
5772.223,167.2915,1
5930.318,269.2004,1
2014.184,345.5476,0
1996.32,354.9115,0
2021.551,306.492,0
2025.236,299.8334,0
1962.433,276.0049,0
1924.153,356.3917,0
5829.247,207.9143,1
5513.951,218.0208,1
1980.714,269.0641,0
1938.22,353.1257,0
1872.842,352.1904,0
5724.984,206.3875,1
6027.541,299.5027,1
1964.813,332.9682,0
1985.497,294.6903,0
5616.43,250.6838,1
5342.04,252.2454,1
5587.371,235.8328,1
2070.513,314.2437,0
1903.445,352.1358,0
5354.719,114.5369,1
6214.038,238.3088,1
5700.342,217.6479,1
5801.235,199.7661,1
6800.676,245.6506,1
5850.234,195.0518,1
2085.828,332.1028,0
5906.11,191.615,1
1962.724,302.8484,0
6132.643,153.1,
5781.668,95.80444,1
5951.29,224.4165,1
1830.843,401.7932,0
6076.007,153.5972,1
2002.877,352.087,0
1952.514,264.6606,0
5712.278,184.1436,1
5328.716,242.0532,1
1943.515,319.838,0
5933.405,131.1541,1
1996.936,390.3187,0
6258.292,194.0356,1
1985.467,272.0634,0
2000.748,359.8986,0
1914.417,390.5761,0
6210.06,183.6851,1
1986.522,287.0679,0
6005.83,151.0093,1
1958.988,341.5421,0
1969.024,244.3347,0
6009.417,272.8242,1
6007.563,227.5083,1
5887.946,202.033,1
1992.171,322.7119,0
1907.815,308.1987,0
1981.628,322.4043,0
5874.136,215.0171,1
5120.126,250.2703,1
1934.939,290.6495,0
2005.943,324.5377,0
1983.237,453.8322,0
2038.956,281.546,0
5851.592,147.6292,1
5535.01,186.5183,1
5901.519,214.8186,1
1889.138,347.8384,0
1911.107,341.5685,0
5401.427,321.5188,1
1984.281,296.2093,0
1998.169,338.1449,0
2013.304,325.6205,0
5973.826,28.53247,1
5960.94,233.0398,1
1946.897,365.3464,0
1899.857,323.3929,0
5742.132,140.3887,1
1938.809,370.0259,0
1966.909,389.5662,0
5578.431,238.7473,1
5803.755,111.3337,1
6092.15,241.937,1
6054.353,114.7605,1
5981.813,183.4761,1
5919.41,193.2854,1
1985.611,371.5455,0
5612.254,178.6675,1
5885.649,171.7405,1
5917.532,227.2212,1
4848.326,343.5334,1
1896.36,352.077,0
5738.794,130.8279,1
1924.696,349.3176,0
1929.737,362.2074,0
1910.541,401.8035,0
5793.162,245.4644,1
1983.17,348.8007,0
2016.92,352.3292,0
2003.848,348.6117,0
6015.642,223.1394,1
1997.082,280.0427,0
5895.392,199.574,1
2030.663,310.4229,0
5667.839,326.6243,1
2058.475,366.2258,0
2014.077,298.9274,0
6007.529,242.459,1
5633.511,299.2126,1
5871.886,199.0659,1
6070.394,264.9185,1
5970.446,225.1208,1
6252.931,298.2417,1
1946.257,361.0101,0
6060.269,297.2778,1
6018.787,263.1008,1
6159.73,162.6011,1
1824.719,341.3332,0
1955.973,356.9942,0
5950.259,268.106,1
6294.514,291.5974,1
5997.794,194.9597,1
1867.125,291.1118,0
5754.741,304.3877,1
4661.658,133.0952,1
5605.921,302.0051,1
5997.327,204.4824,1
5696.763,159.4949,1
6207.107,217.2798,1
2019.482,279.4582,0
1997.523,276.4341,0
1877.337,364.6569,0
1911.276,371.3967,0
1954.73,367.1937,0
5699.75,333.5483,1
1922.736,352.9283,0
1907.723,369.946,0
4685.831,348.7957,1
1898.493,321.6445,0
6007.337,266.0935,1
1962.24,341.6146,0
6004.942,225.3098,1
6212.763,282.5684,1
6096.801,205.9529,1
5845.37,233.2058,1
1950.843,375.004,0
5662.438,322.7002,1
5521.296,281.8906,1
5954.073,244.0161,1
1939.445,334.554,0
5988.557,238.1609,1
5830.817,136.2329,1
6047.429,201.6594,1
5846.491,224.3801,1
5700.839,215.8811,1
1774.491,418.4694,0
2041.759,303.1532,0
6064.467,186.1455,1
5617.233,165.4336,1
1859.683,398.809,0
1866.784,392.7775,0
1966.762,353.0246,0
6003.002,278.4797,1
1983.484,328.2039,0
5792.038,284.7688,1
1993.345,299.9118,0
1913.276,350.4805,0
2078.071,308.9081,0
1978.729,329.5784,0
5996.406,224.0317,1
1946.298,314.7306,0
6006.652,193.4177,1
2019.773,335.0903,0
5888.077,323.929,1
4774.922,301.4072,1
5692.832,273.0149,1
5671.619,175.3047,1
6149.31,204.7295,1
1912.684,341.0027,0
5850.241,140.9341,1
5723.899,222.2666,1
6136.508,320.9048,1
5917.895,204.8284,1
1930.682,317.0784,0
6274.047,255.8357,1
5813.584,147.3555,1
5751.937,197.4043,1
1989.076,296.5889,0
1906.884,428.649,0
6101.74,214.323,1
1830.955,345.2787,0
5800.789,254.2952,1
5971.659,259.2209,1
2080.387,234.1918,0
6040.226,153.8894,1
1974.845,323.3431,0
1863.067,363.0391,0
5436.878,209.7668,1
5752.053,274.051,1
1864.241,406.8193,0
1875.057,354.1701,0
5868.564,253.3948,1
5506.794,135.7349,1
5733.298,245.9954,1
5933.871,175.8477,1
6271.024,236.2832,1
4707.011,200.8164,1
5738.534,220.2734,1
5706.898,217.5081,1
5874.403,249.3677,1
5902.417,225.7468,1
5580.971,154.1606,1
6159.718,207.7087,1
5329.324,197.2002,1
5844.033,270.585,1
1862.839,355.7811,0
5908.005,162.803,1
5687.936,310.8911,1
5801.241,253.2583,1
5573.774,218.5503,1
1973.962,297.9502,0
5922.219,251.3342,1
5839.857,294.0315,1
5915.122,176.531,1
5699.846,129.8027,1
5898.084,121.5852,1
5957.78,175.0679,1
2027.667,283.2075,0
6269.944,164.9785,1
1923.605,319.5856,0
4682.401,318.0195,1
1937.876,296.3062,0
5988.482,239.2844,1
5540.300,5383.1,
1972.693,295.6894,0
5763.309,137.7742,1
5881.152,197.4727,1
6101.557,333.1245,1
2076.346,254.0005,0
1975.57,326.1356,0
1885.504,370.7873,0
5645.766,350.5034,1
5706.225,229.8132,1
2093.086,293.8256,0
1981.772,348.2598,0
1953.125,360.8711,0
2041.69,250.8573,0
6052.26,287.6746,1
1926.817,324.2238,0
5965.933,334.8179,1
5908.63,211.5039,1
5789.92,347.9868,1
6143.318,257.9663,1
1855.41,363.3042,0
1963.634,298.7189,0
1974.851,372.3635,0
2052.841,295.9791,0
1948.486,302.0829,0
6081.615,174.6287,1
2109.113,296.3369,0
6448.927,234.0254,1
5819.582,276.9087,1
5685.932,293.8008,1
5883.446,167.0188,1
5453.002,277.5662,1
1926.415,329.5472,0
5999.443,202.2302,1
6246.007,322.8237,1
5679.804,332.6025,1
1952.23,277.9622,0
5731.272,199.8708,1
5426.544,319.1436,1
1929.338,356.2686,0
2025.391,317.0265,0
1980.54,340.276,0
6529.601,140.8538,1
5788.39,172.8413,1
2033.652,327.2112,0
6021.196,304.6543,1
5984.553,163.7107,1
5581.658,346.0398,1
6070.403,277.561,1
1953.231,392.0707,0
1961.435,278.1479,0
5809.138,249.3186,1
1871.611,396.8177,0
5907.766,256.647,1
6029.19,131.9749,1
1855.389,319.7984,0
2021.275,371.6108,0
5775.791,229.7886,1
6831.036,190.9961,1
5799.289,162.728,1
5938.541,294.7676,1
1996.062,370.874,0
6513.479,191.0046,1
5910.489,153.6626,1
2103.402,268.4858,0
5022.977,261.696,1
5752.038,188.3704,1
6015.79,184.717,1
1843.421,382.7014,0
5857.198,219.5161,1
5865.779,269.1907,1
6167.181,209.1104,1
5795.022,244.1794,1
5956.859,202.5583,1
1878.292,372.8192,0
1917.828,336.9203,0
5960.041,255.7571,1
5740.119,223.2537,1
1983.955,277.3243,0
1954.536,338.8549,0
5811.493,282.1309,1
6022.126,304.5259,1
5927.849,172.9805,1
1926.843,334.3486,0
1960.137,337.7456,0
1939.917,405.5063,0
2033.156,361.8505,0
1938.311,313.2225,0
5790.23,225.7739,1
1946.25,321.5973,0
2015.048,337.112,0
2043.758,264.5623,0
6550.938,296.1465,1
5903.127,131.4878,1
5774.503,398.9709,1
5922.903,167.4431,1
6108.427,239.3545,1
2077.743,325.3837,0
1916.006,317.7544,0
1938.012,341.1329,0
6159.927,246.5842,1
2001.08,306.7009,0
6174.271,110.3298,1
5691.852,288.8699,1
1966.76,324.8409,0
5823.987,199.7056,1
1826.727,317.8406,0
5669.824,213.5618,1
1955.277,295.5497,0
6026.744,237.104,1
1928.892,285.546,0
6479.042,212.7073,1
6033.362,196.2144,1
5978.94,195.949,1
1960.623,243.6805,0
5622.049,300.9836,1
5785.584,255.4724,1
1995.361,333.7814,0
5830.168,296.1194,1
1938.381,375.4675,0
1991.626,257.6655,0
1951.835,286.1594,0
2081.597,361.9188,0
1824.2,376.3154,0
6238.297,327.9153,1
1834.245,440.0477,0
1995.077,281.4775,0
1904.882,323.4221,0
5409.087,301.2893,1
5872.31,274.0542,1
5949.131,115.1897,1
5841.929,171.5605,1
5851.834,212.6477,1
1944.563,407.5388,0
1926.656,329.1188,0
2058.413,239.5536,0
6075.464,270.3181,1
1931.905,352.4435,0
1937.562,295.0746,0
5606.457,276.2034,1
6033.132,239.9543,1
1822.932,397.5533,0
5733.53,208.125,1
5923.019,174.2668,1
6035.899,183.8237,1
5904.068,155.2813,1
1931.159,332.8984,0
5081.238,260.5935,1
5983.195,154.7607,1
5900.046,207.9771,1
5892.188,246.8586,1
1901.601,387.3762,0
1941.748,381.5037,0
6084.371,114.5522,1
5853.768,179.1306,1
1994.849,336.6926,0
5760.822,185.6907,1
2019.373,373.246,0
1984.647,398.127,0
1959.643,391.9862,0
5800.167,281.8938,1
6061.882,221.9355,1
6145.515,216.0044,1
6080.438,215.1794,1
6055.949,237.5513,1
5144.709,307.2314,1
5927.426,224.9277,1
1823.265,304.1108,0
1775.774,408.9058,0
6242.429,211.5618,1
1920.696,324.3298,0
6197.572,204.5583,1
5978.834,298.1882,1
5908.64,231.3855,1
1923.805,350.2769,0
2014.07,323.2529,0
1895.602,389.5401,0
5880.368,120.354,1
1891.398,363.004,0
1940.247,365.7791,0
1943.846,373.9152,0
6147.57,180.915,1
1968.303,292.6082,0
2062.64,338.1819,0
6247.403,216.063,1
6018.068,220.0713,1
6181.355,111.0249,1
5349.557,294.4597,1
1905.013,339.8826,0
5779.267,167.8799,1
6208.6,346.8457,1
6031.423,239.7949,1
5817.259,298.3638,1
6384.833,338.5173,1
5806.513,286.9429,1
5951.5,190.2288,1
1963.49,340.0087,0
5885.936,298.916,1
6140.428,321.0571,1
1889.72,408.8188,0
1997.737,346.613,0
5935.728,226.2761,1
5554.806,185.9543,1
6504.415,202.2002,1
5796.809,273.6519,1
5842.669,156.2793,1
5786.15,194.4592,1
6269.899,162.0454,1
5867.597,349.26,1
2063.27,248.3145,0
5061.133,272.6956,1
5716.192,231.4966,1
1957.398,345.5693,0
1993.585,335.0865,0
2045.017,257.2302,0
5318.574,333.1223,1
1927.611,296.6435,0
6040.161,108.3506,1
5959.397,225.8105,1
5514.697,323.9602,1
1990.268,253.0858,0
1896.619,335.0714,0
1986.868,323.865,0
1897.688,332.7311,0
1971.92,387.2449,0
1938.905,294.0232,0
6105.086,203.1982,1
5824.917,281.7866,1
6082.452,159.7766,1
2085.674,292.1731,0
5915.57,182.0161,1
6001.186,163.9863,1
5679.128,239.9517,1
1884.044,369.0833,0
5619.278,256.4888,1
5747.613,169.6646,1
5697.768,197.5276,1
6897.978,247.8435,1
6283.733,258.5408,1
1922.434,311.7276,0
6072.35,207.9492,1
1921.927,301.0229,0
1886.309,337.6849,0
5796.579,218.6072,1
6031.546,252.8311,1
1949.063,315.4228,0
6078.841,275.8794,1
5767.804,269.7388,1
1924.918,366.7611,0
5943.148,201.0459,1
1922.034,317.8545,0
1927.908,368.7734,0
5335.422,267.9619,1
1878.89,312.8422,0
5740.426,204.2783,1
2049.81,298.2068,0
5941.956,146.7654,1
5783.121,316.5293,1
2022.151,333.3477,0
5727.282,201.8552,1
5867.59,237.9375,1
1973.798,344.5694,0
6024.942,170.6045,1
1966.796,306.9796,0
6051.901,266.9749,1
5604.327,285.436,1
1808.373,381.2469,0
5753.618,67.57349,1
2038.267,283.1992,0
5730.708,379.2397,1
5864.799,302.7637,1
6127.511,258.8174,1
1994.999,368.6395,0
2029.064,300.9478,0
1964.657,348.0326,0
5917.42,221.3149,1
6084.2,252.3376,1
2003.181,323.7093,0
6097.559,203.7095,1
6259.761,169.4785,1
5932.136,166.5227,1
1996.689,326.7059,0
5285.852,334.4487,1
5123.861,318.6794,1
2068.784,310.4723,0
5718.746,245.1594,1
5163.925,301.0591,1
5594.931,371.5686,1
1962.416,379.3834,0
6306.319,299.3894,1
6071.23,183.1729,1
5858.479,271.9456,1
6210.842,276.2039,1
1937.895,278.113,0
5815.718,278.4839,1
5931.298,201.7144,1
5923.386,210.5317,1
5742.078,205.6436,1
5856.205,151.7065,1
2051.624,313.3818,0
2079.563,290.9037,0
2063.953,362.983,0
1921.824,390.4451,0
5369.863,112.8289,1
1973.659,358.7695,0
1983.426,325.9008,0
2003.612,376.7514,0
5958.435,280.5125,1
1937.342,353.5652,0
1988.565,377.4673,0
1919.811,367.1113,0
2024.575,360.8108,0
2029.815,354.2467,0
5878.853,158.426,1
5849.961,265.5881,1
5869.979,166.6587,1
5933.865,171.7686,1
6175.014,233.783,1
5865.941,217.0781,1
1992.679,346.4225,0
6262.18,190.1484,1
5879.681,227.6172,1
1827.54,312.2256,0
5705.87,182.686,1
5833.914,230.5222,1
6006.383,106.1514,1
1892.477,290.4774,0
1987.732,265.163,0
5970.709,225.175,1
1918.772,331.4917,0
5915.228,229.7905,1
1912.256,353.5301,0
1927.975,355.92,0
5928.08,244.4036,1
5772.511,165.0024,1
1905.353,331.4177,0
5885.982,188.052,1
2105.693,312.4087,0
5932.947,188.741,1
6086.06,189.9785,1
1981.215,376.4143,0
5824.058,267.2307,1
5435.919,200.8875,1
6228.111,272.6414,1
1943.573,268.8835,0
5511.8,338.5874,1
2072.807,337.4344,0
5910.76,207.7722,1
1964.308,415.5967,0
1970.948,384.3295,0
1978.78,338.1643,0
5864.006,234.8374,1
5887.603,248.157,1
2043.3,259.4924,0
5967.118,162.4526,1
2062.76,298.03,0
5488.419,188.3989,1
5726.667,275.3218,1
2018.087,337.7271,0
2045.396,270.661,0
1976.103,380.1613,0
1934.269,284.9432,0
1882.548,391.3814,0
5925.423,292.3181,1
1957.202,301.8401,0
5825.489,163.6482,1
6190.861,160.1487,1
5793.257,210.9299,1
6514.539,266.8569,1
5442.608,424.6953,1
5800.085,152.8738,1
1950.003,380.0811,0
1942.07,374.0914,0
5665.74,227.6548,1
6163.246,200.0522,1
1933.545,397.9908,0
6248.257,220.9558,1
2079.254,320.074,0
5672.552,240.9456,1
5762.629,238.592,1
5941.795,231.0703,1
1953.887,264.5511,0
1941.082,357.2717,0
5839.579,250.1394,1
6133.959,305.0972,1
2071.203,385.2036,0
5835.784,237.8203,1
2031.221,345.6442,0
5930.274,183.0066,1
1963.91,333.962,0
1907.352,346.2047,0
1931.614,354.8448,0
5692.417,233.7241,1
5683.233,260.5002,1
5717.898,181.5137,1
2092.102,255.9032,0
2121.957,270.2223,0
1923.47,303.1129,0
5887.824,213.4253,1
1933.618,337.0659,0
6063.549,78.26685,1
1905.487,308.0256,0
1916.324,276.4298,0
5831.606,255.9402,1
1961.059,310.1074,0
5876.602,260.0898,1
1915.476,375.8807,0
1951.994,373.3099,0
2027.425,327.3263,0
5663.739,315.8025,1
1940.42,325.7858,0
1892.946,370.9001,0
5852.713,295.6982,1
6261.327,214.7197,1
1885.936,419.3834,0
5922.475,262.0691,1
6031.823,300.6128,1
5553.347,202.3416,1
1962.859,304.1379,0
1889.599,360.9813,0
6014.263,206.4688,1
1892.288,326.4595,0
5823.108,207.0674,1
1898.668,433.1883,0
6853.167,277.0771,1
6194.778,78.53198,1
1900.791,403.5848,0
5933.6,202.3589,1
1969.296,303.8523,0
6010.381,295.6345,1
2023.819,310.8199,0
2104.806,323.762,0
1950.86,379.0229,0
5458.991,274.9229,1
2035.592,276.3199,0
2005.219,287.4399,0
6084.691,221.7878,1
6162.642,169.3818,1
1959.141,321.1827,0
1797.52,390.7309,0
5846.83,189.4958,1
1937.704,320.2436,0
5487.49,144.1797,1
2005.576,347.9155,0
5673.055,193.8833,1
1978.776,295.7796,0
5996.19,245.5347,1
1914.289,291.4914,0
6139.59,314.4707,1
1889.101,336.3131,0
6175.286,146.6604,1
6282.033,240.6345,1
5809.532,141.3054,1
5825.188,137.0735,1
1893.235,391.4348,0
5639.981,237.7366,1
1961.399,291.6059,0
5996.341,179.6611,1
6197.399,125.4197,1
6154.785,167.0962,1
5671.235,183.6628,1
5851.92,182.4919,1
5995.191,208.6653,1
5919.645,169.9424,1
5865.355,138.354,1
5867.02,110.084,1
1872.629,354.8794,0
5853.911,200.0881,1
5875.376,186.7478,1
6043.946,203.0073,1
5579.815,188.2493,1
2018.31,280.7663,0
6053.19,303.2268,1
6005.206,231.4868,1
6008.616,240.3997,1
2103.317,359.7611,0
5996.202,143.9426,1
1858.905,342.1893,0
1934.05,349.1705,0
5985.185,245.6887,1
1938.337,291.62,0
5720.33,103.7864,1
5698.104,244.7493,1
5773.322,160.6941,1
5519.528,183.6719,1
1994.871,289.7045,0
1889.401,391.4937,0
5776.355,212.8179,1
1890.837,321.4625,0
5865.837,225.9004,1
1840.644,327.4921,0
6026.171,204.7659,1
5735.225,160.7214,1
1957.475,363.506,0
1887.909,360.5989,0
5865.485,308.9648,1
5835.726,227.2888,1
1991.614,336.4562,0
5553.369,273.1919,1
6045.682,234.9597,1
5985.854,227.9287,1
5989.13,175.6799,1
5805.333,199.5801,1
5949.443,241.1257,1
1916.094,358.5334,0
1865.912,364.0744,0
5820.448,212.2251,1
5624.123,194.5662,1
6193.313,184.4775,1
1916.624,367.2909,0
6435.598,-38.17236,1
2012.853,266.6168,0
1891.914,323.1771,0
5564.351,274.4587,1
7114.617,139.2144,1
1994.834,375.5754,0
6439.529,162.478,1
1989.359,294.8009,0
6033.927,293.8003,1
5777.376,119.4075,1
5718.014,330.3774,1
5824.066,154.2224,1
5874.176,152.8601,1
6053.119,271.4978,1
5815.837,276.9287,1
5793.199,278.3035,1
6409.197,211.9421,1
1990.977,258.8486,0
5930.332,202.8835,1
5451.264,220.7578,1
1980.306,337.8895,0
5776.289,245.1194,1
5997.761,227.543,1
5982.652,125.5842,1
6287.583,232.9287,1
2002.959,313.5651,0
6052.934,157.4617,1
5747.822,200.439,1
1914.031,398.825,0
2058.674,282.8062,0
1926.41,297.6771,0
1996.93,261.9037,0
1942.709,303.136,0
5899.687,323.2346,1
1962.494,345.2081,0
1951.702,332.8695,0
1911.196,365.6239,0
1816.764,435.1741,0
5932.593,229.7295,1
6176.123,264.5986,1
1887.818,362.767,0
1890.912,404.1815,0
5302.03,206.6909,1
5802.629,235.5557,1
2030.345,323.5474,0
1975.838,224.9768,0
5881.18,260.625,1
6160.292,208.6873,1
5840.587,200.0405,1
5905.857,313.7625,1
1822.87,277.2531,0
1925.885,351.0269,0
5784.481,215.8716,1
5723.023,285.1597,1
6006.71,231.8518,1
5588.566,277.552,1
6203.001,320.5073,1
5832.232,190.4988,1
1954.152,335.2786,0
2020.618,297.2832,0
5932.688,190.5068,1
5671.045,278.4998,1
5850.328,255.321,1
5277.528,290.918,1
2002.413,346.2206,0
5609.4,295.1689,1
5815.907,155.1836,1
1991.571,255.1617,0
5876.099,211.6016,1
5643.726,233.4663,1
5682.624,127.5803,1
5824.221,147.3914,1
6148.03,383.1948,1
1969.861,359.4558,0
2043.276,257.8833,0
1934.675,360.9465,0
6078.085,228.0334,1
5835.637,72.86377,1
5726.571,191.5083,1
6109.846,197.1475,1
5823.537,261.2048,1
1948.389,305.0223,0
1929.297,383.1105,0
6511.303,224.324,1
5103.917,155.8379,1
5723.496,149.2859,1
6114.542,263.813,1
5906.07,197.6323,1
1939.813,311.0309,0
5607.667,230.449,1
1890.282,332.0474,0
5656.207,257.4875,1
1997.515,299.8489,0
6030.431,220.7209,1
5647.474,350.0081,1
5568.516,276.8044,1
1946.727,358.5197,0
5706.37,207.0134,1
5626.081,174.2664,1
1896.718,338.525,0
5952.932,206.5212,1
5706.9,299.7278,1
2015.553,328.5998,0
5745.496,230.5164,1
1919.186,300.4421,0
5875.988,208.3696,1
2012.583,312.1606,0
6063.512,241.6929,1
6384.742,272.0193,1
6054.036,238.8032,1
1955.176,314.9412,0
5680.127,343.7656,1
6051.828,195.4292,1
2029.346,286.8713,0
1874.816,349.4064,0
2060.235,192.3561,0
6071.085,257.4277,1
2035.949,343.1436,0
5960.582,259.2146,1
1885.168,306.7516,0
5921.869,205.9758,1
5538.87,207.0835,1
1871.47,380.6526,0
6076.659,284.5361,1
1930.031,331.5691,0
5888.755,281.4272,1
1862.716,339.7521,0
5677.55,257.7405,1
6821.545,202.6729,1
1955.147,331.3184,0
6349.183,207.824,1
5868.126,232.9124,1
5960.251,196.3733,1
1964.555,321.5091,0
5970.134,120.4236,1
5830.244,223.1663,1
2030.174,313.9352,0
2028.415,333.1636,0
5994.88,170.6379,1
5914.536,275.9265,1
5807.431,222.5759,1
6017.68,369.1433,1
5795.904,161.8711,1
5936.122,189.8972,1
1920.349,316.9478,0
5563.688,294.6047,1
5789.407,174.2717,1
2060.353,338.6243,0
1839.14,408.4286,0
5705.254,244.6365,1
5975.603,323.1951,1
2070.362,426.4587,0
1930.936,308.7327,0
1862.155,356.0837,0
6266.099,91.74023,1
1916.454,315.8297,0
5825.76,172.9717,1
1898.057,346.2468,0
5834.685,220.042,1
5682.963,275.4526,1
1974.802,313.3194,0
6000.519,258.8574,1
5637.447,125.3977,1
1938.203,314.9833,0
1948.722,373.6701,0
2031.145,328.9426,0
1957.106,339.0226,0
5548.918,235.0942,1
1970.551,323.2488,0
2039.188,243.5381,0
1961.258,319.18,0
5591.791,269.5623,1
5791.22,145.2458,1
1986.369,303.7951,0
1913.531,404.5147,0
6273.728,155.1597,1
5811.021,156.4788,1
1970.831,311.8005,0
1954.015,316.1046,0
5996.35,199.146,1
5863.457,193.4282,1
5881.285,308.4075,1
6106.168,179.5662,1
5812.965,253.7051,1
2006.426,291.0693,0
1959.861,376.0424,0
5710.103,196.3408,1
1860.825,290.4077,0
1941.562,354.3506,0
1999.696,336.5404,0
5841.059,271.7632,1
1988.578,372.2222,0
5961.792,49.30273,1
5933.72,241.6182,1
5676.115,114.9685,1
5259.672,300.8708,1
6024.804,318.2886,1
1988.488,317.3495,0
1984.998,352.2917,0
6099.781,278.3408,1
1928.326,326.4091,0
1924.144,314.6671,0
1933.965,389.1668,0
6072.732,237.6863,1
5660.087,324.1995,1
1973.245,334.4074,0
1978.7,262.8727,0
1917.637,371.6116,0
5732.722,226.6709,1
1855.594,392.2986,0
6012.964,241.0757,1
1870.173,387.6016,0
5893.885,307.938,1
6032.403,108.7312,1
5543.697,288.3652,1
5910.258,164.4973,1
5776.497,221.6003,1
1969.243,325.3405,0
2014.45,337.8188,0
6117.774,209.6609,1
1882.775,346.9825,0
1957.644,393.8065,0
2018.47,322.6105,0
5633.496,206.0925,1
5158.831,201.3367,1
6119.686,304.2544,1
1863.899,349.8465,0
6085.184,206.4512,1
6271.482,293.8174,1
1977.56,338.7505,0
5698.844,299.3215,1
1972.183,357.7858,0
1946.238,384.5319,0
5873.957,188.0073,1
2045.174,288.4725,0
6003.707,237.137,1
5719.842,297.2422,1
1909.53,344.577,0
5335.345,232.1506,1
1819.707,273.4548,0
5857.122,222.8364,1
6012.515,247.6399,1
6167.746,358.8147,1
1999.174,370.9983,0
5848.212,128.0603,1
5238.074,279.929,1
6415.058,132.7363,1
2028.529,306.2017,0
1907.617,348.4999,0
2127.216,265.6108,0
5946.318,64.79395,1
5864.259,141.3081,1
1978.888,310.4713,0
5370.917,316.6555,1
5877.025,117.4133,1
5757.839,199.011,1
5807.468,305.6384,1
5890.291,217.3315,1
5669.62,224.9285,1
2009.914,348.5469,0
5815.422,218.7427,1
5634.485,207.1033,1
6009.928,252.3042,1
4581.232,368.6252,1
6430.337,207.5566,1
1870.624,373.5751,0
1987.959,333.6204,0
6184.223,231.6377,1
1928.01,248.1127,0
2119.421,459.1812,0
1980.721,342.6038,0
1952.301,300.3857,0
5884.978,148.0039,1
1877.289,354.1258,0
5707.021,214.0769,1
1993.901,306.923,0
5936.773,350.3467,1
5493.776,181.5564,1
1930.836,353.0402,0
1934.044,369.9341,0
5031.711,309.6699,1
6197.577,161.7141,1
6208.872,196.5515,1
1999.172,307.255,0
6840.989,240.6494,1
1940.636,285.965,0
6168.022,278.9673,1
5769.489,325.0991,1
5861.197,221.7209,1
6028.558,132.1179,1
5927.284,259.7864,1
5336.712,270.6682,1
5698.472,205.8127,1
5697.569,253.9871,1
5940.638,156.9858,1
1922.065,256.0024,0
5851.419,199.9802,1
1916.197,379.7372,0
5870.606,324.4316,1
5892.556,192.5586,1
2002.855,310.8077,0
6551.986,282.4612,1
1934.824,351.3644,0
2037.702,345.723,0
1958.093,360.6155,0
1953.942,368.2745,0
5946.14,200.4724,1
5501.567,124.7725,1
6017.686,195.0923,1
6238.806,229.1775,1
1759.194,338.7909,0
6214.136,174.4651,1
5695.911,221.8352,1
2050.124,306.4708,0
5885.688,283.928,1
6142.847,357.9663,1
1857.653,316.7524,0
5534.697,233.1736,1
5763.343,266.0381,1
2003.447,362.769,0
1994.663,305.0936,0
1881.864,304.6808,0
1909.72,354.2072,0
1918.056,342.033,0
5227.109,402.5061,1
2008.371,295.2692,0
1913.921,362.41,0
1881.838,339.9578,0
5768.215,239.0854,1
6038.395,207.1248,1
1961.944,311.9639,0
5799.065,225.7239,1
1880.562,411.6855,0
2039.504,359.4567,0
5799.775,148.2361,1
5964.591,221.332,1
5998.607,228.1545,1
1977.415,354.5084,0
5805.219,236.8826,1
5247.775,344.6169,1
5704.43,191.667,1
1933.644,334.98,0
1969.822,267.4523,0
1966.845,383.3602,0
5855.479,164.5864,1
1998.002,327.4363,0
5660.502,291.6453,1
1885.742,315.3383,0
1897.25,414.5515,0
6060.815,231.9946,1
5936.87,196.6211,1
1973.519,358.9182,0
5699.162,211.6794,1
1959.018,325.0893,0
5836.697,230.9438,1
2042.806,315.6769,0
5655.083,168.2869,1
2032.495,357.6012,0
2047.228,253.6056,0
6101.089,235.0862,1
5825.283,209.8127,1
5541.938,265.6943,1
5882.092,154.1177,1
6071.56,195.6917,1
5845.965,113.6841,1
5804.541,190.3484,1
1935.542,363.5556,0
1948.57,257.7731,0
1969.107,286.3779,0
5818.692,230.8123,1
5444.365,234.4507,1
1986.936,268.0823,0
1995.594,352.6375,0
2084.069,406.3901,0
1991.605,369.8867,0
5802.167,292.1172,1
5648.373,201.2322,1
5683.913,184.3479,1
1836.086,320.9927,0
5909.472,130.1643,1
5881.17,329.1235,1
6352.949,203.8521,1
1948.716,358.7553,0
1965.718,327.3812,0
5645.917,243.061,1
5882.595,218.8831,1
5682.868,228.4402,1
6085.497,202.5049,1
5372.978,235.7539,1
5945.318,185.5952,1
1919.505,313.8085,0
5730.303,192.0425,1
5740.782,231.865,1
5906.179,111.8169,1
2049.257,309.0468,0
1910.788,366.4055,0
2027.837,339.8031,0
5775.149,180.0916,1
5774.569,223.5044,1
2005.829,357.0752,0
1917.824,348.9564,0
5941.417,131.4658,1
1948.85,313.7393,0
5761.728,84.62891,1
5401.936,241.0237,1
5868.526,142.7898,1
1932.353,354.9429,0
5803.985,261.8545,1
5726.91,227.0005,1
5942.323,93.91797,1
5754.1,126.8098,1
1884.853,360.9687,0
6176.099,228.6797,1
5323.202,287.157,1
5762.177,280.1743,1
6121.622,122.1462,1
5894.876,94.24048,1
6007.796,171.198,1
5761.079,123.0703,1
1972.698,267.012,0
5786.864,163.2268,1
1996.154,361.3477,0
1961.745,384.326,0
1852.102,327.5173,0
5729.751,224.01,1
5380.958,289.5957,1
6022.252,191.1257,1
5812.872,245.4663,1
1939.333,298.0208,0
6045.76,220.3926,1
5892.581,216.6057,1
5961.7,241.8965,1
1944.382,293.7139,0
5456.92,289.9871,1
1911.276,409.8965,0
5705.776,272.1909,1
1896.372,336.7729,0
5964.523,277.8257,1
5633.258,189.2205,1
6183.253,247.3359,1
5866.359,191.1289,1
5645.952,221.457,1
5868.321,206.7224,1
6130.799,287.6538,1
2031.264,304.3634,0
2000.706,320.4319,0
5818.035,231.6077,1
1904.964,368.5852,0
1962.664,342.7411,0
6201.988,245.6099,1
1948.07,343.4177,0
5918.146,232.9434,1
5812.491,140.8477,1
6002.995,259.6226,1
2008.748,297.0468,0
1958.467,308.8918,0
5860.567,269.7856,1
5116.43,278.2407,1
5840.958,180.813,1
5818.26,200.9639,1
1921.988,355.9099,0
5721.622,280.3774,1
6062.488,179.4431,1
1918.619,335.9446,0
5615.808,240.6519,1
1905.135,286.4586,0
6244.345,187.8777,1
1820.643,358.4896,0
5944.355,78.32666,1
1879.728,312.5118,0
1963.095,275.9155,0
5736.506,210.106,1
6625.084,192.0942,1
5578.442,224.3789,1
1952.501,321.4919,0
5931.478,249.8665,1
5872.383,304.4734,1
1928.052,318.6851,0
2082.522,279.1755,0
6044.534,176.3721,1
1717.629,249.1241,0
5969.715,81.89087,1
2062.328,351.7682,0
5117.708,245.7805,1
6097.493,224.8513,1
5767.873,187.6011,1
1924.586,364.6083,0
2066.424,261.4141,0
1950.42,288.6033,0
1907.667,399.506,0
1856.371,319.97,0
5958.548,241.2009,1
1966.117,255.7607,0
1941.209,336.1795,0
5862.185,280.9299,1
6127.511,85.60254,1
1891.786,345.4372,0
1974.901,247.5494,0
1980.733,263.8718,0
1953.668,297.72,0
1883.928,317.5775,0
1887.079,400.6643,0
5958.882,259.9229,1
6211.753,74.97974,1
1988.991,334.4669,0
2056.458,398.8108,0
2070.417,290.1313,0
5972.718,238.5374,1
6088.21,263.625,1
5780.368,187.0808,1
1949.68,350.2454,0
5821.269,228.5325,1
1972.945,351.0106,0
6085.483,240.5486,1
1972.922,395.2852,0
2107.567,297.9052,0
2022.979,316.1921,0
2006.439,288.593,0
5816.259,166.6472,1
1994.484,361.2555,0
5855.504,242.2229,1
1930.492,371.4027,0
1942.696,330.645,0
2059.976,297.5659,0
6093.717,97.14087,1
1948.503,326.3776,0
2037.328,297.5729,0
5777.388,276.4788,1
5457.947,179.4846,1
5906.728,153.9072,1
1983.798,297.244,0
1903.158,364.6685,0
1958.497,321.2327,0
2000.226,244.3551,0
1978.955,357.7068,0
5681.904,265.0161,1
1967.271,308.278,0
1944.601,427.8539,0
2015.936,367.5743,0
5540.384,237.1726,1
6560.667,249.1428,1
5340.56,336.7278,1
1929.656,391.7735,0
1880.418,375.0869,0
5507.505,201.5015,1
6057.565,286.9521,1
1920.496,293.8559,0
5802.107,209.9941,1
5735.462,136.1006,1
5997.247,140.2114,1
5964.845,174.9268,1
6019.002,202.8984,1
2029.981,286.0496,0
5506.839,295.7014,1
5898.919,187.6736,1
6072.972,241.177,1
6059.917,143.168,1
1819.963,341.1471,0
5730.839,255.9949,1
5726.355,225.0537,1
5714.678,332.751,1
6079.834,223.26,1
2006.57,358.2038,0
6249.57,283.8274,1
2009.803,317.7983,0
5850.052,169.2368,1
5845.182,150.1697,1
1951.842,335.856,0
1950.34,340.6634,0
5782.716,167.0251,1
1905.251,403.8209,0
1812.466,355.9009,0
6118.611,240.0967,1
1967.403,352.7904,0
2169.599,415.053,0
2001.329,390.2545,0
1985.511,392.1151,0
1999.85,296.864,0
5439.557,300.0862,1
5774.202,300.1819,1
1973.335,381.0089,0
5976.047,206.502,1
5298.485,204.7715,1
5817.292,177.4167,1
5135.667,345.3142,1
5736.417,191.748,1
5862.565,239.9158,1
1916.474,376.9198,0
1983.511,351.8056,0
1870.464,331.0584,0
5658.757,295.1624,1
2079.714,282.7701,0
5918.471,168.4424,1
5875.865,134.9683,1
6043.361,201.0408,1
5179.931,248.3196,1
1820.184,369.5859,0
5838.144,191.8157,1
1911.45,308.6951,0
1874.799,363.9734,0
5447.935,329.2104,1
5528.749,111.0796,1
6205.017,229.7498,1
5730.313,305.3086,1
6214.808,177.7825,1
6547.64,150.7202,1
1923.28,291.9551,0
6106.506,320.5671,1
1874.342,368.2864,0
1974.158,389.2521,0
2076.72,263.874,0
1950.5,258.2311,0
5828.078,223.7563,1
6013.593,133.8203,1
5567.294,232.4619,1
1929.196,311.2294,0
1887.436,304.0542,0
6290.383,228.0793,1
5952.624,288.1062,1
1982.508,354.2449,0
2080.688,373.5046,0
6618.784,250.0088,1
5876.859,202.2791,1
2014.729,307.3259,0
5893.618,203.4688,1
4925.887,327.9495,1
1867.893,368.6101,0
6283.355,263.6943,1
2016.666,237.3753,0
5867.059,194.6191,1
5401.6,294.1934,1
1903.152,376.1318,0
5721.896,191.6177,1
1903.164,333.0078,0
6225.982,193.3398,1
1862.261,314.1357,0
5757.412,177.1436,1
5806.638,263.0195,1
1996.1,339.3607,0
2006.981,330.1265,0
6415.743,191.5098,1
1875.56,346.1084,0
1857.203,337.4498,0
5884.915,221.6826,1
1923.087,339.3662,0
5969.629,225.2834,1
1937.904,340.7911,0
5814.408,282.4719,1
2017.726,359.9421,0
1983.187,251.743,0
5406.474,168.3481,1
5351.121,328.0208,1
6310.945,245.8918,1
2029.698,330.9313,0
2008.401,310.1016,0
2019.941,329.1028,0
1945.294,333.1191,0
2126.501,290.7552,0
1938.781,317.8329,0
6107.964,263.2302,1
6005.832,243.8628,1
6433.898,294.2107,1
6065.867,206.7512,1
1774.349,336.6041,0
1965.857,369.2106,0
2163.56,316.3125,0
1755.562,391.7099,0
1983.362,339.1329,0
2076.277,309.6342,0
1923.804,337.2462,0
5935.564,251.3411,1
5441.116,180.4365,1
1869.935,426.0479,0
1824.159,345.1025,0
1888.896,350.0657,0
6122.394,213.2581,1
1931.839,266.7376,0
2027.62,316.7806,0
6211.576,166.4653,1
5488.967,222.9951,1
5172.456,181.0935,1
2014.388,323.0981,0
5827.526,240.9155,1
1948.954,323.6649,0
5701.591,216.4541,1
5836.976,255.6104,1
6374.155,225.0356,1
1927.636,309.6433,0
6480.647,150.0454,1
5504.838,239.5713,1
1917.235,403.6164,0
6204.455,335.2278,1
1949.63,376.7607,0
5708.13,349.4695,1
1946.089,358.4744,0
6249.902,253.0444,1
5760.121,299.7361,1
6273.693,142.5015,1
5628.068,181.5757,1
5592.612,218.9172,1
6038.083,221.9448,1
1990.869,331.9275,0
1910.274,338.658,0
5918.26,287.168,1
1960.74,339.3231,0
1837.05,337.1398,0
5706.959,226.7166,1
5787.435,190.009,1
1951.55,323.8205,0
2018.654,276.4221,0
1994.628,381.8072,0
6100.254,187.3447,1
1942.562,307.2816,0
1907.358,351.934,0
6064.693,127.5652,1
2083.467,294.2688,0
5762.003,147.9001,1
1957.356,305.9515,0
5591.373,259.907,1
5717.3,176.876,1
1885.884,384.3479,0
2035.651,386.7914,0
6204.248,191.4238,1
1938.815,322.0077,0
1921.41,342.4818,0
2004.573,343.972,0
5508.662,143.1912,1
1876.361,2758.0,
6231.771,184.6338,1
5873.317,83.64771,1
1982.276,331.8708,0
2013.079,306.0916,0
5396.419,151.4456,1
1908.338,366.7094,0
5808.137,221.1174,1
2058.971,262.5599,0
1902.163,324.0659,0
5919.984,151.6509,1
1824.811,390.3344,0
2017.992,384.4303,0
2014.655,399.7704,0
5352.559,170.6682,1
2054.021,326.2705,0
5763.731,243.084,1
5829.633,300.4771,1
2060.438,301.7493,0
5813.119,220.3591,1
1859.686,391.6607,0
2089.126,380.1702,0
1950.872,324.1785,0
1979.881,312.9816,0
1993.085,351.3448,0
1875.634,380.1127,0
1921.238,342.0139,0
5777.126,232.2468,1
5785.264,350.7793,1
5888.064,218.5093,1
5380.483,223.3701,1
5701.152,202.6431,1
6188.11,265.2317,1
1987.219,333.4704,0
2063.788,352.1591,0
2036.042,348.2736,0
1935.305,332.6154,0
5917.981,307.188,1
1865.645,378.2716,0
1972.881,260.2194,0
2126.122,302.1429,0
1869.876,402.2401,0
5625.165,276.0342,1
6307.173,206.8879,1
5459.408,286.0872,1
1927.692,367.7057,0
1928.956,361.364,0
1917.419,288.77,0
6132.368,191.4033,1
1975.363,308.0002,0
6099.176,203.6663,1
1952.746,347.4003,0
5824.45,194.7068,1
2029.749,281.9216,0
1965.997,338.9225,0
5762.67,251.2571,1
5388.681,338.1406,1
6140.116,216.2903,1
6505.485,131.9504,1
2008.365,301.9839,0
5745.965,280.0476,1
1908.606,322.9849,0
5940.617,247.5918,1
5776.384,157.2712,1
2083.455,404.3481,0
5171.972,259.4595,1
1897.05,359.6067,0
5860.019,205.3208,1
6091.178,253.8423,1
2045.252,240.3173,0
1983.805,388.1206,0
5662.891,143.6755,1
5841.405,245.3958,1
6547.848,252.2297,1
2021.002,334.8346,0
1886.87,413.9269,0
5999.351,293.8242,1
5744.722,331.7891,1
5766.792,121.0227,1
1931.111,322.6589,0
5276.287,217.241,1
2019.879,330.7156,0
6233.737,290.8242,1
6026.666,210.4705,1
1960.409,316.3248,0
5282.883,95.76196,1
1806.345,404.0356,0
1956.471,368.1406,0
1897.403,350.0395,0
5991.491,231.72,1
1867.083,283.3323,0
5507.409,305.7695,1
5912.796,143.1724,1
5634.334,114.8574,1
5647.296,318.7612,1
1993.294,278.5535,0
5484.009,220.5295,1
2156.965,367.2732,0
5895.307,166.2539,1
1990.272,364.7889,0
5362.808,153.9705,1
1910.451,335.5643,0
5666.255,6765.1,
6450.459,219.6609,1
5484.107,167.1565,1
6274.095,309.0288,1
5769.042,120.4336,1
5628.181,185.7649,1
1931.166,352.9764,0
5958.832,257.605,1
6562.91,177.9365,1
1715.614,315.3034,0
1854.542,318.9172,0
6448.435,250.1101,1
1837.094,368.9132,0
1862.051,405.4044,0
5487.22,279.575,1
5939.567,280.4824,1
1827.459,348.1458,0
5610.764,254.3918,1
5409.772,222.2825,1
1990.163,334.5845,0
1920.377,296.1411,0
5405.379,193.4363,1
1964.446,292.5631,0
1919.017,379.5959,0
1996.569,264.7933,0
1950.606,379.6855,0
5672.775,190.554,1
6084.679,278.7297,1
6009.675,225.7422,1
1973.881,379.9719,0
6131.309,159.7666,1
5650.311,247.8022,1
5760.862,197.2275,1
1929.23,306.4351,0
6093.561,234.3567,1
6134.443,138.6523,1
1813.293,357.4395,0
5595.468,288.3386,1
5261.508,283.8845,1
1910.792,342.5118,0
1989.792,391.3752,0
6039.367,192.5967,1
5678.059,328.717,1
1905.66,316.9329,0
1844.677,299.1277,0
5621.606,187.573,1
1910.183,353.9807,0
1969.957,338.8171,0
1878.756,408.8123,0
5672.33,206.5566,1
5852.984,289.1169,1
5595.751,296.0952,1
6112.056,272.1626,1
5333.315,174.4609,1
1918.692,355.7439,0
6259.594,166.3931,1
5198.673,248.8115,1
5910.176,328.6855,1
1979.026,366.0861,0
5280.02,248.8901,1
1742.371,371.2086,0
5528.798,252.7354,1
5412.132,155.8804,1
6177.941,43.14819,1
6142.447,217.2996,1
5472.728,214.125,1
5593.76,274.2183,1
1977.418,342.3826,0
1884.076,368.796,0
6013.265,188.3005,1
1939.885,350.7372,0
1944.75,332.7834,0
1899.942,311.4159,0
1957.605,289.3355,0
2006.049,341.2797,0
1912.167,366.1566,0
5398.979,117.0442,1
1902.042,223.5183,0
5342.675,167.1768,1
2008.989,342.014,0
1891.692,326.9851,0
1978.922,359.2729,0
1911.161,303.9391,0
5855.325,164.0991,1
1877.086,350.0745,0
5270.645,280.2107,1
2017.16,319.8149,0
5644.136,99.66675,1
1973.761,321.8485,0
1930.104,359.2287,0
1867.661,385.1933,0
1825.72,330.9335,0
5453.524,121.4021,1
5575.976,265.364,1
4754.062,339.3596,1
1949.151,338.2856,0
1962.118,381.9509,0
1860.084,357.564,0
1881.839,281.1475,0
2110.075,419.1378,0
5349.893,119.6775,1
1861.667,361.1547,0
2008.519,348.3046,0
6403.703,279.4468,1
1800.249,435.1616,0
1969.358,340.4987,0
6551.306,269.0239,1
5994.373,317.7046,1
6182.344,158.033,1
5927.946,239.6736,1
6269.569,245.8335,1
1900.944,343.2927,0
1970.857,427.6331,0
1976.348,356.1865,0
1991.551,352.1835,0
6334.482,209.1328,1
2009.543,342.2553,0
5819.15,343.7524,1
1940.338,339.8271,0
5383.722,269.6301,1
1889.593,373.9316,0
5535.545,182.8083,1
5753.146,280.5901,1
6462.052,98.53638,1
1948.269,298.7179,0
1968.547,327.5287,0
5781.534,278.9192,1
5643.269,239.5454,1
1824.94,335.848,0
1934.138,275.3157,0
1914.56,356.3893,0
5991.216,171.1738,1
5472.501,234.0176,1
1944.049,240.7802,0
5509.146,142.2751,1
6087.655,167.0146,1
6032.446,283.9744,1
5911.499,187.0156,1
1908.736,308.5208,0
1952.191,334.9243,0
1952.322,339.4366,0
2844.35,357.0508,0
1975.063,315.3151,0
5789.545,115.0293,1
1799.963,355.3661,0
1958.351,450.7962,0
5792.257,218.9683,1
5383.163,249.9565,1
1910.662,328.024,0
1763.245,342.9183,0
5914.854,141.6316,1
5342.695,248.2373,1
2043.573,290.292,0
6426.412,211.4749,1
6231.252,199.4175,1
5410.38,268.4387,1
5902.874,189.5381,1
1915.668,352.9222,0
5519.856,151.9663,1
1941.562,315.7351,0
5611.901,247.4473,1
1955.885,294.3127,0
1918.095,373.3624,0
5384.217,229.3018,1
1922.741,379.0496,0
6243.806,184.2417,1
6347.719,125.7632,1
2167.181,376.4263,0
5944.806,210.3416,1
5915.996,215.2319,1
5675.062,88.91553,1
1880.642,326.6203,0
5797.701,224.1589,1
2007.879,291.1534,0
5872.463,117.6458,1
5516.396,278.0208,1
2032.851,348.5105,0
1976.512,303.3959,0
5292.685,181.2327,1
1897.129,306.5048,0
5396.516,166.113,1
5872.578,120.6292,1
5786.165,227.6042,1
1913.186,334.2018,0
5185.489,203.3477,1
5492.377,327.3828,1
5431.031,239.7961,1
5803.157,127.6943,1
6341.242,222.9517,1
1855.505,355.0421,0
1760.511,353.7093,0
5386.569,139.8142,1
5743.83,201.9141,1
1889.61,427.276,0
5986.171,124.2773,1
2218.992,385.0231,0
6194.592,139.1699,1
1908.321,286.1547,0
6012.221,156.3054,1
5987.503,162.5662,1
1975.05,370.3511,0
4769.766,303.2581,1
5377.584,219.3486,1
5798.451,148.0417,1
5842.349,307.3694,1
5403.945,228.5007,1
5341.939,166.8352,1
5705.713,237.5623,1
6093.211,315.834,1
4954.587,264.8853,1
5459.614,232.6096,1
5950.324,261.3416,1
5957.733,245.6157,1
5531.802,305.7283,1
1817.753,377.5488,0
2008.74,309.5667,0
1694.774,409.0328,0
5258.639,236.884,1
1925.277,276.8107,0
5793.748,260.3914,1
5606.551,153.4321,1
1812.807,397.6008,0
1841.03,427.9377,0
6200.384,184.3911,1
5366.863,184.3066,1
5777.13,157.0667,1
1975.191,364.0486,0
1917.596,302.5005,0
5700.952,222.6213,1
5287.749,233.2268,1
5687.423,305.7793,1
5184.855,170.8828,1
6284.431,256.0293,1
5789.527,181.8074,1
5879.972,311.2493,1
5679.102,216.2896,1
1889.822,295.5283,0
1873.778,435.7911,0
6081.021,166.3398,1
5690.318,102.489,1
2026.948,285.1685,0
6230.224,132.5737,1
5488.182,335.679,1
1861.879,345.3052,0
6052.253,219.4275,1
1945.729,350.0575,0
5292.809,229.0308,1
5902.986,166.782,1
1950.78,253.7444,0
1940.795,372.698,0
5389.094,114.3684,1
5621.031,287.1179,1
1905.405,340.4358,0
5567.52,243.0566,1
1980.723,297.926,0
1798.713,360.2213,0
1994.712,306.8011,0
6305.587,241.9036,1
1865.463,429.2949,0
1925.898,301.5462,0
1983.613,319.5891,0
5731.419,224.425,1
6228.026,356.583,1
1878.637,388.5576,0
1895.59,371.1952,0
1936.72,356.2029,0
1975.179,367.3785,0
1857.526,309.6979,0
5609.983,294.8418,1
5418.292,305.8149,1
1943.304,346.4132,0
6090.271,139.2312,1
5497.605,151.5906,1
1967.887,307.7508,0
5323.395,152.8271,1
2047.129,344.8136,0
6566.351,262.8374,1
5688.752,213.3333,1
6328.887,170.8267,1
4846.24,175.343,1
1926.681,414.4745,0
6309.914,253.1077,1
1889.002,360.2524,0
2007.409,352.2308,0
5734.734,348.7588,1
5513.369,158.8914,1
1923.953,331.1404,0
5145.088,210.52,1
5728.607,287.8169,1
5400.836,119.5857,1
1900.881,365.3698,0
1978.517,317.6786,0
1883.872,329.1579,0
5135.368,209.8281,1
5357.23,203.0933,1
5563.404,103.7014,1
5993.564,215.8987,1
5894.417,220.5547,1
6192.247,135.5889,1
1908.052,389.0214,0
5626.546,226.5161,1
1802.146,378.2635,0
1907.194,296.6971,0
1957.439,342.9261,0
6198.544,191.3181,1
1909.349,326.1212,0
1878.944,278.0622,0
1920.491,404.967,0
5136.88,233.146,1
5073.827,213.866,1
6034.455,355.3367,1
5105.153,191.27,1
5127.666,315.728,1
5861.651,117.2444,1
6326.64,187.2368,1
5414.939,97.91211,1
5286.371,146.9841,1
5957.686,249.2019,1
5425.328,96.74487,1
1969.238,297.3729,0
1955.239,341.9048,0
1830.372,417.5366,0
6038.178,275.301,1
5512.403,264.2979,1
1926.058,376.5605,0
2026.892,331.1704,0
5580.586,214.8792,1
5685.226,158.6626,1
5842.845,175.0918,1
5958.789,156.9377,1
5373.931,174.7695,1
5687.844,104.1,
6001.824,208.0435,1
5529.998,251.0869,1
1858.167,386.3684,0
5449.553,165.6399,1
1935.411,339.5898,0
5417.982,300.1462,1
5894.445,220.9133,1
6081.617,217.6765,1
5393.631,224.115,1
1865.484,302.7921,0
6381.839,301.5735,1
5224.966,251.4438,1
6320.794,162.3987,1
5477.477,108.7158,1
6237.771,128.1572,1
5923.598,88.05225,1
1897.535,369.5679,0
1896.98,294.1331,0
1842.869,392.126,0
1917.908,324.8728,0
6319.849,134.7649,1
1929.311,332.6824,0
1692.22,345.7264,0
6387.692,247.3904,1
1942.68,334.3516,0
2022.411,315.817,0
5976.887,199.4858,1
1913.084,364.7179,0
6491.313,118.335,1
1920.963,350.9334,0
1831.878,306.1368,0
1969.468,277.2203,0
5628.322,224.688,1
6198.567,223.0203,1
1974.84,353.8712,0
