Target Value of 0 = negative
Target Value of 1 = positive
Target Value of u = unclassified (Advanced Classification Mode)

Ch1Amplitude,Ch2Amplitude,Colper
1236.545,409.7957,0
1236.014,392.0201,0
1252.457,350.4985,0
1141.666,371.1915,0
1240.347,438.6968,0
1225.649,352.8941,0
1199.964,346.2033,0
1197.479,313.3716,0
1246.839,376.568,0
1347.483,398.4558,0
1294.535,344.0971,0
1239.736,398.8395,0
1188.126,380.3972,0
1273.718,371.6912,0
1273.992,375.9611,0
1123.596,389.072,0
1251.989,427.6537,0
1243.522,384.6323,0
1238.252,437.9043,0
1155.791,367.5735,0
1214.436,393.9774,0
1184.102,420.8688,0
1200.018,366.1221,0
1210.196,382.9235,0
1213.726,380.5164,0
1330.158,393.662,0
1294.941,422.1287,0
1174.721,398.6528,0
1163.977,408.1908,0
1221.683,326.0964,0
1302.385,448.5478,0
1223.609,305.5888,0
1292.478,386.8677,0
1178.461,462.8591,0
1233.137,393.6664,0
1334.676,378.0668,0
1286.686,351.3391,0
1282.312,387.2386,0
1247.939,416.1494,0
1248.656,311.782,0
1150.929,385.9882,0
1148.041,429.1948,0
1201.982,435.0179,0
1209.059,413.6893,0
1288.096,385.8071,0
1195.062,431.355,0
1219.142,413.8796,0
1193.257,344.3046,0
1273.147,359.2709,0
1215.35,383.3496,0
1196.186,408.2109,0
1270.205,398.8524,0
1267.974,418.7916,0
1163.769,395.7691,0
1244.165,396.5974,0
1157.835,333.6331,0
1295.094,399.8482,0
1211.342,380.6595,0
1184.365,354.4741,0
1243.153,358.9777,0
1247.839,354.6401,0
1257.302,396.2708,0
1225.54,373.7895,0
1169.983,370.0751,0
1318.974,337.4266,0
1268.611,375.642,0
1318.139,372.0084,0
1219.069,396.4299,0
1250.343,363.1115,0
1236.72,409.1509,0
1234.596,411.0732,0
1165.202,394.6397,0
1205.29,480.0948,0
1141.591,434.4564,0
1261.729,410.7297,0
1297.165,402.9731,0
1188.721,378.1379,0
1212.385,349.7427,0
1222.404,401.6044,0
1285.75,342.3453,0
1204.992,320.0495,0
1196.111,387.8701,0
1174.208,382.3051,0
1297.744,395.9028,0
1181.509,333.3386,0
1267.796,362.476,0
1283.685,412.0934,0
1248.912,314.9204,0
1132.984,290.6203,0
1248.883,370.1533,0
1169.449,428.2416,0
1256.804,378.2992,0
1264.946,391.0384,0
1244.259,391.7219,0
1237.45,388.0309,0
1278.449,421.2726,0
1295.501,418.3141,0
1301.144,330.1554,0
1178.724,347.5442,0
1221.4,334.5737,0
1277.39,396.8353,0
1271.091,379.4674,0
1178.164,375.9717,0
1203.971,333.6517,0
1228.239,400.3353,0
1210.276,347.5026,0
1244.8,372.0841,0
1266.714,332.8765,0
1187.174,406.9731,0
1214.493,374.5372,0
1251.417,392.2068,0
1215.937,309.8826,0
1132.555,438.224,0
1261.88,395.1111,0
1144.362,477.5908,0
1243.092,388.899,0
1219.335,370.2316,0
1246.299,378.642,0
1172.631,347.5878,0
1250.661,367.3033,0
1083.321,328.3213,0
1232.828,365.8947,0
1207.037,353.6476,0
1265.924,353.7297,0
1270.826,412.301,0
1247.531,375.8937,0
1226.754,329.9766,0
1294.529,332.9109,0
1279.708,440.718,0
1168.271,360.0147,0
1273.379,393.462,0
1203.562,398.5669,0
1257.193,418.6948,0
1226.891,375.2629,0
1170.775,399.366,0
1268.793,388.3832,0
1231.809,366.4597,0
1117.43,286.6915,0
1272.824,419.4003,0
1262.893,367.1563,0
1180.469,423.3229,0
1223.867,461.2999,0
1215.4,424.2014,0
1231.201,406.4656,0
1189.133,489.8729,0
1250.779,432.7736,0
1230.019,391.4597,0
1272.102,393.4214,0
1183.013,447.2952,0
1217.358,365.2859,0
1188.101,431.5458,0
1257.819,369.4962,0
1259.764,458.3066,0
1246.028,421.2863,0
1274.551,397.3102,0
1201.015,449.9764,0
1247.313,407.9252,0
1083.162,392.699,0
1190.842,377.9085,0
1240.078,350.315,0
1236.854,428.7216,0
1215.794,414.0592,0
1222.94,375.6044,0
1205.551,376.67,0
1200.187,410.3908,0
1329.82,315.2896,0
1290.604,462.454,0
1248.695,408.4605,0
1175.439,410.5839,0
1220.833,397.473,0
1243.563,363.1457,0
1194.793,419.1585,0
1350.979,401.2058,0
1247.114,404.2411,0
1255.867,360.6332,0
1132.833,307.4008,0
1181.514,345.136,0
1234.295,403.4079,0
1265.466,378.3802,0
1192.673,410.8362,0
1227.789,364.9286,0
1284.321,361.3676,0
1233.35,365.6,0
1202.133,396.777,0
1259.025,404.4767,0
1221.561,424.3366,0
1246.645,407.512,0
1257.804,363.6932,0
1283.986,402.7358,0
1179.67,345.0237,0
1227.965,382.9191,0
1267.956,333.1619,0
1213.663,460.5193,0
1190.658,424.5828,0
1180.462,345.2403,0
1275.626,376.5202,0
1241.311,443.9048,0
1195.589,434.8671,0
1277.739,468.7999,0
1181.733,391.6361,0
1211.02,294.3159,0
1236.082,320.5515,0
1217.909,363.7943,0
1204.552,402.0992,0
1144.256,409.4375,0
1217.171,400.2303,0
1259.266,354.6046,0
1202.831,474.8774,0
1299.119,413.7935,0
1267.144,366.7761,0
1156.837,489.6564,0
1202.808,349.853,0
1249.714,377.9389,0
1249.548,414.1469,0
1321.62,365.1322,0
1223.651,370.9003,0
1276.15,379.3868,0
1202.948,365.7682,0
1239.528,459.0011,0
1227.415,362.1804,0
1190.693,416.4345,0
1183.317,387.3104,0
1256.61,413.6211,0
1158.523,390.8437,0
1159.331,351.4023,0
1272.101,485.1099,0
1200.545,306.4833,0
1242.537,338.4084,0
1287.05,376.8593,0
1213.709,433.9128,0
1189.408,362.3246,0
1280.182,399.6859,0
1272.803,392.4168,0
1246.45,353.5205,0
1199.759,332.5082,0
1182.508,440.6835,0
1231.167,418.5099,0
1188.837,455.3835,0
1153.757,324.3524,0
1203.376,402.0921,0
1241.175,360.6387,0
1206.224,401.5619,0
1231.419,376.4026,0
1228.737,385.7596,0
1244.083,397.1648,0
1131.206,408.5149,0
1189.485,379.2804,0
1222.089,373.3215,0
1149.249,339.5832,0
1244.284,339.7673,0
1258.207,323.6307,0
1264.434,451.7885,0
1285.437,404.5258,0
1244.18,399.0826,0
1239.41,444.881,0
1124.597,350.1161,0
1130.229,394.3046,0
1308.632,407.0334,0
1272.642,422.8562,0
1235.763,339.071,0
1303.557,365.0441,0
1230.7,424.1282,0
1234.054,355.6168,0
1243.031,378.6573,0
1214.844,405.4476,0
1303.261,398.0148,0
1291.419,434.382,0
1304.24,420.4487,0
1209.901,441.6964,0
1275.027,387.2249,0
1249.438,369.1498,0
1172.37,355.1856,0
1239.532,331.3431,0
1193.813,377.8973,0
1226.908,281.0476,0
1222.234,408.6865,0
1260.341,391.6208,0
1225.608,438.6865,0
1229.631,436.6444,0
1256.333,408.1951,0
1230.517,406.6796,0
1194.124,355.8257,0
1239.662,316.8438,0
1298.092,451.1653,0
1283.918,359.8647,0
1254.326,342.9932,0
1295.938,428.8735,0
1177.702,398.5219,0
1201.544,333.4839,0
1267.74,382.047,0
1170.559,355.3404,0
1155.645,437.3719,0
1184.449,400.7624,0
1304.835,349.782,0
1278.045,475.4016,0
1228.081,390.3231,0
1248.889,428.0494,0
1244.828,406.4331,0
1233.902,333.2668,0
1207.988,437.6234,0
1233.27,381.8442,0
1213.418,363.1919,0
1253.285,404.5118,0
1272.721,296.3022,0
1240.963,351.5298,0
1302.58,418.3525,0
1217.052,430.7894,0
1214.122,356.2534,0
1217.091,418.3634,0
1249.006,323.6124,0
1251.579,487.2767,0
1160.222,366.0839,0
1259.896,357.0764,0
1241.355,370.2132,0
1245.334,317.5516,0
1184.045,434.5286,0
1219.053,443.3188,0
1109.974,362.8257,0
1195.535,318.2768,0
1241.431,385.5243,0
1200.068,433.9711,0
1254.161,430.3311,0
1238.858,393.1455,0
1250.728,370.3068,0
1223.517,496.3024,0
1248.051,378.0769,0
1202.786,361.2485,0
1166.407,433.1041,0
1219.661,413.6163,0
1237.851,346.3654,0
1249.463,432.4503,0
1357.368,342.2892,0
1178.888,368.5946,0
1223.396,362.627,0
1153.136,374.7399,0
1256.853,393.7765,0
1194.826,394.6047,0
1173.32,365.6088,0
1330.209,355.8455,0
1299.01,394.6641,0
1120.163,315.7028,0
1307.885,408.2972,0
1236.835,410.8272,0
1172.889,341.5544,0
1259.682,321.3605,0
1302.228,407.5114,0
1271.48,369.941,0
1215.643,385.7422,0
1286.021,335.0374,0
1200.301,420.2753,0
1192.079,382.5444,0
1267.47,390.6299,0
1227.307,433.8142,0
1269.56,468.9205,0
1213.107,331.9752,0
1238.651,426.8489,0
1190.421,413.4425,0
1122.791,418.8388,0
1342.472,413.8701,0
1315.691,348.4371,0
1291.259,383.2186,0
1209.015,374.7763,0
1238.068,364.1179,0
1208.265,393.6476,0
1233.282,389.211,0
1266.146,383.817,0
1249.782,323.9391,0
1236.092,332.2939,0
1232.375,313.8899,0
1250.626,409.0333,0
1230.963,339.1201,0
1234.76,373.0217,0
1249.282,390.7325,0
1190.258,382.2927,0
1330.381,465.8656,0
1298.715,415.8615,0
1228.981,403.3578,0
1218.933,356.9324,0
1091.742,427.3762,0
1292.741,373.6974,0
1187.953,351.7087,0
1213.611,343.2776,0
1259.392,402.5403,0
1208.714,473.0769,0
1188.75,354.9525,0
1263.734,342.0016,0
1223.036,393.5247,0
1225.299,366.3546,0
1269.32,414.0184,0
1214.005,344.1744,0
1239.81,382.9793,0
1278.364,379.8035,0
1229.756,367.5179,0
1299.75,385.3019,0
1241.365,319.0294,0
1318.213,433.9134,0
1274.844,419.1741,0
1254.061,338.2233,0
1308.584,316.0496,0
1208.472,460.2335,0
1199.577,414.4631,0
1245.847,391.9983,0
1287.599,365.5343,0
1232.651,366.3845,0
1195.8,363.6334,0
1211.585,371.5716,0
1276.235,359.9615,0
1194.537,366.8822,0
1207.794,391.8337,0
1138.093,304.8442,0
1264.313,433.5125,0
1218.277,417.4763,0
1178.408,356.5816,0
1245.066,375.6226,0
1254.621,373.3024,0
1198.366,412.9494,0
1223.539,398.8501,0
1194.945,435.0892,0
1274.926,378.5778,0
1168.27,364.5508,0
1277.406,426.9001,0
1277.471,396.8459,0
1243.413,438.7426,0
1131.865,261.2666,0
1306.477,406.2842,0
1199.554,397.0988,0
1178.693,376.6915,0
1272.891,441.7277,0
1233.638,415.9366,0
1245.114,369.2223,0
1197.261,338.4569,0
1156.895,343.651,0
1225.518,354.5702,0
1296.755,334.2581,0
1198.506,402.7978,0
1278.8,372.8326,0
1228.444,346.4456,0
1162.129,303.8343,0
1287.005,345.759,0
1253.264,423.2492,0
1228.094,414.9352,0
1169.311,345.9835,0
1172.784,347.0713,0
1227.167,439.2371,0
1220.686,365.3046,0
1247.035,436.4263,0
1193.763,399.8917,0
1210.552,411.1047,0
1206.82,379.9356,0
1234.877,441.8061,0
1244.715,436.4102,0
1267.482,446.8699,0
1262.905,407.7207,0
1197.01,344.5275,0
1276.255,345.6992,0
1166.593,388.6873,0
1191.964,345.9951,0
1239.189,368.412,0
1184.953,399.8851,0
1179.774,376.7,0
1204.658,422.6379,0
1199.335,397.0713,0
1202.148,444.7863,0
1267.596,404.9457,0
1336.168,351.6403,0
1199.882,430.9607,0
1221.092,370.6301,0
1269.03,411.2233,0
1241.316,398.2516,0
1304.954,436.2914,0
1168.007,387.9945,0
1282.799,398.3152,0
1161.634,371.1543,0
1141.374,388.7242,0
1269.004,367.358,0
1256.116,439.3407,0
1239.585,363.8339,0
1194.421,394.7815,0
1119.771,413.3112,0
1231.667,388.6248,0
1264.97,432.5536,0
1187.807,482.4461,0
1216.294,316.8344,0
1240.263,335.8437,0
1189.851,485.1545,0
1234.608,343.7618,0
1281.187,460.2126,0
1251.09,431.7305,0
1286.35,373.1168,0
1271.062,338.1646,0
1283.68,368.5396,0
1211.209,306.8912,0
1132.39,341.4482,0
1247.751,391.076,0
1211.638,400.6713,0
1235.842,438.3914,0
1298.085,382.129,0
1237.893,428.2941,0
1257.465,372.7704,0
1219.569,370.2911,0
1193.329,398.5996,0
1189.399,360.2361,0
1242.024,339.9263,0
1220.565,303.0359,0
1137.153,357.4139,0
1239.39,355.0732,0
1262.056,389.4572,0
1247.658,441.9853,0
1245.16,376.4984,0
1237.15,423.698,0
1223.511,371.2325,0
1324.056,286.8034,0
1283.669,329.9929,0
1254.817,380.0597,0
1217.504,395.217,0
1178.274,409.9907,0
1268.826,428.603,0
1240.553,395.3347,0
1146.537,369.6824,0
1164.895,324.7766,0
1197.72,425.0594,0
1281.909,402.9973,0
1174.49,450.7189,0
1076.628,344.2739,0
1256.29,428.5774,0
1244.879,401.2103,0
1146.73,321.7232,0
1202.146,339.7613,0
1166.338,389.3192,0
1151.243,331.7191,0
1180.026,333.6277,0
1203.194,315.8079,0
1203.097,342.7031,0
1249.862,424.0995,0
1249.771,365.5513,0
1315.119,391.1382,0
1213.276,329.1623,0
1246.429,357.4424,0
1281.595,350.9871,0
1150.189,324.3551,0
1272.533,324.0349,0
1158.671,325.6089,0
1300.213,424.0609,0
1314.01,361.3843,0
1307.909,371.5539,0
1259.192,423.1583,0
1248.154,312.8729,0
1197.764,362.0356,0
1184.155,469.0847,0
1158.027,365.9144,0
1202.03,410.686,0
1221.074,396.1851,0
1265.559,390.2532,0
1274.302,414.6519,0
1208.701,428.381,0
1243.871,418.6428,0
1272.669,360.2245,0
1234.885,416.5238,0
1223.538,420.9854,0
1236.727,463.5234,0
1313.63,442.6713,0
1175.277,437.2925,0
1232.729,365.5489,0
1223.61,426.7987,0
1192.536,342.6649,0
1209.054,327.6302,0
1281.333,511.3743,0
1211.036,424.6417,0
1251.962,407.621,0
1228.413,322.5828,0
1239.583,362.7709,0
1263.42,375.7628,0
1227.657,389.9818,0
1261.044,437.5511,0
1229.667,415.7784,0
1245.698,387.4943,0
1301.152,446.0125,0
1165.295,312.9211,0
1289.209,396.767,0
1283.187,354.5588,0
1211.555,345.2585,0
1183.402,320.2792,0
1277.707,382.3237,0
1252.081,316.723,0
1248.972,377.7289,0
1257.61,374.9142,0
1250.61,442.5799,0
1252.848,378.6771,0
1209.34,365.0173,0
1210.557,417.6442,0
1292.884,362.3431,0
1192.58,328.6081,0
1153.914,380.3735,0
1272.065,382.2101,0
1246.027,384.19,0
1326.741,320.7841,0
1244.874,470.131,0
1273.979,377.4065,0
1304.253,343.9921,0
1217.637,312.1234,0
1185.227,475.2465,0
1288.024,354.8232,0
1223.604,460.013,0
1276.671,390.0778,0
1207.054,530.5229,0
1297.379,334.5321,0
1195.274,391.601,0
1238.362,421.3172,0
1198.941,436.9458,0
1162.381,356.8454,0
1249.423,403.339,0
1219.472,372.8246,0
1181.521,389.5684,0
1199.133,380.4919,0
1284.716,476.1669,0
1296.386,385.0861,0
1272.388,436.5338,0
1202.993,389.3098,0
1242.692,412.9037,0
1237.543,357.5396,0
1134.505,392.9807,0
1305.772,383.1786,0
1267.067,389.6611,0
1226.658,398.7457,0
1222.405,401.0789,0
1264.472,364.3149,0
1175.164,326.8677,0
1189.091,352.6365,0
1129.955,430.4197,0
1229.417,326.681,0
1300.186,379.4465,0
1238.725,407.21,0
1283.234,358.8963,0
1266.377,398.0923,0
1243.353,348.9807,0
1225.796,343.8122,0
1187.371,409.7665,0
1285.79,394.0456,0
1194.852,354.1222,0
1300.893,412.6259,0
1227.535,406.6277,0
1234.073,394.3595,0
1297.295,323.3961,0
1218.288,341.2543,0
1240.243,361.8748,0
1200.783,431.7845,0
1261.009,376.4028,0
1149.193,348.5351,0
1209.143,374.1373,0
1119.876,373.9752,0
1233.613,463.6132,0
1309.272,451.5491,0
1207.089,429.08,0
1180.028,333.7542,0
1279.448,343.2711,0
1206.318,357.6898,0
1213.351,450.7312,0
1254.543,309.4114,0
1213.455,408.2147,0
1283.958,347.3801,0
1257.437,379.231,0
1157.465,390.0779,0
1217.644,390.113,0
1262.556,455.0708,0
1212.258,462.0856,0
1272.398,399.7547,0
1238.828,365.3235,0
1217.248,407.8214,0
1190.903,455.0331,0
1231.522,364.5918,0
1311.428,392.9499,0
1330.673,327.5389,0
1199.019,354.6645,0
1264.379,430.7777,0
1186.725,375.7147,0
1274.376,423.1076,0
1261.252,344.1879,0
1195.662,352.3315,0
1270.188,324.7609,0
1243.438,381.3821,0
1268.773,403.6938,0
1217.511,377.0562,0
1206.402,403.5684,0
1210.461,414.6912,0
1206.058,315.3384,0
1214.82,384.3483,0
1231.427,368.8307,0
1310.427,362.0938,0
1277.053,358.4001,0
1259.192,370.7502,0
1228.159,415.1547,0
1224.829,372.9701,0
1235.11,396.1488,0
1246.131,462.8232,0
1238.013,339.7474,0
1261.227,337.0172,0
1269.216,442.9595,0
1258.105,460.8753,0
1294.287,384.7895,0
1222.984,411.492,0
1257.35,356.084,0
1352.823,349.8444,0
1177.984,378.1584,0
1218.341,439.0789,0
1199.78,371.7874,0
1300.434,430.82,0
1235.567,352.7185,0
1235.933,360.3965,0
1256.748,352.3019,0
1268.597,391.9891,0
1237.139,415.2001,0
1180.071,374.8936,0
1210.958,420.5909,0
1220.202,369.8478,0
1226.129,325.0961,0
1263.332,332.1281,0
1258.367,482.4521,0
1155.804,303.2102,0
1268.163,397.1185,0
1223.516,370.1488,0
1250.595,417.4268,0
1287.358,411.4442,0
1166.363,9417.0,
1196.656,322.3631,0
1311.658,434.879,0
1259.726,386.271,0
1275.994,335.8607,0
1242.883,440.9329,0
1303.985,346.5168,0
1103.095,339.7142,0
1213.051,373.4815,0
1220.949,346.9067,0
1233.474,419.8649,0
1198.053,378.6442,0
1276.214,376.4245,0
1244.359,425.3372,0
1203.823,396.5451,0
1234.426,327.0489,0
1316.028,369.8918,0
1276.732,384.9825,0
1177.801,415.4332,0
1244.428,424.8698,0
1162.933,373.619,0
1241.343,393.89,0
1179.488,425.9261,0
1191.671,404.9347,0
1240.549,424.3989,0
1212.589,406.9324,0
1143.379,359.3856,0
1235.276,377.4594,0
1188.108,373.8677,0
1215.152,332.7728,0
1169.456,429.03,0
1243.207,440.0804,0
1298.154,434.5989,0
1211.434,444.7001,0
1291.434,371.4911,0
1266.344,389.6376,0
1175.324,339.2049,0
1264.017,310.541,0
1288.012,395.3182,0
1272.233,412.4344,0
1243.505,402.1521,0
1216.025,373.3239,0
1101.755,328.9668,0
1318.105,419.3306,0
1203.787,416.3088,0
1248.548,440.6754,0
1226.267,404.4517,0
1299.845,376.4896,0
1214.893,347.9897,0
1267.917,345.9736,0
1205.151,384.8306,0
1230.786,382.0046,0
1188.832,362.3516,0
1157.805,449.5392,0
1233.441,416.6807,0
1278.39,363.4072,0
1284.813,386.1681,0
1197.146,446.0618,0
1124.996,398.8604,0
1237.507,397.7981,0
1146.054,435.1556,0
1257.48,400.4888,0
1245.877,368.0836,0
1201.588,396.4678,0
1260.694,409.097,0
1229.921,292.5807,0
1161.385,350.5018,0
1268.859,429.681,0
1220.95,396.5177,0
1185.154,416.6481,0
1206.441,392.7914,0
1176.949,369.6061,0
1179.043,399.1769,0
1214.203,378.3701,0
1206.676,323.1746,0
1176.605,409.0037,0
1183.104,421.3557,0
1197.179,349.7213,0
1225.673,379.2808,0
1239.621,335.5618,0
1143.784,362.6694,0
1175.985,378.2941,0
1242.759,432.1768,0
1230.497,422.4001,0
1281.145,399.0331,0
1122.533,375.8255,0
1168.187,432.0842,0
1189.103,388.1724,0
1244.407,390.0367,0
1191.322,375.3765,0
1172.181,363.1787,0
1232.554,394.7196,0
1152.136,341.8745,0
1158.53,321.6696,0
1243.483,437.0214,0
1194.75,400.873,0
1232.93,392.0657,0
1186.706,377.0236,0
1215.386,423.1349,0
1259.736,384.4517,0
1291.705,406.0583,0
1159.289,391.699,0
1218.776,418.3234,0
1217.496,311.4789,0
1289.321,298.2868,0
1216.995,392.6577,0
2289.848,855.9233,1
1259.051,382.2134,0
1220.517,486.8369,0
1239.181,385.1243,0
1283.541,388.1115,0
1198.775,410.789,0
1538.297,522.9182,0
1138.33,365.6868,0
1244.756,426.6027,0
1212.275,467.1758,0
1305.025,408.2197,0
1211.046,332.6422,0
1310.237,367.9097,0
1277.026,369.6324,0
1167.177,402.7383,0
1295.958,398.1102,0
1319.661,381.8234,0
1211.713,444.923,0
1272.561,398.591,0
1242.667,383.5473,0
1214.255,406.9211,0
1247.538,356.1275,0
1279.499,329.3486,0
1246.61,422.1907,0
1302.085,460.3042,0
1289.047,439.1921,0
1161.537,411.2561,0
1266.912,372.3885,0
1261.686,348.7593,0
1185.16,385.1882,0
1245.545,388.1865,0
1221.611,390.3196,0
1217.379,326.7784,0
1255.883,381.5643,0
1309.055,346.6083,0
1291.655,432.7936,0
1199.003,460.4912,0
1137.364,343.9276,0
1241.836,369.8996,0
1125.677,366.2261,0
1225.866,481.225,0
1231.429,392.0977,0
1224.328,377.2742,0
1203.607,420.6589,0
1181.207,312.4607,0
1213.523,414.9335,0
1194.544,344.3157,0
1238.887,382.6038,0
1199.162,424.5523,0
1216.358,381.6688,0
1238.431,442.3059,0
1179.24,436.8292,0
1224.191,434.334,0
1171.197,387.168,0
1184.391,419.3797,0
1222.785,355.9238,0
1188.305,411.4941,0
1173.766,402.2394,0
1220.589,377.2047,0
1304.079,398.633,0
1242.72,315.1151,0
1265.996,306.166,0
1285.184,394.5529,0
1185.543,413.1854,0
1315.748,341.7391,0
1253.576,418.2407,0
1175.801,324.303,0
1212.948,353.449,0
1197.863,398.111,0
1174.172,417.8113,0
1227.097,352.1036,0
1162.401,337.988,0
1189.634,428.3287,0
1155.816,463.5915,0
1197.932,439.6324,0
1187.009,368.1407,0
1195.833,385.5017,0
1174.312,397.5264,0
1206.992,401.4966,0
1259.333,419.1562,0
1195.221,385.0193,0
1164.372,341.8716,0
1251.726,378.6287,0
1246.849,411.0508,0
1227.178,435.5357,0
1186.64,301.9785,0
1221.119,392.9252,0
1255.046,386.3873,0
1215.456,384.4619,0
1309.175,419.7736,0
1212.566,387.6762,0
1276.947,491.1729,0
1343.266,335.6256,0
1252.018,390.4117,0
1182.106,458.1025,0
1221.089,400.1747,0
1159.35,395.7134,0
1235.407,392.152,0
1215.434,361.798,0
1287.187,337.775,0
1205.711,446.8449,0
1219.718,400.0295,0
1190.237,399.2048,0
1234.614,482.4912,0
1236.307,433.1924,0
1274.455,460.2389,0
1236.035,409.0504,0
1236.722,378.9532,0
1264.165,380.0068,0
1279.978,463.5424,0
1281.24,433.7319,0
1248.106,310.2492,0
1247.038,406.191,0
1184.053,406.207,0
1228.219,410.323,0
1253.615,408.9013,0
1226.265,362.6645,0
1280.808,385.7803,0
1222.83,367.9491,0
1239.982,364.5803,0
1218.082,406.9131,0
1205.406,411.9535,0
1246.221,449.6395,0
1113.826,398.8055,0
1249.535,316.1074,0
1230.709,401.1481,0
1243.167,459.2144,0
1253.988,409.3076,0
1177.606,379.7081,0
1190.428,385.1207,0
1170.762,374.3188,0
1308.175,355.1893,0
1295.118,390.0605,0
1105.749,337.3721,0
1243.378,361.47,0
1310.976,392.9081,0
1242.429,441.4003,0
1212.789,393.2633,0
1261.410,5098.0,
1262.639,368.2825,0
1160.609,370.5384,0
1135.886,358.1199,0
1205.514,364.0033,0
1265.039,413.4495,0
1291.926,313.824,0
1194.871,322.3953,0
1161.222,407.1958,0
1269.307,421.621,0
1255.947,442.7189,0
1163.936,357.8144,0
1186.94,410.5884,0
1231.772,399.2568,0
1226.186,382.274,0
1222.627,400.0233,0
1278.305,377.6083,0
1238.169,342.8155,0
1171.926,374.6409,0
1193.414,356.3708,0
1149.638,364.4222,0
1228.229,427.9807,0
1261.029,464.4991,0
1114.351,393.0762,0
1168.176,435.4065,0
1198.872,404.8629,0
1186.197,392.2621,0
1247.655,380.1434,0
1171.713,415.378,0
1277.852,362.1801,0
1268.3,370.0504,0
1232.987,416.1777,0
1267.898,392.0925,0
1221.307,423.081,0
1245.41,366.4818,0
1171.731,408.7646,0
1133.477,318.0341,0
1226.971,391.2798,0
1157.229,386.423,0
1203.652,398.8449,0
1222.121,407.5566,0
1163.547,476.6799,0
1199.14,371.8254,0
1249.084,431.7964,0
1271.28,430.6511,0
1196.255,433.4768,0
1211.587,447.3793,0
1240.39,313.5048,0
1175.238,347.1572,0
1223.063,374.1581,0
1204.679,437.405,0
1219.271,455.7535,0
1271.108,365.592,0
1228.016,336.01,0
1181.216,346.7691,0
1277.628,394.2592,0
1311.756,406.1911,0
1201.357,442.3255,0
1066.194,394.4165,0
1321.356,357.9985,0
1187.783,396.231,0
1202.659,383.9024,0
1190.798,358.7896,0
1143.874,337.0394,0
1201.776,366.4362,0
1272.006,428.8821,0
1221.771,385.3175,0
1282.654,394.0114,0
1163.867,373.7112,0
1233.264,419.1075,0
1191.138,431.3174,0
1247.909,351.9855,0
1227.547,448.1381,0
1332.927,369.1238,0
1185.332,415.9333,0
1189.705,400.1713,0
1207.573,365.0734,0
1229.678,443.5903,0
1255.428,370.1418,0
1286.906,349.1915,0
1219.815,380.7144,0
1222.518,351.1958,0
1306.662,443.3679,0
1154.412,338.6675,0
1220.16,346.1429,0
1140.719,319.5652,0
1318.884,388.2368,0
1258.65,442.0184,0
1193.921,335.2682,0
1334.846,330.9791,0
1175.954,356.8386,0
1235.624,353.7162,0
1431.403,476.2676,0
1251.323,390.7496,0
1228.777,401.4824,0
1215.215,360.7594,0
1231.346,352.1683,0
1225.243,352.3115,0
1167.085,404.6508,0
1261.056,313.0936,0
1300.925,366.5041,0
1217.067,374.1993,0
1244.98,426.1697,0
1222.048,430.7834,0
1220.291,399.86,0
1153.656,418.0886,0
1244.602,423.9389,0
1137.923,401.3104,0
1233.731,411.7233,0
1209.497,366.6883,0
1153.102,466.8008,0
1125.136,370.6436,0
1130.74,387.896,0
1245.515,456.643,0
1240.126,428.471,0
1236.355,377.0355,0
1279.292,461.7529,0
1183.295,431.9449,0
1281.447,328.2866,0
1288.2,391.7773,0
1247.207,421.511,0
1179.455,363.0621,0
1235.646,449.3904,0
1226.125,344.5606,0
1244.995,416.3683,0
1328.803,298.4603,0
1296.207,411.7999,0
1233.957,394.2497,0
1191.09,370.9825,0
1259.559,372.119,0
1295.47,398.9506,0
1297.099,449.7841,0
1151.811,308.1581,0
1199.857,436.8164,0
1296.476,412.7791,0
1248.822,365.9233,0
1260.68,355.6803,0
1294.357,363.9634,0
1167.082,362.651,0
1290.934,337.7034,0
1220.054,426.3395,0
1264.905,296.6744,0
1175.807,376.3607,0
1169.288,324.9775,0
1317.23,435.8582,0
1297.564,317.4553,0
1178.914,426.8508,0
1334.938,392.8774,0
1226.605,365.8945,0
1224.609,408.5256,0
1193.322,383.4445,0
1195.934,412.4528,0
1230.968,363.1204,0
1199.297,401.1206,0
1215.619,377.5737,0
1324.858,347.7176,0
1286.079,398.8709,0
1189.34,378.7927,0
1294.634,297.4014,0
1258.612,395.9376,0
1277.563,350.7968,0
1178.181,390.5936,0
1252.083,423.9347,0
1298.938,452.6136,0
1150.269,420.6112,0
1274.834,347.7682,0
1216.786,349.9938,0
1266.039,429.9068,0
1241.276,394.4763,0
1236.482,423.4118,0
1179.237,368.5117,0
1213.365,370.0636,0
1269.349,421.2924,0
1264.684,389.614,0
1277.495,447.0756,0
1192.861,384.1843,0
1265.266,359.9102,0
1223.901,350.4226,0
1199.723,343.8282,0
1352.318,418.1085,0
1239.171,407.6506,0
1216.693,391.3798,0
1256.067,338.3053,0
1197.885,429.535,0
1190.945,394.2968,0
1270.57,344.3179,0
1172.98,352.3467,0
1271.943,378.8273,0
1156.779,329.4669,0
1189.662,381.0388,0
1209.518,436.7774,0
1159.866,343.5186,0
1330.474,395.7326,0
1244.005,411.5579,0
1228.682,415.205,0
1231.843,364.0735,0
1320.141,421.1417,0
1203.586,325.3017,0
1151.615,339.7236,0
1242.926,391.0923,0
1217.207,342.6702,0
1339.813,395.4365,0
1274.92,416.9799,0
1224.677,354.3991,0
1269.716,412.5988,0
1184.29,370.5305,0
1258.093,386.6511,0
1197.832,342.2182,0
1182.095,372.1505,0
1166.561,382.1828,0
1195.328,348.8364,0
1221.642,365.2078,0
1304.036,373.9097,0
1214.249,345.4348,0
1278.479,429.6375,0
1246.743,315.7214,0
1248.425,445.8016,0
1201.125,422.7336,0
1188.982,360.5347,0
1259.979,365.9736,0
1290.58,407.2165,0
1198.956,425.4239,0
1159.885,419.3555,0
1230.372,371.8278,0
1261.534,383.2751,0
1208.283,384.1264,0
1282.001,372.8702,0
1228.507,388.2328,0
1217.568,319.6503,0
1183.73,442.6001,0
1285.112,316.9756,0
1220.164,388.6215,0
1258.853,426.9277,0
1158.737,333.1796,0
1205.919,341.1049,0
1257.752,470.3514,0
1283.192,319.9697,0
1189.574,403.9029,0
1230.871,365.2776,0
1238.437,408.3781,0
1187.898,361.1308,0
1217.959,390.5297,0
1253.387,390.2051,0
1252.777,410.1819,0
1239.092,390.1364,0
1152.47,356.6406,0
1215.553,409.9875,0
1267.377,400.0367,0
1152.538,409.5128,0
1223.8,352.8312,0
1268.22,287.8568,0
1134.14,373.0211,0
1340.703,422.4778,0
1230.803,371.5992,0
1263.317,323.6666,0
1230.784,422.0914,0
1256.915,427.5812,0
1273.458,327.9153,0
1325.669,393.1824,0
1184.58,377.2353,0
1116.803,385.0558,0
1213.316,367.3002,0
1285.767,322.2723,0
1152.26,369.6503,0
1160.927,323.3796,0
1220.73,408.4696,0
1311.199,420.6093,0
1161.632,388.9845,0
1304.217,373.3098,0
1250.096,394.5402,0
1185.802,377.2027,0
1266.336,355.4197,0
1175.246,473.5438,0
1234.234,346.2145,0
1263.059,440.2285,0
1289.034,343.9755,0
1252.394,401.4766,0
1316.867,377.7488,0
1202.978,432.0587,0
1214.49,310.8885,0
1232.75,371.2104,0
1298.759,316.8138,0
1277.051,398.4134,0
1143.952,381.4251,0
1265.175,424.0232,0
1203.821,437.5806,0
1180.373,340.6338,0
1248.063,457.4247,0
1240.348,390.4752,0
1217.171,459.0441,0
1275.757,404.7369,0
1243.175,415.2184,0
1187.894,411.9826,0
1158.783,372.8149,0
1181.575,419.5703,0
1228.856,344.4719,0
1308.966,393.8054,0
1264.087,378.071,0
1238.736,345.3497,0
1238.812,341.2476,0
1185.392,411.7451,0
1216.153,408.6066,0
1325.845,323.7323,0
1159.979,516.2944,0
1232.874,320.4321,0
1238.77,392.2556,0
1123.076,330.7782,0
1314.062,475.2329,0
1220.293,364.4567,0
1359.791,290.3829,0
1211.839,374.2686,0
1280.349,380.5155,0
1252.825,392.5505,0
1214.743,478.2603,0
1247.098,401.507,0
1219.943,356.9814,0
1289.25,411.3911,0
1174.466,366.4456,0
1232.567,434.0213,0
1314.987,327.0844,0
1248.54,481.1218,0
1275.443,398.866,0
1256.243,401.3829,0
1224.786,433.2856,0
1151.002,401.4664,0
1128.735,432.2161,0
1225.282,414.6567,0
1184.974,488.2073,0
1228.438,454.8625,0
1333.48,412.0649,0
1268.527,348.2722,0
1192.493,424.8311,0
1282.764,404.466,0
1258.383,381.0343,0
1184.354,355.8271,0
1273.219,391.1325,0
1301.413,358.309,0
1203.694,359.6931,0
1223.788,377.4966,0
1187.697,398.9929,0
1244.404,416.313,0
1296.898,350.4056,0
1256.278,409.0037,0
1236.436,387.1568,0
1295.071,316.7949,0
1174.792,431.7101,0
1233.775,449.2891,0
1238.971,356.8641,0
1257.722,409.239,0
1304.757,445.5024,0
1304.771,367.4141,0
1301.245,325.842,0
1204.962,391.817,0
1177.872,438.9227,0
1304.505,391.2838,0
1178.602,473.6829,0
1228.426,420.319,0
1265.816,404.7667,0
1262.412,385.9067,0
1198.895,421.7494,0
1194.496,423.3616,0
1200.884,430.3704,0
1230.016,363.0724,0
1230.461,441.2466,0
1327.208,373.273,0
1208.633,372.8366,0
1217.115,370.1325,0
1294.564,368.7757,0
1185.204,400.5248,0
1248.995,399.332,0
1119.03,399.3956,0
1112.475,414.8231,0
1191.746,391.7575,0
1269.534,426.0951,0
1198.637,384.0528,0
1182.931,349.7775,0
1190.687,438.3118,0
1308.492,371.2469,0
1258.57,417.9335,0
1169.946,309.8443,0
1201.564,400.4536,0
1220.032,359.9689,0
1304.807,381.5609,0
1236.165,394.5393,0
1174.624,467.9529,0
1185.468,355.4645,0
1221.573,397.2357,0
1244.466,425.062,0
1298.069,336.9078,0
1166.273,399.5272,0
1275.27,384.2984,0
1208.275,418.5665,0
1292.664,387.9628,0
1260.849,423.015,0
1201.405,409.5634,0
1244.091,350.9506,0
1279.854,369.705,0
1252.218,397.8084,0
1252.22,417.1686,0
1140.602,351.0702,0
1265.837,374.4089,0
1190.293,433.4584,0
1195.361,361.1033,0
1250.33,423.7163,0
1262.47,359.9684,0
1285.437,358.0118,0
1274.309,348.6962,0
1223.374,377.8969,0
1250.908,428.8942,0
1298.748,390.2607,0
1283.775,317.1389,0
1248.804,409.835,0
1228.09,399.8118,0
1277.552,386.4918,0
1156.124,378.5133,0
1200.4,370.1879,0
1315.915,422.0127,0
1270.627,391.3964,0
1274.111,414.9138,0
1285.329,415.9954,0
1226.497,451.983,0
1169.936,428.3124,0
1187.208,407.9465,0
1251.273,510.8742,0
1203.973,421.6946,0
1288.639,345.106,0
1207.549,440.1697,0
1176.103,373.6864,0
1225.344,411.6713,0
1187.505,417.8235,0
1138.158,342.6793,0
1232.146,452.7022,0
1198.975,432.4529,0
1228.02,395.972,0
1232.798,364.6495,0
1264.147,368.7582,0
1213.228,377.3983,0
1166.434,401.5035,0
1210.342,368.0073,0
1240.119,287.8716,0
1274.5,424.877,0
1282.96,396.5909,0
1186.142,407.0443,0
1236.572,433.5071,0
1165.781,366.703,0
1266.073,378.9875,0
1214.083,356.6147,0
1209.332,427.4584,0
1230.547,408.975,0
1182.716,432.2874,0
1220.98,401.8721,0
1232.911,424.0521,0
1297.271,424.2758,0
1277.384,366.3719,0
1255.024,428.7406,0
1193.976,493.5301,0
1259.213,395.7212,0
1223.881,397.6955,0
1262.186,358.4907,0
1260.776,420.0293,0
1226.582,364.6501,0
1182.04,362.3966,0
1199.647,368.7387,0
1214.301,393.1478,0
1216.068,441.6879,0
1265.989,354.4796,0
1238.274,428.546,0
1250.258,390.393,0
1233.708,387.0727,0
1281.363,415.4102,0
1222.041,377.3846,0
1287.725,391.6985,0
1270.76,349.9598,0
1201.435,378.1241,0
1197.103,459.9232,0
1285.62,433.9597,0
1207.062,390.196,0
1282.905,383.3417,0
1151.895,357.317,0
1245.144,375.3439,0
1214.661,467.0764,0
1262.745,418.8122,0
1187.845,349.36,0
1349.364,343.8564,0
1200.593,339.2092,0
1162.808,306.4221,0
1202.472,402.1705,0
1348.134,401.0256,0
1202.941,466.4465,0
1226.625,407.2836,0
1281.65,372.1128,0
1189.07,368.4984,0
1266.64,445.8181,0
1204.752,427.6852,0
1241.491,398.5717,0
1192.2,436.0406,0
1197.803,385.313,0
1331.029,430.878,0
1219.49,386.6909,0
1201.336,363.1536,0
1229.762,394.9203,0
1207.083,435.9842,0
1167.46,520.1797,0
1192.258,401.8269,0
1238.21,379.6583,0
1185.045,372.3361,0
1194.443,398.9702,0
1307.658,369.1027,0
1283.76,348.6536,0
1161.197,294.707,0
1208.499,424.2903,0
1261.485,355.0297,0
1201.616,349.6799,0
1207.33,382.8497,0
1331.989,317.7823,0
1205.359,414.5021,0
1303.721,377.7509,0
1273.421,351.0017,0
1244.359,371.7473,0
1284.955,470.7221,0
1207.716,351.7719,0
1205.999,420.1656,0
1273.956,416.5862,0
1284.312,362.7623,0
1249.614,308.8652,0
1246.449,415.348,0
1144.863,357.2919,0
1242.032,400.0757,0
1228.397,377.8618,0
1224.358,390.1458,0
1202.126,371.7039,0
1231.819,374.5313,0
1288.511,354.8383,0
1138.767,431.6078,0
1220.667,345.9556,0
1283.76,382.343,0
1106.8,409.3877,0
1172.175,317.6006,0
1232.644,400.7629,0
1133.988,411.7774,0
1174.402,409.7906,0
1236.984,351.133,0
1221.723,315.105,0
1184.948,375.244,0
1170.49,348.8764,0
1184.922,410.0748,0
1255.187,386.7874,0
1219.083,374.9102,0
1174.208,429.1825,0
1276.512,368.7258,0
1205.16,356.8937,0
1140.385,395.3294,0
1248.801,343.8513,0
1180.167,362.1474,0
1237.143,373.0604,0
1256.188,386.0695,0
1278.11,424.1184,0
1296.561,431.5307,0
1254.804,387.0851,0
1185.917,348.9066,0
1224.637,409.2817,0
1290.978,399.2386,0
1246.796,370.7924,0
1249.623,454.637,0
1249.552,417.85,0
1277.323,398.5606,0
1253.162,363.8833,0
1221.017,341.6948,0
1263.11,380.1285,0
1308.252,411.7387,0
1262.405,371.3771,0
1149.216,315.1136,0
1210.896,343.6782,0
1273.871,380.0674,0
1230.771,381.6226,0
1238.473,448.1657,0
1151.025,396.6281,0
1234.608,347.6765,0
1234.121,397.3394,0
1245.8,330.1697,0
1172.853,441.7366,0
1247.51,401.1085,0
1262.406,400.7228,0
1316.395,401.2599,0
1209.35,330.7441,0
1253.899,457.6078,0
1191.661,411.0543,0
1128.12,411.2936,0
1247.702,392.9025,0
1227.534,396.8098,0
1279.274,340.7108,0
1152.94,290.0806,0
1219.19,449.7714,0
1279.018,450.1649,0
1316.299,353.2115,0
1241.275,374.9368,0
1210.844,415.1274,0
1306.904,335.6389,0
1257.428,479.0087,0
1250.683,391.5784,0
1246.13,355.7958,0
1191.688,319.7021,0
1279.093,421.4625,0
1163.54,422.9149,0
1266.882,318.9797,0
1201.873,433.6913,0
1300.188,405.0404,0
1243.082,338.3776,0
1243.863,369.7727,0
1207.573,390.736,0
1173.804,353.4099,0
1188.182,422.1397,0
1281.401,422.2762,0
1236.907,445.3229,0
1221.424,379.7708,0
1205.139,352.7791,0
1259.799,427.9212,0
1287.788,346.8012,0
1241.614,396.9931,0
1218.619,397.5622,0
1241.515,351.7752,0
1170.467,369.8308,0
1181.091,408.3412,0
1197.563,380.0693,0
1271.41,397.7543,0
1290.388,341.456,0
1216.521,357.0176,0
1235.579,368.3343,0
1290.193,375.461,0
1111.027,356.7853,0
1247.486,270.0081,0
1176.956,376.5377,0
1168.975,352.1835,0
1279.596,336.3096,0
1238.785,436.8603,0
1211.199,394.2679,0
1219.847,383.4843,0
1211.497,358.9875,0
1224.196,387.2925,0
1285.579,474.5884,0
1226.005,379.6345,0
1197.673,423.6659,0
1327.963,367.1161,0
1234.965,351.1003,0
1293.627,412.7855,0
1223.782,394.1077,0
1266.58,352.228,0
1231.992,384.6837,0
1222.94,302.1646,0
1282.708,372.1976,0
1267.094,358.5237,0
1267.495,396.8856,0
1143.556,330.2086,0
1325.587,369.5593,0
1310.692,343.1063,0
1244.859,363.1689,0
1232.3,355.2502,0
1259.786,417.4556,0
1308.055,355.9667,0
1186.344,339.3344,0
1229.036,408.6134,0
1217.985,380.0706,0
1280.846,393.3614,0
1230.561,358.4451,0
1232.472,314.348,0
1362.398,355.556,0
1256.461,366.5517,0
1138.112,363.6776,0
1312.658,352.5788,0
1232.229,464.5504,0
1202.147,356.6392,0
1235.032,437.1175,0
1257.788,432.5008,0
1153.033,356.8433,0
1196.943,386.5355,0
1211.988,412.4196,0
1295.666,382.8881,0
1308.686,330.6475,0
1234.771,447.1697,0
1188.582,444.1329,0
1222.752,346.7444,0
1259.212,406.6188,0
1185.204,406.1373,0
1234.66,418.0467,0
1295.578,403.2767,0
1147.955,401.8196,0
1262.513,334.4933,0
1207.535,410.0183,0
1299.143,369.204,0
1210.753,446.2796,0
1222.808,416.9421,0
1263.387,365.2834,0
1271.202,434.1092,0
1242.795,387.8359,0
1212.245,408.1015,0
1125.927,412.7346,0
1104.518,378.467,0
1206.942,316.4555,0
1358.029,376.5708,0
1193.604,393.2219,0
1191.318,462.2731,0
1216.804,309.7099,0
1215.471,441.1472,0
1335.983,418.9368,0
1274.1,416.4596,0
1265.31,427.7657,0
1209.456,440.7408,0
1204.496,405.8359,0
1190.166,415.1039,0
1123.787,394.4514,0
1210.542,392.9673,0
1297.297,367.6548,0
1238.034,438.2202,0
1276.267,423.2496,0
1232.324,432.7886,0
1143.951,345.8981,0
1267.221,409.0284,0
1316.174,365.3628,0
1254.508,324.75,0
1194.028,464.8662,0
1180.679,444.1213,0
1241.824,488.7501,0
1206.725,455.6563,0
1195.597,415.8771,0
1321.559,328.0803,0
1225.438,384.3423,0
1161.259,376.611,0
1213.898,421.0782,0
1220.813,367.5137,0
1223.268,375.9297,0
1264.987,344.7958,0
1210.213,421.8857,0
1238.261,411.6925,0
1205.376,396.6839,0
1197.874,372.818,0
1184.508,456.9555,0
1202.63,385.6085,0
1145.077,354.5235,0
1226.278,405.8422,0
1246.67,422.5416,0
1156.432,354.0222,0
1268.322,373.1058,0
1206.018,397.1971,0
1197.955,393.5847,0
1197.598,368.8831,0
1244.278,436.4445,0
1323.14,442.5037,0
1151.86,377.5849,0
1214.924,457.4592,0
1271.329,495.6209,0
1209.717,401.085,0
1320.54,425.8033,0
1295.242,396.5712,0
1247.017,413.2766,0
1153.261,373.1094,0
1239.265,383.3336,0
1214.916,321.2766,0
1209.08,397.2551,0
1150.998,414.2163,0
1263.809,413.7613,0
1292.835,431.8386,0
1278.542,409.6013,0
1266.553,442.3709,0
1229.091,336.3406,0
1150.712,359.7479,0
1308.076,369.0345,0
1190.203,306.1693,0
1258.209,398.5849,0
1243.664,414.9285,0
1203.859,435.9493,0
1244.555,371.5333,0
1257.809,388.8736,0
1252.89,336.6861,0
1242.08,383.9729,0
1255.549,371.8266,0
1238.016,354.9691,0
1325.296,412.3008,0
1251.693,374.6877,0
1118.212,486.1587,0
1228.713,410.0471,0
1225.007,394.9658,0
1273.8,429.4479,0
1235.712,365.6225,0
1284.033,405.0982,0
1214.673,367.1306,0
1120.994,430.2665,0
1226.686,421.3383,0
1206.175,391.9763,0
1222.24,337.8724,0
1223.604,409.338,0
1258.875,383.4811,0
1180.547,351.6454,0
1204.705,425.9856,0
1194.458,375.4772,0
1207.882,334.2513,0
1296.832,382.061,0
1280.352,380.8885,0
1166.429,539.4546,0
1214.386,338.9761,0
1234.067,426.9288,0
1123.981,321.0459,0
1251.913,390.9507,0
1265.555,397.5921,0
1247.386,419.0677,0
1265.248,398.9291,0
1089.345,460.0434,0
1216.536,400.4897,0
1220.003,375.1118,0
1170.479,385.1724,0
1237.027,426.5297,0
1156.038,398.1231,0
1236.276,407.6426,0
1253.558,346.9458,0
1243.025,362.313,0
1174.465,361.0999,0
1204.506,328.8484,0
1259.372,346.2172,0
1255.09,447.8871,0
1247.086,449.8661,0
1266.502,457.0978,0
1165.317,390.3447,0
1223.51,374.1805,0
1301.368,379.6354,0
1226.991,363.9405,0
1239.745,419.6746,0
1268.933,374.0464,0
1224.507,424.2039,0
1210.775,333.3538,0
1269.555,368.2845,0
1178.171,393.4858,0
1238.669,394.72,0
1343.957,336.4266,0
1283.521,434.0304,0
1241.502,334.2104,0
1180.2,377.8458,0
1201.864,358.328,0
1143.537,353.1642,0
1266.007,463.0931,0
1168.501,402.9281,0
1256.098,450.1845,0
1159.936,511.8429,0
1217.251,455.84,0
1201.916,420.8135,0
1310.687,434.8304,0
1230.454,379.8683,0
1268.659,322.5115,0
1269.534,441.619,0
1232.648,362.701,0
1189.083,477.5839,0
1174.319,386.5168,0
1218.913,425.9116,0
1317.473,394.1514,0
1286.174,397.8541,0
1311.56,379.0086,0
1205.153,394.9366,0
1220.746,350.6758,0
1283.793,403.9778,0
1238.772,431.7216,0
1227.042,418.1388,0
1204.641,464.436,0
1245.561,356.3261,0
1249.073,448.8127,0
1257.882,327.1425,0
1239.152,356.3444,0
1271.955,436.804,0
1210.647,296.7916,0
1227.841,388.4213,0
1303.315,367.8877,0
1255.518,396.2946,0
1185.447,324.1985,0
1268.352,382.6343,0
1151.621,435.7595,0
1276.455,342.0674,0
1223.091,384.462,0
1229.922,395.8488,0
1199.975,369.5619,0
1195.589,424.766,0
1172.641,355.6461,0
1210.042,352.9292,0
1182.357,391.6036,0
1123.141,365.369,0
1304.203,342.876,0
1241.377,386.42,0
1248.248,395.4379,0
1231.534,353.6564,0
1300.981,399.0807,0
1232.956,382.5278,0
1239.871,389.0396,0
1190.557,428.1263,0
1244.312,414.6619,0
1205.035,419.4619,0
1199.708,352.4725,0
1190.209,302.8957,0
1220.09,426.2889,0
1154.238,387.5773,0
1204.251,408.3404,0
1169.372,404.7176,0
1185.459,315.261,0
1273.404,399.1068,0
1219.594,357.3616,0
1338.046,347.6089,0
1205.197,388.1967,0
1256.621,447.3239,0
1194.601,417.0415,0
1252.468,506.611,0
1192.808,357.2365,0
1190.6,414.6674,0
1176.573,382.7352,0
1217.6,412.3066,0
1203.793,352.4824,0
1225.489,414.083,0
1254.742,370.6877,0
1186.724,354.5704,0
1245.105,354.6721,0
1274.111,411.7896,0
1208.726,406.426,0
1214.162,423.8336,0
1260.194,451.299,0
1274.398,347.9224,0
1219.694,446.5366,0
1215.204,319.0848,0
1214.48,347.0543,0
1237.019,383.1717,0
1216.588,371.6719,0
1146.611,401.4636,0
1214.825,426.5242,0
1287.001,406.5961,0
1179.586,418.3901,0
1313.089,320.0598,0
1239.446,349.7582,0
1248.44,395.0894,0
1168.199,397.9576,0
1265.54,402.6351,0
1234.885,432.9782,0
1238.137,394.6349,0
1215.487,418.2985,0
1174.429,442.6981,0
1241.087,475.4827,0
1264.216,407.0333,0
1181.067,398.2644,0
1314.431,365.0312,0
1223.233,335.4162,0
1204.027,414.4271,0
1229.984,391.0901,0
1132.623,390.2201,0
1263.613,377.077,0
1190.251,427.0895,0
1146.588,417.6404,0
1184.085,350.8364,0
1220.463,414.044,0
1291.977,443.5049,0
1233.774,350.0039,0
1231.545,386.9191,0
1119.331,398.7725,0
1311.263,321.9887,0
1260.702,337.3325,0
1272.568,392.0217,0
1247.118,364.736,0
1296.516,384.5101,0
1189.993,382.4908,0
1286.607,416.1481,0
1219.975,413.4323,0
1224.02,410.1254,0
1184.545,333.6553,0
1234.458,333.3084,0
1250.083,391.1688,0
1177.118,441.0892,0
1215.16,394.1182,0
1323.703,395.37,0
1315.004,336.9332,0
1183.957,360.4961,0
1246.994,376.538,0
1329.947,332.333,0
1218.18,400.7811,0
1195.991,380.4652,0
1228.921,413.5895,0
1282.91,429.0153,0
1270.979,419.1732,0
1299.117,385.3069,0
1349.62,391.923,0
1243.073,356.4044,0
1221.308,362.4709,0
1270.92,340.92,0
1180.828,386.8171,0
1236.214,434.0406,0
1256.84,360.3459,0
1135.465,342.553,0
1172.559,392.9495,0
1174.489,410.9323,0
1210.265,411.4644,0
1288.802,408.4155,0
1215.206,405.0468,0
1174.037,341.652,0
1272.929,388.3053,0
1123.086,335.2933,0
1212.07,327.9615,0
1245.12,337.0645,0
1265.821,402.7872,0
1232.711,471.0512,0
1232.837,423.6219,0
1275.039,367.9653,0
1133.074,339.4816,0
1230.929,390.7278,0
1210.047,364.1196,0
1257.838,321.4978,0
1222.925,293.522,0
1265.462,350.2835,0
1184.807,433.2278,0
1243.062,371.426,0
1203.558,373.85,0
1235.649,425.0233,0
1153.51,426.9291,0
1252.614,336.7072,0
1340.554,351.2544,0
1248.363,452.9991,0
1156.678,473.0826,0
1335.403,360.9459,0
1145.325,452.627,0
1299.108,391.3941,0
1292.581,450.3805,0
1242.631,308.3969,0
1276.2,374.1845,0
1226.025,396.9237,0
1212.713,392.6035,0
1137.582,356.0851,0
1213.3,392.3159,0
1177.274,340.8859,0
1173.282,439.6852,0
1234.157,437.3243,0
1245.372,375.233,0
1299.395,320.5386,0
1216.721,352.5558,0
1242.46,439.066,0
1222.74,382.011,0
1226.673,399.9285,0
1199.275,385.6737,0
1270.948,370.7003,0
1292.622,394.6064,0
1210.302,364.1399,0
1181.909,411.1741,0
1222.744,346.0666,0
1363.507,399.5545,0
1236.96,377.3684,0
1239.463,432.1412,0
1213.807,346.5475,0
1182.699,432.7753,0
1223.453,419.2267,0
1214.803,325.4219,0
1187.729,405.8965,0
1220.878,459.998,0
1206.678,321.5794,0
1196.365,347.5949,0
1207.544,458.9933,0
1243.752,408.5456,0
1312.049,420.7078,0
1258.31,447.6318,0
1217.844,349.9479,0
1179.363,437.5668,0
1225.421,458.8691,0
1255.341,465.0427,0
1226.905,387.407,0
1148.357,326.4131,0
1163.229,361.0559,0
1292.647,448.6918,0
1178.68,345.5359,0
1244.15,424.0982,0
1248.576,427.8035,0
1161.803,354.8657,0
1241.921,413.7313,0
1277.301,358.1987,0
1197.651,434.8207,0
1211.249,327.2057,0
1271.105,359.7638,0
1299.191,409.9052,0
1178.396,490.7128,0
1284.475,443.1014,0
1229.106,420.2787,0
1245.598,438.9203,0
1194.453,417.861,0
1301.511,371.3106,0
1189.276,394.5796,0
1146.17,406.4974,0
1226.744,386.3966,0
1248.042,404.13,0
1220.985,327.8799,0
1224.808,363.6452,0
1174.322,347.607,0
1326.987,313.644,0
1170.923,320.3951,0
1254.224,439.642,0
1169.99,370.7864,0
1222.364,382.9734,0
1265.507,375.1639,0
1243.189,433.123,0
1235.313,432.2462,0
1226.754,360.5945,0
1272.577,443.0047,0
1186.812,385.0668,0
1258.557,407.8808,0
1193.776,434.2281,0
1240.644,328.8707,0
1130.131,378.0438,0
1194.439,412.0981,0
1271.121,471.5792,0
1202.451,498.7092,0
1297.071,352.2101,0
1225.521,399.2463,0
1191.054,373.5032,0
1247.514,315.1087,0
1125.764,346.7694,0
1184.043,480.4247,0
1191.049,394.1846,0
1184.454,381.1635,0
1205.602,355.9237,0
1174.423,404.7094,0
1170.553,366.7728,0
1209.221,395.6848,0
1150.387,411.2712,0
1267.552,350.9097,0
1220.705,362.0673,0
1138.463,384.063,0
1190.667,334.5176,0
1252.835,458.6913,0
1198.975,431.1058,0
1185.365,391.2016,0
1222.51,418.8109,0
1276.701,414.5723,0
1182.064,397.4063,0
1209.762,357.9049,0
1320.915,389.2307,0
1230.607,438.4382,0
1195.418,358.0363,0
1237.347,296.2164,0
1192.592,395.5388,0
1284.509,355.7537,0
1244.008,352.8911,0
1217.217,388.286,0
1257.939,362.7648,0
1171.23,470.5174,0
1185.66,383.1766,0
1294.785,435.9006,0
1270.872,340.0762,0
1328.72,357.9286,0
1093.016,360.2347,0
1213.508,367.0698,0
1181.138,465.3432,0
1234.3,391.7522,0
1189.43,317.7085,0
1300.178,366.3522,0
1194.707,357.558,0
1270.35,352.4576,0
1197.607,354.5526,0
1178.792,392.5018,0
1301.548,395.7863,0
1328.781,354.3264,0
1190.128,401.7103,0
1234.814,392.9,0
1270.341,379.0709,0
1310.919,396.1158,0
1146.037,435.5593,0
1293.161,358.6274,0
1238.082,390.9502,0
1269.018,356.8417,0
1261.603,392.8828,0
1220.636,312.8743,0
1281.648,341.1426,0
1276.973,352.8889,0
1236.014,444.0162,0
1333.425,376.1362,0
1257.532,361.4781,0
1317.945,350.6382,0
1261.169,307.6492,0
1299.88,425.9716,0
1256.939,381.832,0
1225.663,424.1013,0
1296.177,345.6814,0
1193.891,384.5603,0
1188.789,396.6967,0
1234.099,437.8918,0
1222.05,391.698,0
1227.233,387.0932,0
1231.711,333.8181,0
1286.055,345.4948,0
1217.32,366.0583,0
1203.322,401.5134,0
1128.428,359.0989,0
1284.458,475.4615,0
1122.468,387.1012,0
1259.175,411.5691,0
1264.018,434.0836,0
1188.38,395.1697,0
1252.719,329.8073,0
1240.36,389.5272,0
1208.916,425.3843,0
1219.577,304.7037,0
1234.067,392.9507,0
1215.47,460.1109,0
1252.71,428.1611,0
1208.464,384.5378,0
1233.345,342.038,0
1275.168,460.1334,0
1249.512,395.3973,0
1251.078,333.1146,0
1190.451,322.2802,0
1177.562,362.3273,0
1233.538,275.3516,0
1248.236,351.098,0
1175.896,480.456,0
1218.256,452.8807,0
1177.857,376.7057,0
1252.917,440.7679,0
1177.77,409.2151,0
1251.709,381.7979,0
1186.658,362.0055,0
1238.69,382.8715,0
1228.446,349.4886,0
1229.505,451.8618,0
1269.93,421.2829,0
1115.815,462.9629,0
1127.285,351.7256,0
1324.006,366.3906,0
1260.705,277.3899,0
1200.136,375.9803,0
1184.482,433.7419,0
1253.549,353.3549,0
1153.563,334.9549,0
1138.56,392.5573,0
1205.941,346.853,0
1266.56,411.1007,0
1251.119,358.5806,0
1268.618,407.0948,0
1173.432,375.9171,0
1185.378,329.9005,0
1123.934,393.5377,0
1260.213,436.8433,0
1219.339,423.3862,0
1287.576,423.5898,0
1228.311,274.0132,0
1216.748,449.6493,0
1263.764,376.2408,0
1298.839,386.7307,0
1176.196,393.166,0
1215.4,360.2498,0
1252.943,389.4236,0
1228.539,432.3912,0
1286.756,393.7512,0
1190.597,416.6413,0
1257.646,367.8586,0
1224.858,340.7021,0
1221.772,324.9902,0
1252.508,383.0635,0
1184.573,457.6522,0
1307.018,394.8077,0
1257.831,366.7889,0
1170.071,347.7102,0
1284.626,394.8022,0
1230.298,371.9727,0
1231.064,419.8707,0
1239.306,475.4801,0
1219.814,435.1042,0
1206.78,345.1115,0
1308.729,376.353,0
1186.115,376.3548,0
1160.207,412.6537,0
1195.107,444.1605,0
1348.949,372.7676,0
1153.116,376.5806,0
1255.417,416.5137,0
1199.537,353.5778,0
1277.493,381.0096,0
1195.79,502.744,0
1207.019,290.2848,0
1205.534,346.2982,0
1244.852,442.8522,0
1353.339,355.8939,0
1250.782,413.5554,0
1213.133,409.9715,0
1296.208,404.5798,0
1227.227,450.7962,0
1255.479,327.8295,0
1277.608,318.9555,0
1218.155,316.7208,0
1218.866,469.0165,0
1257.237,423.9091,0
1280.19,379.2293,0
1115.028,398.5032,0
1255.815,459.2708,0
1288.523,366.5365,0
1276.153,382.3486,0
1187.808,364.7861,0
1258.531,436.909,0
1263.837,400.7275,0
1275.855,363.7192,0
1166.926,374.4041,0
1281.477,482.0175,0
1295.483,427.5521,0
1256.616,412.3027,0
1195.807,375.7768,0
1274.387,352.7132,0
1208.438,369.8643,0
1236.905,399.9142,0
1243.754,366.1038,0
1176.729,361.8778,0
1270.141,312.8961,0
1329.941,416.1252,0
1181.321,348.3752,0
1264.936,390.8134,0
1136.178,395.5995,0
1179.137,338.2852,0
1250.987,379.1281,0
1252.861,389.8829,0
1236.696,361.0405,0
1252.193,379.2808,0
1166.828,379.0814,0
1274.058,436.2763,0
1256.687,410.9284,0
1240.318,409.1158,0
1216.265,340.1898,0
1309.139,383.4788,0
1215.922,404.0059,0
1207.653,412.814,0
1173.245,402.7977,0
1178.453,428.101,0
1311.134,347.2213,0
1119.21,299.1031,0
1259.088,395.4011,0
1266.025,279.034,0
1209.151,354.9091,0
1121.38,354.919,0
1235.403,348.5323,0
1221.062,362.6175,0
1263.401,430.1973,0
1214.768,304.7071,0
1199.509,394.3906,0
1282.506,403.1431,0
1236.478,444.752,0
1312.017,429.555,0
1201.358,377.3033,0
1274.384,424.9978,0
1333.656,336.7723,0
1262.582,332.7301,0
1154.487,391.1985,0
1160.163,374.2429,0
1210.471,385.5009,0
1219.895,380.866,0
1202.109,399.1493,0
1229.62,369.0132,0
1260.069,338.274,0
1210.378,406.8776,0
1284.37,379.8898,0
1262.414,347.7064,0
1167.379,408.8052,0
1255.641,370.4763,0
1287.993,384.4678,0
1248.171,425.2428,0
1204.618,417.8451,0
1303.667,403.0154,0
1215.044,441.5945,0
1246.708,389.0046,0
1252.927,421.3945,0
1243.575,435.3604,0
1208.017,364.4445,0
1215.77,360.5657,0
1300.284,286.3644,0
1203.778,371.7754,0
1284.866,333.558,0
1218.463,350.0602,0
1177.825,417.1756,0
1235.604,436.8098,0
1237.706,413.8828,0
1222.292,458.031,0
1275.683,394.6768,0
1236.761,374.9901,0
1256.355,389.7195,0
1246.578,372.9001,0
1260.722,336.6929,0
1228.811,386.999,0
1184.22,408.8035,0
1268.86,434.0239,0
1233.651,424.7946,0
1296.594,403.5532,0
1172.756,359.837,0
1252.658,398.4877,0
1146.042,352.3866,0
1244.888,427.3574,0
1308.8,424.532,0
1260.319,437.1644,0
1233.331,417.8601,0
1250.817,474.8589,0
1177.366,465.4536,0
1175.11,353.5921,0
1170.13,406.5379,0
1191.849,318.7303,0
1164.445,449.7636,0
1260.091,351.9838,0
1240.224,413.0641,0
1261.752,432.0732,0
1241.978,367.5076,0
1172.131,327.6118,0
1160.25,398.5276,0
1187.948,340.3231,0
1246.961,380.0207,0
1173.632,338.8375,0
1197.408,394.4059,0
1255.205,285.5512,0
1226.911,374.967,0
1194.763,450.8256,0
1241.149,305.36,0
1319.954,395.1986,0
1290.971,392.3015,0
1277.397,430.8746,0
1208.471,382.398,0
1273.842,404.0552,0
1282.114,424.0192,0
1263.567,404.6343,0
1244.385,378.1329,0
1211.695,422.9976,0
1209.168,350.9601,0
1293.683,357.4904,0
1225.667,395.097,0
1215.367,462.6193,0
1215.456,392.3304,0
1196.333,421.5479,0
1202.883,367.4911,0
1235.544,404.7522,0
1266.984,430.1292,0
1233.912,459.3788,0
1274.112,423.4255,0
1254.909,416.8867,0
1216.836,427.0941,0
1235.819,369.8611,0
1219.01,431.2037,0
1255.279,442.4058,0
1170.581,380.3018,0
1249.604,386.8804,0
1277.829,324.0331,0
1262.473,419.1736,0
1194.704,450.7241,0
1255.167,446.2319,0
1218.895,383.6647,0
1249.898,410.5663,0
1257.913,386.2754,0
1261.646,406.0963,0
1201.49,350.6462,0
1310.873,327.3348,0
1256.029,337.6545,0
1224.901,396.7244,0
1282.688,435.5308,0
1243.133,357.7703,0
1104.284,342.2405,0
1237.578,302.2083,0
1232.158,389.4532,0
1254.304,417.0455,0
1254.641,441.4903,0
1252.906,450.176,0
1247.134,314.543,0
1270.056,355.2,0
1225.856,437.9484,0
1219.164,366.3906,0
1230.133,393.415,0
1204.538,432.1345,0
1280.382,482.6837,0
1286.395,431.8635,0
1244.309,384.0901,0
1274.699,387.2916,0
1268.262,400.12,0
1231.713,388.5859,0
1252.466,364.0865,0
1234.219,326.7404,0
1256.714,408.4947,0
1278.69,355.9159,0
1224.845,341.09,0
1229.646,323.89,0
1235.933,471.9194,0
1192.494,449.5313,0
1233.17,372.4681,0
1286.813,354.73,0
1177.361,474.1269,0
1189.434,314.0601,0
1204.814,428.9211,0
1272.988,425.1815,0
1225.552,414.952,0
1268.821,446.2332,0
1225.173,347.8496,0
1229.324,358.6303,0
1265.328,326.3474,0
1180.815,347.7532,0
1241.284,372.4645,0
1247.303,395.7194,0
1116.584,389.3701,0
1251.831,424.9988,0
1197.526,344.1326,0
1231.972,435.3264,0
1288.781,422.8331,0
1252.96,357.4077,0
1146.825,356.95,0
1159.784,377.4785,0
1180.302,419.0356,0
1206.189,316.4543,0
1197.04,418.0704,0
1251.893,367.6397,0
1308.369,417.2067,0
1279.617,358.7512,0
1221.078,409.2901,0
1200.659,418.2282,0
1178.747,393.6727,0
1356.038,358.5779,0
1311.174,448.8765,0
1238.583,315.4909,0
1234.705,429.4153,0
1176.676,369.8399,0
1214.246,443.0878,0
1277.085,439.9436,0
1297.356,422.6151,0
1261.559,473.36,0
1226.568,422.444,0
1219.256,408.2106,0
1250.526,380.8409,0
1201.171,418.0992,0
1258.776,415.2104,0
1199.026,372.2724,0
1194.58,378.2224,0
1249.383,429.9963,0
1224.55,384.5909,0
1152.151,385.9017,0
1236.21,428.6502,0
1206.752,407.7406,0
1302.844,365.3525,0
1249.503,401.5242,0
1277.338,360.1604,0
1240.925,411.2005,0
1226.376,397.5591,0
1185.465,382.0333,0
1212.121,373.0045,0
1178.884,375.3347,0
1277.723,353.7536,0
1252.109,374.0247,0
1231.363,461.8096,0
1243.801,395.0889,0
1263.71,446.1859,0
1202.113,481.0608,0
1176.415,404.6589,0
1301.168,350.2849,0
1248.926,394.4569,0
1207.123,431.9272,0
1241.82,458.4064,0
1290.209,362.5516,0
1216.408,395.4222,0
1259.915,409.5879,0
1195.768,321.6662,0
1219.558,385.9847,0
1189.872,375.4293,0
1244.249,463.6393,0
1177.249,338.4731,0
1241.5,446.1791,0
1278.233,395.724,0
1203.444,464.416,0
1235.35,445.9253,0
1271.472,409.4256,0
1180.917,406.916,0
1250.256,473.2595,0
1225.948,379.9852,0
1179.447,316.2386,0
1223.749,378.8102,0
1210.189,426.5623,0
1222.826,427.8152,0
1236.001,363.4761,0
1238.604,410.4005,0
1222.8,418.7468,0
1268.928,394.7726,0
1212.469,371.4518,0
1118.808,332.7144,0
1146.733,398.201,0
1238.084,389.9254,0
1315.567,418.4197,0
1215.745,459.4382,0
1240.554,406.7204,0
1227.984,372.8657,0
1218.995,379.2693,0
1228.595,438.2906,0
1262.896,415.3985,0
1241.303,344.8951,0
1205.911,339.2887,0
1219.336,354.4218,0
1244.481,336.6892,0
1144.515,371.1452,0
1207.418,298.6914,0
1213.728,446.5443,0
1237.501,395.4617,0
1194.165,402.625,0
1199.943,414.9913,0
1344.683,350.318,0
1249.453,386.1718,0
1282.205,383.7925,0
1257.614,474.0181,0
1183.515,432.4955,0
1225.63,351.3284,0
1204.163,321.235,0
1215.207,366.1705,0
1241.254,351.3394,0
1293.952,366.1204,0
1234.26,411.9946,0
1154.417,467.0203,0
1174.398,375.0666,0
1270.93,417.3382,0
1236.501,348.8546,0
1256.557,388.7347,0
1194.885,326.1454,0
1173.538,420.7916,0
1298.688,402.063,0
1269.49,415.5295,0
1279.565,474.5569,0
1140.186,425.4619,0
1257.771,426.5386,0
1260.172,487.6799,0
1155.314,367.3372,0
1231.592,347.1816,0
1200.737,456.8792,0
1214.025,408.1474,0
1260.761,381.647,0
1223.819,369.15,0
1190.912,359.7507,0
1124.307,321.1906,0
1257.41,368.4334,0
1240.935,406.2349,0
1232.438,440.5139,0
1230.44,390.1165,0
1217.99,391.6566,0
1258.786,360.1666,0
1248.604,363.3401,0
1233.582,355.5371,0
1149.246,339.3658,0
1237.612,391.0566,0
1266.963,456.1035,0
1237.486,490.7004,0
1230.292,409.6395,0
1194.772,443.8266,0
1250.185,376.5554,0
1222.877,386.5922,0
1295.651,382.413,0
1205.203,450.398,0
1269.474,419.4011,0
1258.708,407.7435,0
1253.86,395.6697,0
1256.976,390.8513,0
1236.543,371.7928,0
1187.005,370.2895,0
1184.036,404.0017,0
1258.786,406.4091,0
1271.813,447.5857,0
1238.423,353.4686,0
1181.092,328.4097,0
1233.34,409.3089,0
1231.439,421.6011,0
1259.669,410.7807,0
1190.454,403.4539,0
1220.032,386.42,0
1258.065,384.078,0
1281.039,344.6747,0
1244.419,345.8306,0
1312.31,343.2401,0
1248.294,435.8707,0
1518.921,521.1655,0
1213.695,401.7769,0
1308.815,347.533,0
1229.531,338.4378,0
1148.17,351.5983,0
1252.483,365.596,0
1199.071,447.0811,0
1190.036,404.0036,0
1096.243,465.7621,0
1274.17,324.1069,0
1184.084,501.4142,0
1185.762,430.8365,0
1115.296,335.5035,0
1221.783,422.5522,0
1279.694,353.0122,0
1166.845,385.3873,0
1258.578,371.0381,0
1260.032,431.4476,0
1247.831,447.1748,0
1149.555,349.9226,0
1273.661,410.3129,0
1245.962,390.9741,0
1341.677,340.4019,0
1241.37,335.8958,0
1183.212,341.9706,0
1245.243,407.4828,0
1298.373,359.9226,0
1150.254,343.6441,0
1274.811,388.0658,0
1192.055,344.7668,0
1208.95,473.6024,0
1249.795,348.2927,0
1196.315,411.6007,0
1157.573,359.1121,0
1225.895,408.5638,0
1223.344,448.6169,0
1175.679,393.3192,0
1218.342,415.2415,0
1176.969,423.8966,0
1301.794,358.927,0
1185.543,386.1644,0
1212.845,416.8074,0
1308.57,386.9661,0
1213.913,435.3611,0
1236.294,415.5377,0
1237.418,394.8253,0
1223.973,441.3932,0
1196.312,391.8194,0
1202.442,379.0358,0
1152.61,393.0271,0
1261.708,356.9115,0
1150.946,342.7134,0
1229.224,380.8156,0
1185.708,372.9437,0
1209.961,394.2003,0
1229.364,447.3624,0
1222.873,423.5612,0
1208.477,408.4291,0
1168.981,430.4003,0
1139.65,382.4614,0
1357.334,456.7729,0
1194.469,378.291,0
1305.65,331.7601,0
1212.433,386.9865,0
1238.241,353.4784,0
1283.478,370.0181,0
1245.939,437.2012,0
1257.016,459.1254,0
1276.873,436.1208,0
1189.682,432.0305,0
1242.866,474.7659,0
1236.107,393.5478,0
1185.079,396.0973,0
1217.702,418.5448,0
1261.36,361.9962,0
1245.558,404.3781,0
1234.308,456.1516,0
1251.477,361.5862,0
1278.694,334.1548,0
1212.291,375.9368,0
1225.437,351.2618,0
1149.653,454.5552,0
1197.601,490.8403,0
1236.265,369.6897,0
1228.364,413.7994,0
1230.148,292.0497,0
1206.697,355.8636,0
1253.609,375.442,0
1214.956,408.2737,0
1225.132,415.8529,0
1210.804,444.1719,0
1222.324,426.5815,0
1283.94,358.1242,0
1209.614,401.7813,0
1239.05,384.1761,0
1244.931,365.7811,0
1232.18,492.0179,0
1207.966,423.0421,0
1229.478,377.1274,0
1260.576,336.8079,0
1188.741,447.1672,0
1243.427,456.4672,0
1189.198,418.6876,0
1293.217,392.8421,0
1195.688,417.8802,0
1325.136,419.1094,0
1188.122,447.5925,0
1162.622,393.4131,0
1195.037,409.1992,0
1289.821,395.1623,0
1256.679,381.1438,0
1190.111,357.0303,0
1286.091,457.0542,0
1196.44,387.7821,0
1213.77,379.799,0
1234.118,468.358,0
1220.316,478.5777,0
1202.997,397.3029,0
1301.782,407.2668,0
1222.877,349.7776,0
1271.834,442.1082,0
1253.97,350.2226,0
1220.27,433.0185,0
1205.05,388.7459,0
1188.55,420.2469,0
1265.712,406.9852,0
1247.473,395.9691,0
1221.595,416.8741,0
1256.146,480.4845,0
1188.867,447.9077,0
1191.597,404.1713,0
1247.751,398.7183,0
1288.523,415.3027,0
1189.476,383.4617,0
1297.032,453.9249,0
1224.316,357.1794,0
1196.537,467.6019,0
1239.182,427.739,0
1191.332,408.2444,0
1197.662,405.6253,0
1172.708,439.4106,0
1304.893,320.8518,0
1269.604,313.0941,0
1276.309,422.1229,0
1262.811,451.8049,0
1206.357,389.5635,0
1298.66,357.2884,0
1175.698,396.1401,0
1189.92,420.9759,0
1193.474,370.5761,0
1198.388,401.7393,0
1221.534,347.9914,0
1268.393,427.3573,0
1308.608,456.8071,0
1186.451,422.8177,0
1211.979,373.6954,0
1186.481,366.317,0
1199.216,367.3926,0
1222.552,324.6586,0
1246.764,371.5419,0
1236.271,402.2405,0
1237.122,514.9625,0
1248.256,398.8109,0
1284.747,385.4894,0
1245.376,445.853,0
1223.185,412.6935,0
1255.228,436.6191,0
1216.021,384.923,0
1213.498,447.8444,0
1209.454,427.5842,0
1244.106,380.9078,0
1249.934,455.2269,0
1244.389,429.9284,0
1263.361,476.9391,0
1258.098,417.9773,0
1256.393,328.7449,0
1215.065,423.0815,0
1233.752,486.9846,0
1133.645,452.2,0
1227.863,374.4004,0
1261.071,378.4108,0
1219.273,375.0016,0
1212.282,350.1627,0
1266.826,386.4246,0
1258.891,382.0537,0
1139.884,438.1833,0
1240.524,414.5518,0
1231.18,422.9379,0
1228.335,399.7029,0
1255.57,403.2217,0
1242.636,374.6715,0
1312.368,443.2236,0
1207.707,437.3841,0
1239.193,477.646,0
1239.946,446.795,0
1180.845,512.4133,0
1224.308,293.4119,0
1190.766,463.2651,0
1196.636,397.3245,0
1256.988,426.8358,0
1253.049,370.3295,0
1259.279,440.9781,0
1308.101,362.0598,0
1240.516,352.6578,0
1169.878,391.6545,0
1240.767,382.105,0
1219.931,446.7854,0
1292.921,368.6526,0
1334.935,422.4468,0
1304.978,432.8117,0
1237.225,344.2498,0
1322.235,342.8045,0
1267.519,398.9609,0
1206.731,384.8061,0
1208.229,443.0856,0
1229.523,438.973,0
1215.284,424.2396,0
1259.72,337.5323,0
1245.372,457.5593,0
1259.233,372.7573,0
1277.13,443.9868,0
1185.101,474.4542,0
1235.67,448.8251,0
1236.008,374.7227,0
1202.719,486.5369,0
1216.055,320.8492,0
1241.339,346.4573,0
1250.846,386.9426,0
1258.883,360.2639,0
1269.3,352.5864,0
1254.983,370.8246,0
1237.252,406.8722,0
1276.548,421.7789,0
1251.773,351.1408,0
1219.796,457.5567,0
1160.135,299.8442,0
1259.248,410.7482,0
1258.833,463.759,0
1222.661,409.9319,0
1171.669,358.2498,0
1243.835,394.0762,0
1277.561,332.8441,0
1188.788,380.5837,0
1255.549,463.3644,0
1248.922,456.6904,0
1208.466,336.7808,0
1198.34,432.4305,0
1248.77,335.9786,0
1212.784,335.8276,0
1244.031,324.2882,0
1260.708,324.2825,0
1256.305,430.4605,0
1285.181,293.681,0
1176.228,360.7557,0
1247.604,388.6215,0
1267.768,369.3323,0
1309.74,357.9631,0
1256.941,435.3114,0
1244.206,420.2466,0
1183.928,439.6798,0
1229.732,425.8494,0
1200.684,428.5628,0
1218.317,413.2663,0
1165.296,441.6829,0
1298.915,422.3394,0
1337.791,358.6306,0
1141.37,340.7123,0
1230.357,353.3138,0
1242.864,455.724,0
1275.667,410.0148,0
1177.87,317.2118,0
1227.599,346.2245,0
1236.427,370.2143,0
1218.809,344.9618,0
1279.717,379.3044,0
1171.512,403.8641,0
1116.856,379.5769,0
1262.776,351.0255,0
1276.753,394.8702,0
1210.573,372.2906,0
1188.206,464.2805,0
1219.923,392.2316,0
1244.123,446.787,0
1194.221,395.4767,0
1237.945,387.8373,0
1288.073,378.8391,0
1161.576,341.3461,0
1234.752,354.1475,0
1227.339,347.6509,0
1249.551,398.8706,0
1253.774,411.2823,0
1278.768,442.9541,0
1228.455,353.611,0
1183.334,434.575,0
1256.611,379.2101,0
1188.15,389.5655,0
1187.203,341.877,0
1217.004,369.5421,0
1214.905,436.4802,0
1203.907,414.3555,0
1336.44,333.5832,0
1304.157,381.7329,0
1157.766,339.6686,0
1228.562,388.5059,0
1219.592,313.5294,0
1257.896,439.3904,0
1282.347,424.043,0
1302.249,405.2144,0
1265.734,444.1561,0
1272.972,388.4364,0
1189.918,403.8391,0
1217.743,443.2264,0
1229.216,416.0674,0
1230.832,416.7983,0
1195.107,379.2767,0
1194.354,370.1672,0
1158.094,407.8107,0
1141.422,405.9615,0
1269.649,468.2078,0
1258.798,367.2483,0
1197.563,404.3909,0
1227.562,467.3905,0
1285.185,354.5372,0
1271.332,362.9814,0
1229.618,330.1208,0
1214.545,501.6299,0
1225.266,402.5248,0
1307.146,420.5768,0
1182.954,396.3804,0
1262.893,412.554,0
1233.705,439.0518,0
1202.028,431.6194,0
1308.659,419.1095,0
1221.911,379.0062,0
1206.563,357.8926,0
1247.826,395.823,0
1219.508,450.6533,0
1425.009,537.1767,0
1178.581,476.9894,0
1202.419,374.5623,0
1186.633,439.7039,0
1278.988,428.652,0
1219.208,326.4086,0
1205.838,406.8533,0
1280.375,446.0892,0
1211.953,356.3647,0
1190.548,436.3075,0
1300.647,383.6316,0
1264.218,409.2805,0
1254.104,419.0102,0
1185.847,410.8757,0
1188.495,364.7124,0
1212.003,383.2553,0
1249.374,390.814,0
1159.089,348.5287,0
1252.772,382.7813,0
1217.643,476.6196,0
1253.986,308.6288,0
1213.269,511.079,0
1206.936,509.8406,0
1171.853,405.8455,0
1230.627,364.9777,0
1248.513,361.2189,0
1191.853,404.124,0
1201.035,460.8328,0
1276.477,370.5198,0
1224.855,399.2068,0
1210.628,347.3598,0
1250.08,414.8444,0
1314.77,372.4268,0
1259.607,432.0836,0
1184.421,300.2258,0
1263.834,384.4292,0
1244.593,358.314,0
1311.004,356.9328,0
1174.345,352.7849,0
1207.496,419.0035,0
1168.541,350.1365,0
1329.923,440.4719,0
1146.486,395.7815,0
1218.454,367.9579,0
1227.042,324.5958,0
1220.581,354.2574,0
1168.064,434.2318,0
1236.562,379.572,0
1239.937,434.4777,0
1242.845,359.0577,0
1170.859,391.0007,0
1201.66,434.7193,0
1229.531,426.4173,0
1258.345,464.9368,0
1213.923,380.8364,0
1257.63,414.0259,0
1210.942,388.4825,0
1282.692,422.6409,0
1184.485,368.6689,0
1122.079,398.1232,0
1237.535,413.107,0
1226.222,418.274,0
1140.122,371.6042,0
1339.679,345.0699,0
1285.893,377.7234,0
1133.5,416.8395,0
1209.361,368.825,0
1225.771,412.6038,0
1163.885,486.7051,0
1264.708,409.3734,0
1208.809,432.7583,0
1238.541,401.0438,0
1231.979,390.5857,0
1293.968,384.1166,0
1263.405,424.5086,0
1192.586,413.4549,0
1259.178,398.985,0
1161.946,333.8937,0
1210.138,393.6133,0
1214.087,419.6431,0
1232.929,348.032,0
1237.204,382.97,0
1249.295,367.8053,0
1225.513,303.6644,0
1234.795,422.2652,0
1218.111,469.6255,0
1210.012,394.185,0
1268.237,418.3192,0
1211.073,409.7704,0
1136.718,310.2854,0
1155.791,315.788,0
1199.412,366.0327,0
1312.664,318.7667,0
1258.168,433.6232,0
1216.558,412.677,0
1209.372,385.3936,0
1252.364,365.1682,0
1255.392,344.311,0
1279.138,440.9025,0
1319.741,371.9477,0
1281.052,383.8694,0
1347.322,342.478,0
1300.378,392.7737,0
1215.428,369.9845,0
1176.334,397.3775,0
1200.231,384.9643,0
1261.219,452.1789,0
1234.519,485.3538,0
1162.82,405.1268,0
1140.448,344.197,0
1171.141,396.7125,0
1314.613,343.964,0
1211.218,357.7166,0
1184.919,396.4141,0
1166.977,342.6939,0
1259.601,411.6284,0
1229.527,369.3361,0
1191.392,356.7819,0
1217.056,343.7242,0
1220.241,412.2279,0
1212.083,435.6673,0
1118.25,337.5934,0
1290.298,364.3846,0
1197.809,415.4877,0
1164.12,426.7361,0
1202.611,395.861,0
1198.487,345.3439,0
1221.819,460.6809,0
1173.697,319.7797,0
1192.393,347.1071,0
1178.538,360.7987,0
1228.953,331.3729,0
1265.109,376.0746,0
1102.842,383.4665,0
1291.409,334.4102,0
1155.017,396.6445,0
1292.586,428.9692,0
1197.129,380.7198,0
1288.107,435.5787,0
1219.955,400.4125,0
1266.841,453.0572,0
1233.577,363.2321,0
1273.171,400.489,0
1277.131,383.3885,0
1280.448,352.7078,0
1236.318,373.8073,0
1242.49,477.171,0
1177.187,462.0532,0
1237.929,349.6646,0
1140.253,386.041,0
1155.545,451.4321,0
1188.789,361.032,0
1258.799,414.2678,0
1217.276,404.029,0
1276.031,447.7446,0
1153.975,436.2709,0
1194.402,319.1414,0
1203.585,373.9961,0
1168.239,441.7095,0
1223.955,271.5076,0
1293.547,372.546,0
1229.698,451.8538,0
1308.657,392.2877,0
1263.754,386.5012,0
1259.785,357.2889,0
1226.65,372.8732,0
1295.217,369.8104,0
1206.668,372.9876,0
1214.135,413.3503,0
1137.723,431.2584,0
1255.887,399.5206,0
1260.507,381.8775,0
1173.727,324.5359,0
1183.649,425.3175,0
1272.443,400.7195,0
1269.22,389.8006,0
1228.704,367.6316,0
1345.281,392.2935,0
1214.909,367.6782,0
1226.968,427.1573,0
1214.293,409.2459,0
1268.808,392.2899,0
1164.087,396.1248,0
1250.093,448.421,0
1233.395,382.1745,0
1269.099,426.2558,0
1211.796,394.3443,0
1232.752,414.418,0
1250.349,457.0637,0
1267.504,420.3667,0
1255.605,420.9703,0
1319.84,477.1641,0
1200.089,390.6251,0
1192.595,382.413,0
1282.431,380.3294,0
1275.628,494.9847,0
1212.202,393.0798,0
1242.737,519.9019,0
1282.271,359.4889,0
1292.974,407.8615,0
1319.398,385.7289,0
1237.276,416.1814,0
1249.278,436.23,0
1263.914,335.8791,0
1186.099,360.2147,0
1222.908,411.0211,0
1292.497,355.9498,0
1166.29,385.8251,0
1200.77,398.5842,0
1258.878,374.3005,0
1331.325,496.2609,0
1293.561,411.9728,0
1224.02,359.5161,0
1261.065,436.4241,0
1170.936,414.8297,0
1244.714,451.9887,0
1236.101,391.0843,0
1317.539,433.4955,0
1252.074,452.9709,0
1196.186,328.7289,0
1251.781,328.9897,0
1221.819,414.0192,0
1213.842,414.9209,0
1267.77,358.027,0
1232.525,408.7122,0
1206.934,451.7672,0
1265.948,388.8309,0
1231.667,409.3441,0
1256.112,434.3598,0
1258.342,360.7462,0
1335.963,363.308,0
1149.873,384.1118,0
1206.396,461.9116,0
1276.199,388.6108,0
1117.61,419.7675,0
1167.282,413.6829,0
1212.636,383.9956,0
1168.121,383.7491,0
1143.984,386.5638,0
1210.829,434.2878,0
1194.836,424.3997,0
1259.946,401.0576,0
1320.642,409.3165,0
1104.574,384.3365,0
1260.417,452.2579,0
1298.542,387.5826,0
1287.849,393.559,0
1293.137,374.6035,0
1281.505,397.2084,0
1247.237,393.968,0
1206.582,448.9196,0
1204.41,411.4302,0
1170.871,383.2881,0
1227.969,347.9014,0
1247.566,448.8496,0
1201.865,420.9019,0
1260.41,374.1234,0
1210.394,504.3203,0
1256.179,272.5813,0
1304.959,367.0868,0
1154.735,392.6166,0
1261.558,380.0615,0
1168.618,429.3585,0
1296.765,392.9299,0
1202.451,368.8684,0
1268.904,452.2508,0
1228.303,369.6404,0
1192.917,371.2654,0
1257.755,398.9411,0
1240.132,396.5436,0
1198.487,341.5809,0
1197.471,400.0059,0
1226.568,371.6288,0
1261.35,320.372,0
1255.393,390.2946,0
1192.505,369.7936,0
1281.099,403.8217,0
1235.15,442.9318,0
1197.748,421.5818,0
1241.594,428.4969,0
1187.22,415.4676,0
1229.943,553.4737,0
1174.83,399.2515,0
1153.458,317.8827,0
1189.406,413.9392,0
1264.697,364.0128,0
1197.364,497.9683,0
1192.997,393.5298,0
1171.284,343.1077,0
1267.768,396.7387,0
1219.296,413.2908,0
1190.035,423.6931,0
1203.815,395.7722,0
1226.032,435.1971,0
1261.058,371.8658,0
1274.864,383.7266,0
1236.489,362.022,0
1248.947,304.412,0
1204.79,405.4539,0
1251.763,397.279,0
1290.677,364.738,0
1284.891,432.2037,0
1270.188,407.6144,0
1203.629,386.3182,0
1226.135,357.2706,0
1194.577,371.7036,0
1217.499,367.6336,0
1270.997,378.4363,0
1309.231,389.832,0
1260.815,383.0772,0
1322.463,407.6937,0
1237.376,394.624,0
1211.703,395.5335,0
1121.411,370.7278,0
1217.115,356.6243,0
1164.015,418.8245,0
1232.325,412.3456,0
1259.025,345.1885,0
1254.414,356.9901,0
1247.248,346.7217,0
1256.14,418.2422,0
1247.501,332.1389,0
1149.769,386.7862,0
1253.163,404.0094,0
1294.714,408.681,0
1226.006,401.3824,0
1198.45,441.1661,0
1274.613,338.1824,0
1271.959,458.1705,0
1315.498,421.7534,0
1178.671,375.8381,0
1191.804,339.556,0
1198.699,444.1948,0
1223.029,389.5081,0
1280.677,494.0151,0
1266.885,371.7474,0
1156.866,341.3067,0
1228.277,374.0563,0
1275.956,328.5715,0
1235.608,394.5352,0
1226.297,455.2896,0
1197.6,401.9189,0
1243.035,423.0776,0
1218.51,327.8846,0
1212.967,368.4037,0
1175.657,299.7848,0
1180.138,399.5689,0
1269.973,433.0389,0
1207.373,431.2397,0
1245.037,462.9879,0
1266.953,459.3585,0
1310.668,459.4692,0
1255.763,455.8432,0
1207.497,353.1611,0
1157.017,423.3496,0
1295.209,433.1868,0
1240.18,382.7911,0
1243.482,362.0666,0
1280.664,442.2515,0
1238.469,358.507,0
1226.186,392.3304,0
1239.056,427.9943,0
1224.937,380.9942,0
1294.362,448.0697,0
1201.771,327.8727,0
1189.454,388.5673,0
1222.854,360.6419,0
1237.06,419.1257,0
1196.056,330.8427,0
1230.329,340.4846,0
1327.461,341.5871,0
1236.732,433.6662,0
1234.451,332.1035,0
1217.285,393.0555,0
1320.604,411.9448,0
1209.878,380.7893,0
1270.018,401.2994,0
1217.844,474.4996,0
1250.002,400.8223,0
1265.938,413.7408,0
1260.166,427.9661,0
1276.52,375.4816,0
1362.953,409.0728,0
1218.489,382.2598,0
1273.907,418.1069,0
1194.14,427.3806,0
1250.583,400.2423,0
1267.249,469.5344,0
1179.632,376.1337,0
1238.191,406.3115,0
1137.132,393.9353,0
1275.839,378.8149,0
1226.721,414.981,0
1217.221,465.5381,0
1186.475,462.0469,0
1269.723,395.7905,0
1185.682,410.2325,0
1278.089,428.0,
1203.411,366.35,0
1197.965,315.7793,0
1268.927,433.2943,0
1261.306,402.2201,0
1220.169,339.8484,0
1233.541,350.1461,0
1217.695,338.9896,0
1228.868,392.3132,0
1221.531,431.1487,0
1289.389,373.4874,0
1195.886,456.5705,0
1249.897,424.5867,0
1240.982,364.755,0
1263.45,370.1721,0
1250.747,397.57,0
1249.811,401.6091,0
1237.531,407.7545,0
1183.179,340.9249,0
1258.711,418.1724,0
1262.175,401.5472,0
1209.913,383.8099,0
1191.439,414.6642,0
1200.196,388.3888,0
1192.046,494.0855,0
1207.806,443.25,0
1217.926,391.1371,0
1223.564,490.3542,0
1270.242,384.2421,0
1233.435,435.9531,0
1304.217,318.8098,0
1245.977,388.5044,0
1177.302,494.7102,0
1228.506,470.0499,0
1281.511,378.2078,0
1214.442,387.4846,0
1271.627,331.0104,0
1248.146,366.4739,0
1179.658,394.7784,0
1247.158,433.0498,0
1219.249,410.8777,0
1232.393,397.9603,0
1229.89,369.9019,0
1243.356,406.0113,0
1215.744,412.621,0
1245.291,387.0766,0
1163.708,416.2183,0
1263.618,374.3256,0
1212.924,412.3882,0
1243.693,405.7183,0
1239.559,355.5704,0
1210.881,438.1067,0
1223.202,387.86,0
1176.478,417.6252,0
1176.794,462.2974,0
1144.156,344.0321,0
1113.897,388.5563,0
1263.423,410.0161,0
1195.363,435.0353,0
1244.439,374.0556,0
1268.507,457.7202,0
1297.776,400.0012,0
1268.019,406.5571,0
1215.668,378.5302,0
1301.695,378.2918,0
1315.13,410.2108,0
1321.658,313.9949,0
1251.848,407.6677,0
1114.86,340.7011,0
1262.15,383.3425,0
1294.392,416.3846,0
1251.087,499.9881,0
1260.096,356.9429,0
1242.729,384.1525,0
1262.432,379.8485,0
1215.567,412.418,0
1262.883,421.4337,0
1229.686,431.7692,0
1285.325,403.7827,0
1207.967,397.4638,0
1282.771,380.3365,0
1263.648,354.5605,0
1217.689,442.9254,0
1238.279,388.3397,0
1306.413,347.4761,0
1337.729,377.6475,0
1243.486,375.9264,0
1232.502,481.1546,0
1288.173,476.1359,0
1204.106,368.2524,0
1287.056,354.4589,0
1211.278,437.8867,0
1279.924,357.3516,0
1289.721,432.118,0
1229.142,476.3846,0
1188.473,355.6653,0
1257.232,384.1699,0
1215.037,394.4603,0
1223.827,350.1513,0
1231.628,311.6791,0
1161.862,367.71,0
1199.724,382.0026,0
1171.249,340.145,0
1204.964,440.9435,0
1302.273,414.9051,0
1230.048,465.3062,0
1184.628,372.1299,0
1246.358,445.1177,0
1261.487,400.9208,0
1309.062,379.2095,0
1252.906,369.511,0
1221.037,384.196,0
1297.94,362.4481,0
1247.824,404.8893,0
1237.736,429.6852,0
1283.957,360.9111,0
1265.227,382.5411,0
1198.298,387.6301,0
1196.632,344.6481,0
1265.418,415.6488,0
1231.463,407.4995,0
1242.588,352.1776,0
1254.472,327.2555,0
1233.195,420.7967,0
1235.469,371.2287,0
1219.864,409.7474,0
1271.486,407.1998,0
1231.512,414.5035,0
1256.298,457.9212,0
1284.258,352.2313,0
1249.413,374.606,0
1279.311,422.2642,0
1340.075,384.482,0
1266.328,454.2264,0
1321.957,383.1146,0
1185.899,392.6369,0
1306.183,290.4073,0
1215.905,379.045,0
1235.021,351.8273,0
1206.632,354.0988,0
1212.96,354.1926,0
1161.304,350.929,0
1256.199,403.4532,0
1218.481,388.2552,0
1188.835,392.2507,0
1370.292,435.1905,0
1156.748,326.4836,0
1230.727,425.7806,0
1294.994,362.9541,0
1185.373,400.184,0
1270.752,408.7447,0
1244.442,430.7607,0
1220.938,420.8354,0
1277.421,405.0053,0
1218.914,381.1766,0
1169.2,336.4384,0
1299.989,450.0488,0
1322.48,437.5632,0
1221.774,356.2112,0
1248.967,417.8863,0
1254.778,430.7223,0
1247.406,417.1313,0
1232.13,411.472,0
1269.221,375.9993,0
1219.588,465.5942,0
1223.849,406.9905,0
1241.053,340.758,0
1252.692,443.873,0
1309.001,354.3245,0
1154.903,380.3848,0
1205.375,357.9022,0
1286.692,431.3936,0
1221.104,404.9538,0
1242.557,352.4039,0
1187.594,350.6568,0
1232.417,3432.0,
1301.056,459.2675,0
1196.348,451.3452,0
1218.73,447.9456,0
1256.568,392.6842,0
1238.23,380.2496,0
1275.779,486.7377,0
1250.65,383.9886,0
1231.479,487.2051,0
1220.344,442.0657,0
1208.371,450.1308,0
1187.3,450.299,0
1246.21,364.3499,0
1278.554,357.9861,0
1180.43,410.402,0
1250.999,366.8124,0
1187.514,455.9827,0
1191.283,384.8127,0
1235.104,429.9175,0
1159.319,415.0962,0
1248.867,321.9933,0
1221.286,388.0965,0
1264.846,392.926,0
1176.841,417.8704,0
1287.445,390.8513,0
1239.457,395.7858,0
1277.128,454.2194,0
1173.845,377.2635,0
1233.762,408.4893,0
1298.623,356.5092,0
1231.68,439.8726,0
1182.849,404.9811,0
1241.87,343.1695,0
1308.591,391.5773,0
1249.098,379.2056,0
1246.639,355.7318,0
1198.256,424.9257,0
1256.445,367.4882,0
1244.981,309.1835,0
1130.159,452.079,0
1264.018,484.7273,0
1254.93,408.5411,0
1243.118,355.629,0
1232.024,403.95,0
1234.437,328.8552,0
1269.668,377.4461,0
1184.783,433.5436,0
1203.094,409.829,0
1204.226,319.7145,0
1204.529,381.4628,0
1228.3,368.217,0
1178.72,402.8311,0
1255.857,378.4455,0
1305.881,353.9774,0
1348.239,446.2454,0
1249.843,390.6057,0
1172.234,392.1677,0
1237.57,365.0818,0
1190.317,356.043,0
1290.359,367.8023,0
1251.79,352.039,0
1213.108,487.3575,0
1262.154,464.3256,0
1180.293,401.8361,0
1223.773,336.6788,0
1284.139,398.329,0
1293.393,482.9501,0
1211.042,346.6057,0
1253.517,385.9913,0
1239.913,362.2989,0
1194.057,495.3484,0
1207.567,470.8929,0
1174.371,405.9417,0
1338.463,409.0701,0
1336.921,377.9641,0
1190.036,306.0605,0
1250.946,312.921,0
1275.396,378.6605,0
1278.469,402.605,0
1238.731,407.7058,0
1254.625,397.2891,0
1224.14,385.0645,0
1221.533,400.2031,0
1287.892,425.5751,0
1295.566,383.9543,0
1211.265,389.5767,0
1115.468,323.9223,0
1241.773,394.9662,0
1217.811,362.2632,0
1251.581,399.8745,0
1230.71,359.7916,0
1256.986,391.3204,0
1192.542,399.655,0
1202.385,390.08,0
1334.998,389.3446,0
1306.868,479.1726,0
1194.036,368.4318,0
1215.693,493.7894,0
1224.544,395.8382,0
1216.778,451.869,0
1248.142,441.8149,0
1162.807,421.3434,0
1286.353,477.3182,0
1223.37,378.2586,0
1205.527,388.0204,0
1275.388,381.3663,0
1288.104,377.3007,0
1253.842,405.8963,0
1236.061,385.812,0
1232.358,446.6629,0
1283.453,391.7438,0
1244.981,441.1176,0
1213.338,348.3347,0
1175.109,377.8086,0
1292.813,390.432,0
1204.184,409.7209,0
1123.118,389.267,0
1262.547,438.4608,0
1280.586,400.7476,0
1228.24,412.3062,0
1219.273,414.7914,0
1276.039,378.9445,0
1247.649,373.3398,0
1235.085,342.2578,0
1275.637,384.2927,0
1190.73,307.4417,0
1209.784,391.584,0
1207.004,324.3123,0
1186.263,486.759,0
1251.814,468.0364,0
1270.875,433.7352,0
1260.165,403.3757,0
1189.725,495.3361,0
1255.011,344.2771,0
1176.109,385.1649,0
1226.39,449.9586,0
1226.488,365.5739,0
1239.986,462.1747,0
1221.624,508.5112,0
1300.416,419.5186,0
1214.581,375.5309,0
1186.236,378.4214,0
1178.452,6246.0,
1197.753,424.5212,0
1357.678,360.306,0
1239.26,397.9745,0
1163.844,351.6113,0
1263.67,378.1124,0
1272.521,323.8664,0
1257.402,383.2083,0
1270.473,396.5524,0
1194.02,389.4938,0
1223.886,384.4302,0
1251.316,406.4648,0
1349.473,400.6206,0
1236.281,367.2841,0
1222.127,443.8737,0
1186.071,370.6718,0
1267.676,379.5729,0
1217.856,417.9978,0
1222.452,426.9574,0
1201.43,340.5178,0
1297.467,414.775,0
1225.669,365.6712,0
1323.021,365.0894,0
1298.685,416.1162,0
1175.652,386.0057,0
1232.069,369.2106,0
1217.517,368.145,0
1197.789,374.1069,0
1223.023,462.8588,0
1274.532,411.8113,0
1171.419,400.9026,0
1181.01,367.8933,0
1228.13,395.2141,0
1182.788,467.9596,0
1155.443,382.0933,0
1221.426,437.1368,0
1218.4,358.7637,0
1296.681,396.9217,0
1290.979,357.4855,0
1295.505,362.4033,0
1241.053,481.8204,0
1213.232,455.7059,0
1236.502,346.5226,0
1193.324,348.8857,0
1264.202,416.2531,0
1165.76,418.8095,0
1165.125,370.9477,0
1322.351,329.2802,0
1151.157,341.1535,0
1200.207,447.7585,0
1196.381,449.4882,0
1197.396,449.6117,0
1264.257,416.7754,0
1136.644,413.8793,0
1282.57,384.3347,0
1226.466,411.0587,0
1199.88,421.4837,0
1211.647,371.5648,0
1277.176,373.3516,0
1297.32,362.7855,0
1124.489,408.043,0
1295.89,408.2102,0
1274.879,391.2108,0
1247.39,390.1031,0
1243.863,373.3537,0
1081.928,432.947,0
1221.87,303.8478,0
1276.231,404.9854,0
1230.705,449.5991,0
1263.02,409.499,0
1238.692,445.8777,0
1243.135,474.2144,0
1239.226,383.0228,0
1186.854,368.7363,0
1225.234,320.6727,0
1244.042,448.0447,0
1321.367,351.3789,0
1273.82,396.9221,0
1174.339,325.9372,0
1294.612,356.2325,0
1253.907,481.1646,0
1178.181,304.7738,0
1184.319,397.0461,0
1209.677,451.3708,0
1203.802,398.7745,0
1279.456,353.8058,0
1160.8,442.5581,0
1237.37,427.2534,0
1266.426,409.5674,0
1320.711,409.2927,0
1163.866,472.7155,0
1238.035,345.2902,0
1257.376,415.9996,0
1275.208,373.8262,0
1223.792,396.9338,0
1306.397,401.8159,0
1167.871,374.5303,0
1251.356,516.8534,0
1201.852,409.3011,0
1245.464,363.6379,0
1243.646,400.0767,0
1221.528,405.0664,0
1307.278,350.8806,0
1259.145,439.5727,0
1208.344,392.5177,0
1316.812,399.8721,0
1204.114,440.6132,0
1232.514,377.0989,0
1262.932,433.1257,0
1246.251,379.6365,0
1257.846,375.8538,0
1287.87,361.8106,0
1227.186,371.7689,0
1269.621,425.8926,0
1256.953,416.4115,0
1205.719,379.3306,0
1292.422,401.3945,0
1282.987,404.6506,0
1197.516,357.9611,0
1211.083,411.6861,0
1266.498,362.9796,0
1238.132,417.7192,0
1283.416,385.6835,0
1228.32,357.3417,0
1242.162,458.9039,0
1245.937,445.5685,0
1151.963,432.8732,0
1254.435,354.3411,0
1188.632,343.298,0
1255.728,340.3959,0
1246.195,391.8943,0
1278.487,364.7617,0
1278.211,358.5991,0
1262.031,381.5881,0
1228.45,423.7432,0
1290.855,434.5728,0
1253.369,400.4483,0
1179.698,362.8375,0
1182.42,425.3113,0
1228.698,462.7216,0
1290.81,368.2965,0
1317.271,409.9379,0
1257.884,434.3271,0
1166.319,329.7957,0
1232.631,367.7115,0
1201.122,347.5507,0
1206.607,407.9631,0
1300.984,360.7394,0
1302.203,436.4767,0
1222.057,328.7643,0
1252.868,363.0815,0
1251.003,385.7876,0
1266.763,408.3198,0
1248.562,407.6676,0
1320.073,440.7679,0
1181.177,400.1035,0
1279.237,423.2444,0
1223.391,303.9027,0
1221.794,385.4296,0
1264.667,360.9702,0
1193.139,348.9943,0
1168.136,422.6729,0
1291.359,379.9744,0
1215.972,434.6995,0
1180.579,366.5294,0
1222.35,423.3234,0
1290.952,406.2187,0
1286.52,395.2155,0
1201.466,362.8907,0
1272.531,370.4819,0
1278.834,436.0605,0
1202.358,451.7928,0
1225.236,316.5129,0
1214.311,417.9168,0
1257.421,409.5282,0
1234.592,396.8984,0
1260.131,387.7163,0
1232.57,428.8113,0
1225.394,413.8278,0
1209.199,406.8989,0
1237.611,417.3228,0
1220.922,339.8967,0
1240.422,389.5624,0
1198.351,315.457,0
1178.137,397.6482,0
1199.906,425.2877,0
1271.563,398.3224,0
1238.97,441.4718,0
1200.697,380.0779,0
1233.425,404.8725,0
1278.489,374.1854,0
1284.497,487.2662,0
1176.949,424.5257,0
1187.391,325.9719,0
1276.058,350.8289,0
1289.835,405.2604,0
1252.561,400.4582,0
1287.89,374.0288,0
1252.422,308.2968,0
1193.806,375.5447,0
1261.583,426.3094,0
1284.464,361.5139,0
1204.388,404.2231,0
1316.425,402.2933,0
1278.865,398.0456,0
1255.718,412.4219,0
1259.407,473.3419,0
1283.572,405.5467,0
1242.976,353.5497,0
1216.411,374.6501,0
1198.179,410.6686,0
1310.705,356.0425,0
1240.526,425.9324,0
1237.561,426.0694,0
1249.418,399.4994,0
1196.128,489.9223,0
1230.638,360.3235,0
1227.773,396.5654,0
1195.856,455.3714,0
1261.72,486.2506,0
1255.109,404.575,0
1211.501,385.3487,0
1271.49,454.9608,0
1150.834,365.9935,0
1287.618,444.0507,0
1208.666,378.3735,0
1296.529,376.6672,0
1283.642,459.8478,0
1289.454,349.0171,0
1268.359,344.2192,0
1275.987,330.8863,0
1296.025,408.2145,0
1247.714,338.6769,0
1269.921,420.8978,0
1226.521,372.326,0
1256.532,438.1425,0
1176.716,454.1378,0
1232.592,388.69,0
1222.668,386.3126,0
1213.342,395.4102,0
1218.534,443.6628,0
1238.17,370.7468,0
1240.361,399.309,0
1267.78,343.1625,0
1206.812,346.5704,0
1277.783,362.4114,0
1184.471,421.0576,0
1234.164,465.3378,0
1300.255,458.0975,0
1226.804,319.5913,0
1205.31,391.0167,0
1272.831,361.741,0
1198.849,364.6046,0
1232.245,453.41,0
1289.563,348.3497,0
1215.625,322.5069,0
1211.545,378.7116,0
1209.739,470.1267,0
1169.958,499.8424,0
1250.45,395.3405,0
1251.063,400.4443,0
1260.175,355.2874,0
1257.047,414.1816,0
1162.728,369.2263,0
1220.725,428.3928,0
1273.502,401.8271,0
1233.425,418.5861,0
1227.539,393.4568,0
1174.665,418.408,0
1213.87,455.004,0
1220.83,384.1512,0
1258.632,342.2449,0
1156.259,419.1084,0
1250.523,448.004,0
1285.746,419.9331,0
1189.677,337.8654,0
1224.459,389.6955,0
1203.111,384.4399,0
1252.864,363.9257,0
1246.96,483.9501,0
1224.991,348.5703,0
1190.05,362.7802,0
1279.517,374.476,0
1194.536,300.0847,0
1190.116,362.7326,0
1195.613,455.959,0
1239.327,425.7261,0
1213.219,328.6697,0
1227.323,441.2253,0
1354.504,430.1934,0
1187.178,411.6369,0
1238.516,405.5367,0
1254.11,411.3864,0
1278.789,399.0149,0
1253.636,451.4444,0
1212.315,422.1439,0
1230.27,397.5219,0
1175.485,419.9428,0
1198.97,382.8687,0
1275.308,396.3701,0
1179.377,398.1384,0
1224.1,348.5388,0
1207.859,367.9263,0
1218.184,452.4418,0
1151.724,383.8101,0
1218.505,352.4773,0
1190.923,458.6122,0
1274.962,399.9106,0
1182.927,427.7079,0
1205.026,355.2331,0
1129.683,424.8937,0
1158.281,389.1539,0
1248.505,372.7335,0
1243.997,388.1469,0
1149.828,388.7836,0
1307.336,343.7529,0
1205.324,492.1808,0
1279.259,439.1231,0
1292.083,426.6895,0
1256.71,418.8731,0
1265.116,413.3608,0
1195.688,360.1655,0
1263.608,382.0692,0
1315.057,445.3939,0
1141.171,419.7796,0
1257.56,326.7529,0
1231.924,348.2852,0
1208.499,398.7139,0
1240.13,412.5459,0
1254.126,373.471,0
1195.959,336.4634,0
1220.709,382.6781,0
1209.267,385.5706,0
1207.002,402.4743,0
1231.375,490.9458,0
1265.684,320.3143,0
1225.887,481.9116,0
1256.822,386.7221,0
1229.1,352.2447,0
1217.682,275.9278,0
1134.594,440.7886,0
1285.567,460.7726,0
1237.85,363.1045,0
1385.556,500.6708,0
1311.272,335.7673,0
1225.453,402.6055,0
1215.734,395.7018,0
1242.107,395.4996,0
1246.876,396.4532,0
1266.393,368.4713,0
1230.211,387.4622,0
1226.608,421.8843,0
1214.151,430.5477,0
1263.825,402.9329,0
1261.921,413.9942,0
1172.439,390.5204,0
1199.908,428.6817,0
1213.692,407.7058,0
1246.1,489.4057,0
1262.157,435.1752,0
1251.201,498.441,0
1175.694,387.0016,0
1251.737,366.4656,0
1246.724,390.7736,0
1165.23,392.614,0
1246.462,449.6449,0
1277.344,412.255,0
1293.876,395.1482,0
1327.609,369.2004,0
1199.903,487.9016,0
1245.362,421.2219,0
1183.336,430.8096,0
1212.75,422.5876,0
1194.067,401.2513,0
1264.496,408.6947,0
1134.682,376.3607,0
1189.83,389.8665,0
1251.126,402.4666,0
1215.779,433.7094,0
1219.862,419.3143,0
1231.953,325.4584,0
1308.869,349.0948,0
1261.825,405.8066,0
1263.351,411.4107,0
1172.418,352.3795,0
1275.595,388.4728,0
1253.241,352.3694,0
1240.499,492.1344,0
1220.291,424.5809,0
1285.966,369.2775,0
1177.889,332.2735,0
1372.915,376.4792,0
1275.099,392.9648,0
1255.116,432.7357,0
1337.589,295.2117,0
1280.372,326.0533,0
1321.836,394.9785,0
1251.952,316.5128,0
1198.416,424.3303,0
1243.943,508.8316,0
1215.166,425.2085,0
1278.9,373.0308,0
1217.33,379.5923,0
1253.403,406.9068,0
1296.136,406.8641,0
1254.836,322.7266,0
1215.317,442.127,0
1253.708,421.7634,0
1201.277,371.2532,0
1169.122,395.0121,0
1197.753,377.3424,0
1174.255,409.7991,0
1334.108,328.2029,0
1183.017,430.6241,0
1246.367,423.8615,0
1173.076,382.1068,0
1200.527,441.31,0
1231.16,337.5137,0
1309.962,425.3895,0
1196.151,367.5136,0
1240.419,380.238,0
1245.705,500.951,0
1303.535,422.4711,0
1245.882,326.3762,0
1115.916,407.7257,0
1251.558,362.5328,0
1244.448,485.719,0
1244.041,340.6422,0
1231.373,474.3046,0
1236.735,415.8266,0
1242.119,394.2875,0
1218.408,429.5263,0
1221.634,346.1542,0
1217.791,427.0804,0
1292.397,374.9579,0
1219.6,387.5625,0
1278.4,379.0594,0
1154.251,454.2722,0
1207.118,404.9434,0
1254.216,337.0408,0
1274.907,402.7399,0
1238.794,404.0801,0
1234.997,416.113,0
1235.554,418.8126,0
1167.428,333.6713,0
1221.451,423.2238,0
1227.312,405.3349,0
1298.518,443.9051,0
1228.947,389.6196,0
1255.512,327.3148,0
1194.831,367.3878,0
1192.621,370.8558,0
1273.356,359.4796,0
1225.459,379.0163,0
1312.76,443.1734,0
1270.766,397.5991,0
1190.453,405.8104,0
1246.03,349.3474,0
1257.365,419.4061,0
1238.519,373.1174,0
1286.946,330.1533,0
1242.269,422.9359,0
1235.495,359.9605,0
1271.453,347.525,0
1278.797,326.1633,0
1231.912,302.0361,0
1216.086,358.7673,0
1187.983,443.9301,0
1176.021,441.4233,0
1274.154,440.958,0
1279.058,336.1194,0
1154.133,362.8806,0
1161.475,397.9316,0
1273.696,401.1752,0
1335.254,301.1221,0
1285.666,419.6578,0
1209.554,448.0098,0
1231.792,406.3399,0
1197.728,322.5377,0
1268.148,396.3402,0
1240.232,341.0884,0
1286.309,443.6401,0
1170.168,380.3901,0
1259.667,403.1686,0
1239.059,481.9713,0
1260.482,447.0048,0
1220.773,353.4088,0
1202.725,383.1381,0
1163.275,377.9503,0
1218.177,397.7578,0
1233.495,427.713,0
1239.807,433.0028,0
1234.687,307.0446,0
1228.93,434.2273,0
1168.205,455.4627,0
1264.322,295.3521,0
1148.592,375.4019,0
1175.032,346.8522,0
1250.932,277.7912,0
1185.988,446.3901,0
1230.888,400.638,0
1208.891,413.9577,0
1323.156,382.5463,0
1249.467,343.8623,0
1246.896,370.5126,0
1256.385,402.379,0
1242.109,351.9001,0
1194.516,395.3313,0
1225.833,482.6884,0
1256.589,432.1285,0
1155.289,430.736,0
1180.128,344.043,0
1243.561,426.0071,0
1308.714,391.3164,0
1284.398,407.931,0
1273.135,449.292,0
1260.717,378.7864,0
1261.193,360.595,0
1247.618,330.7438,0
1281.038,384.5472,0
1311.351,422.8774,0
1191.461,469.3761,0
1197.672,376.0641,0
1230.76,418.1393,0
1232.14,355.6556,0
1206.918,441.0468,0
1213.162,403.2913,0
1219.041,447.1571,0
1202.892,425.1749,0
1272.006,363.0784,0
1179.889,491.587,0
1272.615,397.5391,0
1161.887,375.7955,0
1236.164,461.1368,0
1244.962,521.6256,0
1272.46,393.9449,0
1244.867,400.0659,0
1251.396,458.3824,0
1160.747,386.9548,0
1211.906,379.4742,0
1280.165,339.8399,0
1202.022,421.2626,0
1257.582,381.8008,0
1268.578,355.5309,0
1274.767,376.3743,0
1147.264,451.9977,0
1239.608,435.4655,0
1250.585,441.6517,0
1255.205,398.0289,0
1248.042,324.4763,0
1278.455,352.5124,0
1215.344,365.9841,0
1249.273,452.1284,0
1187.73,381.6147,0
1238.283,393.6019,0
1214.419,413.507,0
1259.324,417.2528,0
1195.947,405.2624,0
1285.01,432.9196,0
1236.824,439.2224,0
1286.262,363.3853,0
1268.446,412.9594,0
1203.634,368.0035,0
1289.438,347.5859,0
1236.185,363.512,0
1157.523,407.0527,0
1213.608,391.6097,0
1231.372,443.4302,0
1233.226,389.0247,0
1300.815,379.0428,0
1292.048,423.285,0
1277.771,439.6819,0
1126.481,323.5135,0
1230.577,375.8939,0
1240.339,362.7308,0
1278.196,383.5358,0
1287.021,390.1866,0
1235.686,371.0269,0
1114.208,437.6711,0
1308.495,376.2036,0
1265.704,441.2992,0
1284.362,384.5707,0
1146.817,441.5121,0
1257.483,358.4222,0
1225.015,409.7836,0
1273.137,511.8894,0
1232.939,373.9132,0
1257.684,383.2877,0
1224.165,425.8672,0
1216.207,442.2729,0
1255.11,432.2016,0
1225.719,440.1387,0
1212.798,387.8951,0
1229.908,428.6735,0
1203.076,425.5865,0
1210.913,315.4026,0
1213.82,338.8714,0
1182.318,356.6621,0
1302.923,345.4871,0
1318.059,420.5624,0
1250.375,416.8157,0
1223.569,451.8082,0
1215.616,433.4177,0
1197.499,452.8855,0
1268.625,350.8758,0
1226.935,397.5255,0
1245.146,331.7877,0
1217.491,347.2616,0
1213.394,352.4769,0
1283.371,425.1256,0
1277.095,401.676,0
1190.424,329.4696,0
1246.297,332.7167,0
1220.328,434.136,0
1307.867,352.8785,0
1228.981,276.2475,0
1188.406,393.9102,0
1214.801,338.255,0
1270.218,398.7365,0
1283.775,358.5698,0
1317.351,389.7859,0
1218.861,418.0511,0
1206.295,433.0038,0
1214.367,422.9275,0
1259.075,398.6874,0
1260.401,415.9576,0
1184.232,405.3922,0
1183.242,361.2274,0
1303.087,341.0768,0
1220.19,429.7736,0
1202.425,415.9843,0
1278.137,410.1559,0
1296.007,386.4417,0
1259.198,380.5789,0
1163.084,338.9568,0
1128.167,353.0486,0
1254.93,417.486,0
1229.06,338.137,0
1277.355,433.68,0
1279.248,428.3072,0
1300.032,367.6707,0
1225.022,414.7183,0
1239.686,380.2095,0
1158.177,463.1315,0
1284.941,379.0914,0
1344.008,355.8209,0
1256.542,350.2197,0
1209.578,396.0301,0
1197.754,442.4612,0
1154.689,425.3571,0
1262.245,424.0771,0
1163.272,401.5826,0
1294.844,362.6239,0
1236.629,463.1658,0
1278.906,444.5391,0
1229.238,368.0779,0
1260.49,414.4893,0
1170.033,444.6892,0
1283.544,414.4974,0
1199.921,339.1448,0
1181.958,350.9209,0
1238.236,415.0757,0
1223.877,444.7812,0
1147.253,365.4944,0
1232.101,401.2715,0
1284.196,428.6335,0
1188.522,388.8481,0
1276.265,450.488,0
1238.708,373.892,0
1273.888,407.3135,0
1202.072,369.2139,0
1271.832,342.4081,0
1174.225,387.6653,0
1190.136,330.0069,0
1251.423,422.8154,0
1224.189,381.7964,0
1261.395,358.2396,0
1288.952,344.8485,0
1283.573,423.1344,0
1209.729,370.1769,0
1186.775,405.2552,0
1192.374,380.3776,0
1270.454,414.0885,0
1235.325,425.0064,0
1291.198,415.666,0
1221.057,400.4174,0
1241.924,408.2329,0
1221.805,441.6694,0
1240.157,372.702,0
1236.498,438.5999,0
1255.674,398.1033,0
1284.9,390.5328,0
1192.418,361.7873,0
1258.238,421.6827,0
1187.631,355.5413,0
1258.504,396.2241,0
1242.719,356.3856,0
1236.47,346.9489,0
1266.295,351.2364,0
1194.576,380.7396,0
1224.422,421.7795,0
1218.849,391.4408,0
1194.629,416.4158,0
1228.511,372.0495,0
1292.295,337.6313,0
1224.448,386.6893,0
1165.071,404.1611,0
1271.585,400.2592,0
1179.797,368.7186,0
1212.18,330.379,0
1254.368,416.4883,0
1257.647,435.9894,0
1220.529,381.0333,0
1233.774,389.2377,0
1173.629,406.9406,0
1212.178,419.3851,0
1260.699,403.7684,0
1272.199,488.9472,0
1201.858,432.9351,0
1167.949,357.9377,0
1234.623,437.5781,0
1257.379,413.0955,0
1099.611,384.5189,0
1322.818,359.1368,0
1224.784,425.1547,0
1286.063,436.6377,0
1235.198,423.3084,0
1229.931,466.8068,0
1185.566,452.8527,0
1178.908,454.1199,0
1309.666,347.0803,0
1175.779,459.0439,0
1243.558,400.0648,0
1224.726,397.4678,0
1213.32,423.4343,0
1321.602,390.3552,0
1276.044,354.2607,0
1245.716,392.6375,0
1278.592,365.7776,0
1282.466,405.1496,0
1182.685,364.301,0
1274.021,386.6689,0
1170.203,393.7693,0
1224.293,445.4358,0
1284.849,416.2928,0
1199.536,420.2412,0
1259.97,411.9271,0
1209.6,464.7115,0
1270.771,422.6749,0
1249.344,406.562,0
1211.436,408.0438,0
1200.102,410.0995,0
1188.74,417.5269,0
1213.107,359.1155,0
1238.835,409.439,0
1225.37,395.5107,0
1250.231,404.1263,0
1271.452,353.9604,0
1313.746,435.6342,0
1304.985,445.5609,0
1349.166,456.9302,0
1203.362,356.9732,0
1227.8,369.8251,0
1185.753,357.5005,0
1185.86,412.2286,0
1265.014,339.0511,0
1176.038,404.279,0
1344.768,399.2869,0
1211.863,424.9041,0
1350.762,298.4902,0
1259.732,464.6068,0
1222.114,451.0464,0
1308.164,377.9056,0
1190.799,329.6671,0
1314.438,428.2756,0
1269.65,407.9265,0
1239.729,344.6879,0
1211.151,420.7292,0
1185.277,438.7104,0
1248.797,366.9443,0
1216.146,471.6528,0
1262.044,454.0914,0
1254.06,336.3738,0
1212.014,427.3864,0
1290.846,431.1617,0
1250.512,421.557,0
1311.959,384.1777,0
1182.344,471.301,0
1205.312,442.5959,0
1296.897,372.6921,0
1191.107,373.321,0
1279.687,389.1519,0
1182.232,400.7974,0
1200.157,502.5513,0
1197.084,412.4331,0
1260.527,432.5963,0
1270.179,360.7187,0
1261.684,447.7933,0
1193.716,475.8948,0
1221.346,391.0646,0
1331.668,394.0525,0
1232.638,411.1248,0
1232.28,422.6887,0
1227.24,448.6309,0
1247.098,431.3478,0
1236.093,370.2314,0
1300.411,366.91,0
1144.449,410.3666,0
1304.497,373.6429,0
1204.091,409.5497,0
1179.598,296.1711,0
1237.216,454.5462,0
1148.393,326.8681,0
1173.931,369.3934,0
1192.048,388.2823,0
1278.724,390.5784,0
1154.814,315.2162,0
1256.291,385.0445,0
1266.338,418.5237,0
1305.451,417.4884,0
1231.337,410.2646,0
1176.244,407.095,0
1220.757,430.2044,0
1294.568,313.3597,0
1205.991,377.1508,0
1162.388,386.8058,0
1211.842,398.407,0
1149.766,384.1641,0
1230.413,435.9108,0
1263.494,367.5228,0
1254.815,362.4116,0
1250.966,504.6353,0
1241.6,390.1871,0
1221.649,484.885,0
1153.107,409.4169,0
1276.65,436.4645,0
1196.494,310.3372,0
1268.755,377.2983,0
1245.53,377.6818,0
1317.892,402.2462,0
1191.835,377.3591,0
1177.278,438.7365,0
1164.945,365.2131,0
1292.108,375.2629,0
1283.461,309.7193,0
1235.576,402.1248,0
1227.682,337.5262,0
1228.042,464.7595,0
1275.722,401.8168,0
1281.272,349.6606,0
1244.108,340.7785,0
1277.752,381.7245,0
1283.417,376.9566,0
1207.768,314.8732,0
1190.338,398.0002,0
1209.869,383.6453,0
1247.326,401.5769,0
1272.014,450.1576,0
1164.583,390.7991,0
1177.367,430.8793,0
1136.739,373.4977,0
1239.283,450.7216,0
1169.525,381.7106,0
1237.391,387.615,0
1254.541,367.4018,0
1254.211,436.4719,0
1190.596,406.4805,0
1298.262,313.1041,0
1218.833,359.2345,0
1270.517,371.6649,0
1259.982,381.8667,0
1217.452,488.0343,0
1240.903,337.3046,0
1274.514,399.1028,0
1240.222,425.2713,0
1340.438,429.4568,0
1237.184,380.0843,0
1254.131,377.0733,0
1253.626,400.6457,0
1195.927,425.8613,0
1299.266,417.2213,0
1262.619,406.4225,0
1237.185,441.3499,0
1348.327,431.7671,0
1287.927,430.4683,0
1254.667,439.3132,0
1259.509,383.1603,0
1187.568,373.2593,0
1270.638,378.7875,0
1235.229,425.9717,0
1250.167,420.9329,0
1272.011,412.8712,0
1234.216,424.784,0
1266.7,395.0005,0
1224.734,374.6216,0
1228.014,402.5604,0
1247.103,393.5069,0
1164.554,409.2679,0
1235.807,415.3497,0
1231.709,399.3164,0
1280.953,417.0631,0
1244.008,353.6503,0
1236.682,409.8752,0
1251.731,377.6313,0
1214.932,413.9708,0
1240.899,344.7971,0
1307.36,423.1852,0
1280.711,385.0367,0
1248.888,379.1531,0
1311.604,431.2716,0
1252.956,418.8218,0
1257.35,405.0384,0
1229.149,352.1531,0
1189.042,394.6092,0
1164.018,341.3362,0
1136.933,348.2729,0
1269.594,394.468,0
1226.539,474.2092,0
1274.094,362.3787,0
1247.458,439.7703,0
1252.148,434.7031,0
1149.366,471.1153,0
1201.264,374.6188,0
1252.695,353.1054,0
1209.718,381.0422,0
1252.448,448.031,0
1223.834,431.4444,0
1314.081,406.3246,0
1293.358,345.6459,0
1223.671,432.024,0
1237.186,384.8851,0
1283.917,292.4048,0
1279.544,395.5797,0
1308.163,459.2537,0
1278.487,345.193,0
1308.128,401.181,0
1257.825,421.2642,0
1259.508,403.3987,0
1219.223,382.8119,0
1241.102,373.5991,0
1208.209,362.852,0
1168.634,423.925,0
1176.753,471.9156,0
1180.582,423.916,0
1161.379,441.4129,0
1216.706,369.3621,0
1243.358,388.0032,0
1307.445,414.8117,0
1263.787,505.4381,0
1286.356,340.6512,0
1188.977,390.4716,0
1236.185,379.8298,0
1196.456,469.6317,0
1211.292,378.2119,0
1314.489,423.9768,0
1304.018,435.3,0
1233.143,448.1609,0
1292.401,384.0725,0
1235.658,484.5776,0
1216.461,394.6205,0
1191.525,441.452,0
1265.507,414.9307,0
1276.261,438.2272,0
1293.809,465.2599,0
1207.993,487.336,0
1160.214,428.3535,0
1225.324,464.1437,0
1257.051,339.3492,0
1221.21,399.4447,0
1132.795,387.9919,0
1262.461,355.306,0
1312.796,416.0855,0
1313.388,391.7209,0
1176.238,446.5016,0
1215.999,371.8351,0
1242.921,373.7132,0
1220.73,384.0853,0
1231.147,407.0938,0
1260.391,392.8251,0
1290.686,385.1645,0
1275.3,304.2311,0
1253.44,368.9977,0
1231.623,307.1922,0
1320.941,381.2083,0
1251.472,378.7365,0
1260.188,374.0826,0
1249.559,417.5084,0
1218.208,346.426,0
1302.794,405.4597,0
1198.802,420.2941,0
1158.153,447.9333,0
1198.507,455.6494,0
1253.816,375.8214,0
1240.706,465.7438,0
1243.532,425.8842,0
1244.978,411.6009,0
1288.863,433.1644,0
1225.935,427.8908,0
1282.084,394.6595,0
1308.325,414.6229,0
1153.458,352.9067,0
1315.271,416.3848,0
1191.763,443.2195,0
1191.888,439.8348,0
1242.634,347.1196,0
1212.695,432.1286,0
1219.865,435.9264,0
1167.495,404.1814,0
1226.941,378.7432,0
1233.049,356.0438,0
1217.802,457.6348,0
1247.956,441.8823,0
1321.855,430.9865,0
1209.616,403.2174,0
1237.179,457.9429,0
1276.182,334.4445,0
1189.231,423.5851,0
1253.148,488.0687,0
1150.744,356.0664,0
1308.824,395.22,0
1237.552,377.5169,0
1167.607,417.7356,0
1275.318,402.9197,0
1264.473,398.9002,0
1185.695,449.2261,0
1262.215,419.6263,0
1167.801,425.4125,0
1226.012,357.4299,0
1275.638,413.5352,0
1180.069,424.0018,0
1200.115,377.6961,0
1228.274,342.8523,0
1219.141,451.9683,0
1174.659,408.7112,0
1279.401,384.9471,0
1308.633,368.9376,0
1332.383,331.5896,0
1290.084,350.1213,0
1233.807,359.4512,0
1191.747,377.2586,0
1274.689,428.621,0
1257.049,393.1259,0
1133.916,406.3703,0
1228.741,433.8568,0
1249.125,499.5387,0
1260.818,469.3777,0
1214.951,367.2639,0
1252.221,431.639,0
1250.972,418.5122,0
1266.937,377.2971,0
1282.053,376.449,0
1277.315,478.9948,0
1256.394,371.1461,0
1309.739,382.1851,0
1200.901,439.2502,0
1218.08,364.7225,0
1266.952,378.4432,0
1215.206,385.5126,0
1322.279,442.0875,0
1256.24,443.5145,0
1278.192,444.9794,0
1184.658,420.3027,0
1284.797,278.1979,0
1120.668,428.7952,0
1253.65,422.1316,0
1199.836,366.354,0
1171.198,458.9082,0
1204.765,327.8697,0
1282.914,335.9537,0
1264.331,420.1893,0
1263.434,448.7082,0
1178.521,407.8436,0
1264.088,377.385,0
1254.25,392.3411,0
1248.468,416.1381,0
1301.879,413.6211,0
1173.777,389.0923,0
1217.596,421.0919,0
1206.034,445.3218,0
1238.79,397.8386,0
1224.469,404.8788,0
1232.444,423.5889,0
1212.979,425.4651,0
1261.64,305.3318,0
1262.636,416.9155,0
1204.661,455.3997,0
1212.647,451.9083,0
1226.093,417.6313,0
1211.011,334.1548,0
1205.011,455.6381,0
1226.496,388.0122,0
1244.65,390.3572,0
1232.378,380.1734,0
1151.406,440.1934,0
1317.442,371.2461,0
1252.745,358.4666,0
1252.003,384.201,0
1263.517,382.4528,0
1323.065,438.5761,0
1298.911,424.183,0
1305.96,379.8839,0
1266.282,408.0765,0
1268.795,340.2978,0
1243.35,398.5336,0
1309.675,350.8848,0
1203.664,424.4873,0
1295.037,340.3863,0
1222.346,378.7484,0
1174.361,379.4606,0
1175.749,398.6982,0
1216.783,326.572,0
1322.987,428.2499,0
1245.777,423.4048,0
1219.912,337.7317,0
1197.535,408.4981,0
1185.004,437.9615,0
1282.119,429.5095,0
1390.652,385.1436,0
1213.553,368.9804,0
1338.421,362.4388,0
1293.926,440.8107,0
1256.009,437.7779,0
1267.971,367.0057,0
1200.144,413.6476,0
1346.801,337.7343,0
1239.297,394.3912,0
1229.501,385.9193,0
1292.188,417.655,0
1182.632,430.7985,0
1245.419,400.4681,0
1301.385,428.2813,0
1191.609,370.3264,0
1148.323,427.7306,0
1243.98,367.3527,0
1207.023,330.7563,0
1206.876,393.4292,0
1171.966,406.6676,0
1146.436,390.5253,0
1230.731,353.4284,0
1226.635,411.9104,0
1209.89,402.7474,0
1248.77,434.9388,0
1238.316,356.2057,0
1295.816,358.3262,0
1187.265,357.8431,0
1305.236,368.1124,0
1249.277,441.6727,0
1315.204,405.609,0
1238.595,418.3326,0
1276.111,426.6631,0
1295.731,429.8832,0
1131.469,489.9973,0
1199.479,381.3607,0
1279.119,480.2084,0
1292.597,443.0149,0
1224.978,455.4344,0
1210.55,377.6085,0
1236.512,443.6946,0
1224.195,440.8593,0
1175.328,407.4182,0
1351.755,329.498,0
1285.436,432.9118,0
1210.302,396.4844,0
1244.469,393.8171,0
1253.203,353.2472,0
1216.745,366.5474,0
1212.573,413.1994,0
1192.485,471.1231,0
1275.041,333.0485,0
1231.967,319.9351,0
1189.449,387.5278,0
1283.883,351.6822,0
1199.123,375.5112,0
1304.427,412.1602,0
1257.575,368.6811,0
1178.912,344.788,0
1257.932,386.4999,0
1201.062,401.1678,0
1255.606,455.3029,0
1178.04,357.9726,0
1183.488,345.3018,0
1149.332,414.785,0
1205.14,458.2738,0
1228.192,388.6003,0
1297.537,437.4542,0
1231.55,417.4247,0
1132.134,385.2667,0
1259.064,416.6696,0
1230.749,461.7802,0
1260.81,415.4752,0
1231.968,361.6238,0
1195.672,460.5466,0
1202.052,383.39,0
1305.834,446.2783,0
1264.84,311.4146,0
1209.082,401.0005,0
1262.105,414.3145,0
1132.978,463.2949,0
1255.511,419.3764,0
1122.306,366.5981,0
1177.86,432.3646,0
1246.646,364.3989,0
1330.25,363.2882,0
1274.81,329.0406,0
1315.366,496.9806,0
1228.696,397.5608,0
1245.489,427.9938,0
1255.046,342.3596,0
1297.963,396.0796,0
1248.657,402.9823,0
1197.09,410.2946,0
1162.782,311.5935,0
1203.808,327.8484,0
1247.334,445.5244,0
1233.12,339.4431,0
1253.828,427.606,0
1256.592,438.449,0
1225.926,366.5453,0
1209.934,297.0431,0
1191.944,383.5133,0
1273.048,433.0767,0
1206.568,340.7338,0
1264.818,418.3578,0
1275.377,363.6313,0
1314.548,382.8893,0
1272.258,349.0996,0
1235.308,450.4752,0
1224.92,321.9222,0
1248.649,487.8624,0
1259.009,448.0405,0
1263.705,400.3804,0
1301.246,477.0002,0
1223.66,445.6981,0
1255.816,372.8267,0
1251.686,419.7862,0
1268.053,421.863,0
1240.407,423.2478,0
1217.983,424.0297,0
1274.691,388.8146,0
1252.443,474.5226,0
1242.237,457.7138,0
1279.993,396.952,0
1183.338,383.6736,0
1230.403,424.0421,0
1167.1,376.2776,0
1285.172,301.476,0
1243.565,416.1988,0
1355.078,410.6277,0
1279.568,389.6014,0
1200.024,336.5018,0
1246.862,443.937,0
1127.182,409.9384,0
1227.02,374.5247,0
1278.63,432.1274,0
1296.114,371.4704,0
1259.314,343.7581,0
1247.051,397.4119,0
1179.774,308.2922,0
1256.589,343.217,0
1198.877,433.8762,0
1259.253,374.0294,0
1325.789,374.2553,0
1203.469,291.0139,0
1221.442,355.0747,0
1159.297,457.4598,0
1295.191,376.5324,0
1207.675,412.2386,0
1300.142,385.5954,0
1217.821,428.2947,0
1249.194,330.1844,0
1310.72,402.9424,0
1173.627,473.5087,0
1231.415,391.7311,0
1174.14,422.2946,0
1252.885,382.7043,0
1317.837,410.64,0
1237.492,406.1968,0
1167.111,353.668,0
1250.387,362.2485,0
1199.145,350.5239,0
1284.903,412.2845,0
1217.579,447.5363,0
1258.143,404.7056,0
1131.267,386.9738,0
1206.34,485.7164,0
1300.021,378.3918,0
1206.628,377.4496,0
1223.469,444.3328,0
1258.763,338.0847,0
1285.746,341.9704,0
1334.317,366.3451,0
1234.774,429.8993,0
1247.188,357.1081,0
1176.129,437.846,0
1262.546,399.1669,0
1264.897,426.7707,0
1215.452,376.5498,0
1212.375,352.41,0
1231.824,334.6752,0
1242.889,439.2064,0
1238.093,355.0402,0
1224.416,404.8444,0
1317.819,362.1711,0
1252.792,380.8095,0
1259.83,341.4866,0
1275.759,438.6943,0
1210.909,372.4485,0
1226.687,353.0988,0
1254.068,367.6423,0
1221.148,431.9754,0
1248.079,418.1802,0
1246.205,390.6511,0
1224.745,409.8474,0
1299.663,439.9763,0
1236.193,390.7151,0
1217.839,395.3377,0
1308.318,362.6188,0
1281.993,352.0176,0
1242.342,302.8072,0
1222.031,404.2326,0
1245.074,488.5113,0
1251.72,400.5252,0
1280.056,406.3427,0
1175.785,377.3614,0
1234.021,393.8912,0
1303.104,339.0173,0
1209.671,351.2861,0
1323.01,384.927,0
1198.651,356.331,0
1101.273,405.0372,0
1280.874,401.27,0
1231.3,393.4417,0
1269.336,409.7496,0
1216.042,341.2299,0
1319.958,417.5266,0
1188.682,442.0246,0
1194.125,377.4845,0
1228.554,488.5031,0
1188.734,396.4939,0
1194.604,368.0855,0
1223.314,347.7966,0
1224.82,308.6917,0
1224.584,356.2463,0
1294.976,407.0113,0
1182.009,413.2332,0
1257.997,331.8712,0
1232.192,373.5408,0
1160.127,355.3256,0
1245.873,393.6815,0
1256.992,417.4014,0
1132.049,285.6495,0
1211.258,368.9938,0
1230.928,310.1642,0
1231.676,427.5349,0
1272.035,368.8937,0
1205.719,388.3843,0
1161.97,319.4792,0
1198.471,433.6694,0
1192.949,370.0306,0
1261.874,378.488,0
1265.838,447.1638,0
1347.392,400.9257,0
1180.911,414.066,0
1213.435,407.6406,0
1168.854,359.6696,0
1207.084,399.5405,0
1249.559,381.8239,0
1274.282,363.6979,0
1181.118,408.1364,0
1302.138,459.5318,0
1220.693,390.864,0
1202.581,444.0508,0
1224.296,449.0732,0
1164.014,353.6696,0
1255.687,368.4251,0
1239.055,373.0809,0
1329.902,320.4961,0
1224.772,379.765,0
1159.172,405.1124,0
1307.063,423.5267,0
1154.062,390.6357,0
1314.225,445.0262,0
1322.534,425.6263,0
1227.189,409.769,0
1293.762,370.8156,0
1206.623,361.0473,0
1142.222,374.5605,0
1215.645,399.2136,0
1286.652,454.0959,0
1175.671,407.3608,0
1161.801,375.5376,0
1219.961,379.0305,0
1177.228,355.3054,0
1191.878,389.0291,0
1269.394,449.0317,0
1180.219,432.3831,0
1178.033,412.8522,0
1239.614,439.0121,0
1202.62,428.3624,0
1224.824,465.6021,0
1270.677,351.1138,0
1325.411,408.9772,0
1292.724,393.0999,0
1296.563,450.9793,0
1209.937,367.8509,0
1245.034,395.0474,0
1187.484,425.553,0
1270.097,421.4581,0
1177.557,434.244,0
1153.75,370.1952,0
1300.67,345.1986,0
1219.459,499.4688,0
1182.89,392.6872,0
1238.298,431.403,0
1220.582,448.0375,0
1211.368,489.5095,0
1309.093,401.8391,0
1231.445,453.6935,0
1238.876,468.9874,0
1219.426,427.481,0
1254.397,444.5392,0
1203.784,411.6699,0
1277.363,338.7206,0
1185.868,381.2674,0
1252.79,422.1319,0
1228.565,420.4755,0
1265.875,406.6171,0
1224.891,313.231,0
1278.245,396.116,0
1221.191,423.6059,0
1229.165,421.7053,0
1192.893,396.8707,0
1261.581,368.2339,0
1299.522,443.5612,0
1240.458,429.0049,0
1204.179,363.7303,0
1270.761,435.7093,0
1230.288,414.1057,0
1264.647,403.7635,0
1220.428,436.2879,0
1260.206,444.4986,0
1180.55,367.939,0
1249.166,426.4996,0
1215.609,413.9885,0
1279.127,325.5001,0
1161.965,337.0544,0
1231.386,412.7581,0
1208.359,509.2827,0
1236.567,359.5276,0
1242.737,389.997,0
1209.304,335.5244,0
1280.02,366.119,0
1275.818,365.918,0
1198.996,485.1088,0
1182.807,441.0157,0
1258.154,402.9625,0
1264.126,392.4482,0
1247.166,403.0726,0
1280.184,419.1342,0
1225.806,398.54,0
1210.107,374.773,0
1281.65,355.9879,0
1175.99,392.6978,0
1227.391,418.006,0
1305.106,394.1225,0
1226.848,463.0435,0
1283.184,371.8698,0
1206.6,378.017,0
1216.905,428.3896,0
1287.627,421.7715,0
1266.268,449.3504,0
1278.62,381.0571,0
1271.669,371.2624,0
1298.857,372.0946,0
1254.051,463.7326,0
1229.173,394.2064,0
1188.151,442.9316,0
1298.185,345.4349,0
1221.154,372.5858,0
1236.486,410.9127,0
1260.076,413.3426,0
1219.612,409.7753,0
1211.017,348.3937,0
1164.652,440.7708,0
1181.545,505.3769,0
1281.066,381.2538,0
1270.612,401.0565,0
1251.917,409.2978,0
1249.497,360.4711,0
1212.307,469.8594,0
1157.099,433.614,0
1231.172,425.3874,0
1224.219,429.9937,0
1194.118,405.0518,0
1252.709,397.2407,0
1215.979,421.3806,0
1252.805,348.1926,0
1271.224,412.1727,0
1284.896,412.8563,0
1234.01,421.225,0
1295.625,420.1561,0
1258.052,397.4702,0
1248.682,371.2192,0
1199.068,333.9839,0
1206.582,418.8031,0
1193.866,335.2468,0
1266.72,332.2783,0
1236.868,402.5546,0
1256.153,341.3748,0
1247.892,358.918,0
1209.652,397.0546,0
1217.358,434.4855,0
1266.809,364.293,0
1223.848,362.6057,0
1280.956,357.3686,0
1240.38,394.0227,0
1268.35,362.2928,0
1276.774,343.4081,0
1208.63,423.4581,0
1183.44,472.1971,0
1283.646,407.7275,0
1238.487,436.9442,0
1264.955,388.5921,0
1154.557,417.8342,0
1255.509,420.8655,0
1255.394,387.6609,0
1314.623,421.8304,0
1163.705,414.3209,0
1142.36,356.0203,0
1245.518,310.0682,0
1212.067,482.3213,0
1297.872,403.3098,0
1346.577,350.2963,0
1208.153,462.9731,0
1225.689,345.0328,0
1172.66,385.1662,0
1227.722,429.5662,0
1216.591,491.4637,0
1211.364,388.091,0
1260.14,389.4122,0
1227.681,367.4772,0
1357.744,388.8222,0
1283.258,452.8862,0
1281.316,456.8603,0
1237.209,408.623,0
1297.874,360.9567,0
1209.556,387.1212,0
1238.946,464.1481,0
1198.831,423.437,0
1230.182,414.864,0
1258.926,425.9796,0
1170.118,396.7593,0
1290.248,454.5372,0
1231.243,452.2987,0
1277.033,439.6895,0
1198.851,389.4824,0
1280.192,421.776,0
1240.284,360.3018,0
1183.845,320.2701,0
1242.482,419.1815,0
1245.026,341.4611,0
1142.145,350.2454,0
1098.711,382.2325,0
1157.82,398.0643,0
1329.988,420.6295,0
1257.345,474.8535,0
1233.367,414.6121,0
1274.134,385.2695,0
1181.672,438.4216,0
1264.423,415.6513,0
1235.458,413.1331,0
1262.311,388.177,0
1262.551,396.1672,0
1292.997,417.6017,0
1280.984,409.2648,0
1271.185,386.0651,0
1268.599,403.6673,0
1141.847,434.3055,0
1269.384,455.19,0
1173.635,442.9677,0
1159.469,364.8489,0
1195.581,364.2543,0
1292.088,390.3707,0
1245.293,397.0041,0
1365.968,378.8161,0
1256.044,400.0654,0
1259.563,391.758,0
1327.826,358.108,0
1244.086,335.9391,0
1254.728,362.3257,0
1258.44,385.5441,0
1270.171,451.9575,0
1165.841,464.6816,0
1278.516,405.3287,0
1243.982,360.7802,0
1142.993,450.9619,0
1200.755,455.1459,0
1249.972,464.7747,0
1128.687,358.9944,0
1265.438,438.7978,0
1255.012,451.3809,0
1218.965,372.1626,0
1293.753,367.6086,0
1235.258,417.2051,0
1348.752,340.5674,0
1217.056,451.7634,0
1275.51,389.3034,0
1214.756,465.3048,0
1167.953,378.4147,0
1183.968,432.0577,0
1190.384,360.8576,0
1219.768,321.4141,0
1265.701,434.1605,0
1177.604,364.0419,0
1256.012,396.9295,0
1234.431,365.6235,0
1194.948,360.3159,0
1182.097,413.39,0
1295.447,399.6559,0
1142.4,404.2264,0
1167.4,395.2834,0
1232.667,411.6288,0
1246.834,421.6318,0
1190.885,386.8462,0
1191.271,443.7556,0
1244.636,423.4979,0
1249.841,353.2409,0
1153.7,425.4337,0
1204.342,372.4582,0
1265.029,397.1282,0
1256.208,379.3249,0
1218.164,416.9789,0
1240.35,399.4652,0
1251.589,383.3103,0
1239.096,467.1792,0
1205.807,365.6271,0
1150.971,360.0212,0
1230.724,371.1113,0
1211.872,445.6252,0
1224.698,350.4716,0
1212.076,359.1984,0
1299.288,414.5777,0
1247.155,448.3562,0
1235.677,431.7052,0
1277.342,374.7693,0
1277.057,386.4333,0
1288.798,448.2978,0
1196.521,394.5375,0
1273.026,455.735,0
1231.609,387.2868,0
1277.301,469.1105,0
1221.392,363.3841,0
1218.845,369.8874,0
1226.853,461.7469,0
1239.04,370.665,0
1207.29,356.7439,0
1221.752,405.8093,0
1179.265,446.0554,0
1236.583,348.8755,0
1241.93,343.2145,0
1227.936,327.8972,0
1303.483,452.8076,0
1287.135,357.7492,0
1173.187,414.3097,0
1211.426,357.3398,0
1311.46,325.0618,0
1313.587,351.6714,0
1224.737,417.0008,0
1156.323,418.0433,0
1250.969,399.6819,0
1178.259,383.2524,0
1212.279,385.7089,0
1242.913,391.3236,0
1268.995,388.0923,0
1200.536,413.1141,0
1229.806,409.6726,0
1229.214,385.5,0
1159.123,433.3818,0
1271.739,355.208,0
1245.079,406.3562,0
1227.578,461.6281,0
1158.771,430.5305,0
1231.899,385.9105,0
1176.073,392.6406,0
1260.751,459.8229,0
1217.352,451.5205,0
1187.256,383.9204,0
1233.138,404.8247,0
1224.565,418.9395,0
1241.755,399.71,0
1209.988,429.7497,0
1214.295,332.2938,0
1190.631,341.5048,0
1250.972,351.7819,0
1274.087,416.7955,0
1248.237,452.8324,0
1151.479,369.2289,0
1229.798,432.4421,0
1216.712,366.0981,0
1261.08,396.9379,0
1264.274,438.1281,0
1261.916,365.4629,0
1303.518,392.3846,0
1194.799,380.4857,0
1229.209,412.9395,0
1249.467,483.3791,0
1262.159,356.1565,0
1229.781,415.7939,0
1258.335,459.1872,0
1226.382,327.2764,0
1220.845,330.6299,0
1247.58,410.0798,0
1246.418,360.1911,0
1209.147,382.8848,0
1251.902,434.2028,0
1259.234,446.4333,0
1230.96,363.6298,0
1246.252,427.9144,0
1254.508,416.8803,0
1195.346,405.0615,0
1141.641,428.5206,0
1218.947,319.4883,0
1197.197,426.7979,0
1256.042,394.0925,0
1241.733,329.2744,0
1142.05,376.5992,0
1190.92,350.9459,0
1164.818,419.4399,0
1246.391,481.2169,0
1176.452,369.7401,0
1257.882,411.7548,0
1244.315,416.9598,0
1285.027,454.662,0
1285.789,354.5682,0
1313.763,348.4742,0
1203.317,389.7734,0
1232.012,431.7946,0
1217.095,447.2159,0
1351.402,375.0532,0
1220.609,384.1645,0
1302.009,391.3972,0
1243.569,415.8885,0
1202.379,524.7029,0
1330.062,292.6239,0
1226.617,354.9891,0
1210.298,383.149,0
1273.798,412.6227,0
1165.028,422.5894,0
1240.205,424.3533,0
1282.324,383.5928,0
1231.816,438.692,0
1279.928,426.3818,0
1323.225,409.2499,0
1265.164,430.2248,0
1230.657,416.4921,0
1247.777,382.6216,0
1308.298,408.4733,0
1402.694,382.3835,0
1281.607,350.3177,0
1246.822,371.0369,0
1233.065,527.6812,0
1296.879,382.513,0
1275.55,393.041,0
1229.046,391.7471,0
1257.827,401.8658,0
1268.511,446.7025,0
1246.662,400.0884,0
1306.395,374.4605,0
1231.391,425.3865,0
1221.489,459.7096,0
1232.06,406.5715,0
1200.366,384.0339,0
1170.674,380.2267,0
1252.019,347.0805,0
1251.196,416.418,0
1245.065,446.983,0
1322.26,384.2926,0
1191.021,459.1445,0
1232.797,428.834,0
1169.056,410.0026,0
1244.909,491.5887,0
1318.271,391.1934,0
1227.109,383.1313,0
1237.51,379.0974,0
1238.945,421.3586,0
1160.103,413.417,0
1252.722,322.4734,0
1207.906,403.6777,0
1165.421,396.1137,0
1187.661,401.6635,0
1263.935,476.8488,0
1158.506,400.0807,0
1279.532,425.013,0
1262.981,479.3368,0
1246.196,381.413,0
1234.175,381.7988,0
1163.574,448.7766,0
1305.411,384.7941,0
1230.173,333.8054,0
1193.871,381.1123,0
1256.826,389.9956,0
1240.735,422.4328,0
1252.469,385.6266,0
1325.003,396.6893,0
1290.482,367.3907,0
1219.997,384.696,0
1326.025,393.6389,0
1327.692,357.7627,0
1269.465,323.5654,0
1189.768,356.1735,0
1204.882,427.7063,0
1264.281,399.7741,0
1267.654,366.2938,0
1271.838,434.9391,0
1257.741,419.5215,0
1262.533,373.1356,0
1292.925,391.4344,0
1163.201,450.3134,0
1206.849,421.7261,0
1274.52,427.4795,0
1323.737,386.1704,0
1258.733,399.4866,0
1233.822,433.28,0
1248.693,436.6288,0
1307.148,339.7807,0
1226.095,346.3889,0
1270.425,406.0297,0
1304.859,319.5224,0
1240.102,515.7582,0
1273.731,422.5585,0
1192.283,420.3897,0
1225.697,372.0225,0
1226.215,485.8923,0
1147.769,331.9139,0
1265.102,404.8159,0
1273.344,375.7495,0
1220.871,369.1078,0
1268.934,373.1691,0
1240.09,453.5007,0
1208.253,475.8483,0
1281.833,495.9553,0
1236.167,427.1098,0
1228.512,445.6302,0
1220.138,384.3156,0
1227.832,383.6215,0
1226.005,440.0112,0
1240.796,377.3528,0
1233.574,438.8977,0
1245.277,445.5193,0
1262.854,426.9421,0
1253.789,404.0334,0
1184.635,354.9138,0
1279.202,397.3631,0
1295.78,393.0697,0
1219.841,333.5298,0
1274.921,405.2651,0
1131.164,454.9709,0
1300.793,490.7839,0
1202.2,431.7025,0
1202.207,372.1234,0
1222.272,350.4626,0
1261.655,368.5198,0
1218.7,461.4481,0
1212.716,398.3257,0
1208.49,394.3398,0
1227.188,411.1804,0
1234.266,429.6385,0
1187.513,363.1241,0
1277.41,360.4391,0
1271.479,341.5214,0
1235.573,304.7056,0
1225.594,389.5088,0
1230.724,396.4554,0
1268.17,363.4539,0
1296.266,393.1796,0
1266.906,356.4224,0
1209.289,427.8032,0
1177.34,466.2234,0
1297.278,434.5409,0
1137.826,371.6686,0
1266.316,437.1035,0
1191.981,380.6893,0
1202.424,383.5467,0
1184.264,408.0363,0
1238.458,409.6526,0
1230.95,391.6882,0
1271.991,339.303,0
1163.06,344.9795,0
1283.173,397.9329,0
1174.437,429.8884,0
1263.927,383.3134,0
1221.204,350.5275,0
1271.291,376.5851,0
1268.385,421.1378,0
1265.308,355.9766,0
1289.51,355.8219,0
1224.951,359.7899,0
1141.568,349.9875,0
1209.192,411.3011,0
1170.91,500.0461,0
1265.367,364.2054,0
1203.408,448.7772,0
1227.327,423.806,0
1216.111,524.9173,0
1184.329,350.9302,0
1303.053,439.2556,0
1213.242,359.9644,0
1213.724,375.4587,0
1210.575,443.3878,0
1317.202,404.6307,0
1191.03,396.7597,0
1284.819,412.7663,0
1228.088,384.2923,0
1183.457,399.4689,0
1219.698,363.8413,0
1145.579,397.1115,0
1285.319,380.2296,0
1237.04,444.5923,0
1238.51,487.3274,0
1225.895,430.9312,0
1355.194,385.5586,0
1246.414,348.8234,0
1254.041,399.1505,0
1221.073,438.4324,0
1277.269,411.4535,0
1213.327,410.8323,0
1267.676,393.6699,0
1213.98,436.8704,0
1257.639,378.2917,0
1254.076,450.2345,0
1201.889,482.4792,0
1174.246,375.7115,0
1268.96,345.6681,0
1301.653,401.9543,0
1234.81,422.3195,0
1208.223,479.8135,0
1315.901,412.9791,0
1305.554,432.6779,0
1300.825,446.1944,0
1345.989,428.9179,0
1293.657,411.7923,0
1205.768,469.1158,0
1278.819,332.3802,0
1237.888,391.0292,0
1256.165,421.9523,0
1212.779,351.0394,0
1238.291,453.9103,0
1194.879,317.7051,0
1266.319,383.2036,0
1325.147,306.5314,0
1229.768,366.5407,0
1200.35,380.2556,0
1193.254,426.7502,0
1307.068,464.9432,0
1177.204,380.2236,0
1297.607,428.9998,0
1264.836,492.1097,0
1273.761,471.3662,0
1260.047,411.4687,0
1252.251,351.7025,0
1250.686,380.3518,0
1268.667,397.3675,0
1256.376,454.1486,0
1260.419,453.5108,0
1373.372,371.7887,0
1250.989,374.7869,0
1258.919,457.8066,0
1253.318,382.7371,0
1235.057,345.8672,0
1272.389,398.5421,0
1237.481,499.1574,0
1317.551,394.8886,0
1223.307,387.6584,0
1289.628,480.1296,0
1261.779,386.3557,0
1205.002,368.8444,0
1140.723,352.149,0
1250.101,414.6295,0
1165.971,367.6833,0
1233.787,303.9467,0
1213.075,384.0416,0
1314.506,438.6234,0
1266.261,394.0879,0
1268.004,402.9262,0
1252.918,393.8657,0
1252.995,409.4504,0
1130.436,443.061,0
1210.649,416.2567,0
1288.678,395.9958,0
1263.537,457.7267,0
1208.762,321.0334,0
1161.804,308.9181,0
1235.076,404.3622,0
1154.953,457.1085,0
1242.013,402.3939,0
1159.274,352.8093,0
1135.792,406.7017,0
1214.723,388.5098,0
1167.106,423.5941,0
1239.261,441.0403,0
1305.106,439.4371,0
1304.956,431.9207,0
1260.897,410.7859,0
1270.706,394.2375,0
1273.772,380.7656,0
1229.76,388.5152,0
1230.923,443.4205,0
1270.914,345.0637,0
1296.96,448.7776,0
1296.353,401.1494,0
1265.977,395.7673,0
1265.067,376.4563,0
1239.341,398.8433,0
1278.23,409.6364,0
1198.69,430.0605,0
1215.482,529.1611,0
1230.384,4676.0,
1245.67,383.7134,0
1188.507,365.0514,0
1249.985,422.4261,0
1237.36,334.5995,0
1253.96,401.3391,0
1235.798,408.1166,0
1312.637,371.3268,0
1227.694,360.5059,0
1279.6,442.8842,0
1240.704,424.0111,0
1279.115,384.6147,0
1258.714,469.6441,0
1193.847,447.7107,0
1298.033,436.42,0
1252.635,377.8099,0
1109.699,424.0322,0
1167.564,421.7928,0
1300.471,379.7622,0
1224.787,360.6891,0
1201.755,382.9142,0
1304.76,400.6221,0
1216.16,400.4154,0
1256.723,422.6028,0
1279.349,354.2653,0
1222.178,366.3217,0
1194.013,388.2984,0
1296.476,376.1169,0
1277.884,340.9088,0
1434.71,519.4894,0
1213.967,426.6052,0
1211.964,341.2481,0
1206.04,395.2161,0
1160.562,462.0729,0
1195.686,489.9864,0
1195.407,442.3073,0
1149.635,370.1216,0
1260.832,404.359,0
1260.689,380.211,0
1273.517,446.0239,0
1208.296,462.1082,0
1257.586,362.66,0
1259.252,397.6755,0
1289.749,394.7919,0
1186.96,418.9971,0
1194.957,412.5591,0
1169.9,463.8186,0
1220.992,379.1591,0
1242.574,466.7992,0
1206.493,336.2165,0
1280.827,381.7454,0
1268.487,491.7701,0
1212.179,363.8708,0
1303.888,387.8917,0
1250.036,369.3173,0
1249.894,364.4285,0
1267.831,394.3761,0
1247.525,424.2064,0
1236.189,425.9114,0
1185.446,501.4168,0
1216.535,388.0053,0
1223.802,434.2504,0
1189.909,403.7261,0
1213.05,425.1048,0
1237.389,341.572,0
1204.05,393.4075,0
1238.561,434.2816,0
1146.058,434.5494,0
1181.037,450.8088,0
1300.981,401.7275,0
1226.078,429.6607,0
1200.066,308.2154,0
1249.416,431.3528,0
1189.389,345.6858,0
1267.831,424.1866,0
1222.357,464.8114,0
1222.699,393.3173,0
1243.067,412.1564,0
1195.627,431.7977,0
1277.244,412.0754,0
1156.341,373.4612,0
1241.928,326.0042,0
1172.461,438.9616,0
1284.798,362.8968,0
1236.775,415.913,0
1266.464,412.5186,0
1286.972,347.2699,0
1241.467,489.3143,0
1220.457,378.4514,0
1201.51,447.5914,0
1181.288,382.5472,0
1173.855,445.369,0
1244.896,368.7462,0
1242.582,478.3207,0
1238.218,459.5747,0
1302.32,377.5121,0
1255.379,374.7166,0
1250.509,396.5434,0
1200.884,409.5806,0
1247.122,378.1722,0
1222.026,472.717,0
1209.344,367.6464,0
1277.8,405.5462,0
1187.104,418.3342,0
1236.093,397.2254,0
1196.002,461.5555,0
1214.696,338.2228,0
1265.606,379.2551,0
1224.242,470.0529,0
1244.194,375.8314,0
1234.537,388.0308,0
1162.115,492.3464,0
1282.09,467.3975,0
1264.057,483.8151,0
1226.12,447.353,0
1283.611,377.9293,0
1293.53,394.9029,0
1175.964,313.5907,0
1233.679,410.3915,0
1256.065,329.264,0
1244.257,505.1401,0
1221.696,411.6271,0
1221.515,367.0122,0
1223.942,410.2664,0
1300.055,442.3646,0
1308.78,362.0974,0
1213.966,385.5937,0
1197.783,397.2262,0
1308.782,493.1023,0
1288.181,347.604,0
1195.13,418.5676,0
1301.245,382.4087,0
1240.85,345.6686,0
1279.369,421.6249,0
1211.603,431.8312,0
1271.635,427.6253,0
1283.392,390.9717,0
1180.715,502.2141,0
1338.409,457.8061,0
1190.131,401.5048,0
1314.969,442.4317,0
1192.693,412.5576,0
1294.505,350.3302,0
1157.715,408.184,0
1244.234,478.4735,0
1195.643,472.4589,0
1133.888,382.9648,0
1228.111,403.6335,0
1197.498,481.473,0
1196.474,442.7451,0
1205.45,466.5891,0
1165.351,333.6886,0
1181.381,426.3741,0
1133.938,400.235,0
1305.983,427.8934,0
1252.358,459.8944,0
1253.703,425.6868,0
1165.693,387.8088,0
1289.359,370.9252,0
1276.562,465.8286,0
1250.07,429.8832,0
1301.457,408.8204,0
1310.888,407.6129,0
1222.758,400.1805,0
1215.737,431.3228,0
1204.231,346.1743,0
1202.74,461.1279,0
1255.673,340.5404,0
1202.277,354.9256,0
1297.163,380.2516,0
1260.804,406.7565,0
1202.189,451.0491,0
1303.282,431.4955,0
1238.347,377.7653,0
1218.182,401.8174,0
1215.66,380.7768,0
1236.192,298.5264,0
1250.131,409.85,0
1292.903,414.1377,0
1273.403,483.391,0
1278.861,419.9047,0
1228.702,430.5548,0
1221.183,368.2313,0
1198.259,409.3953,0
1169.938,344.1246,0
1287.726,344.4344,0
1250.775,328.1332,0
1351.276,358.3478,0
1317.148,369.3737,0
1324.363,383.5578,0
1300.571,385.1626,0
1259.208,327.2813,0
1321.875,452.3751,0
1178.406,362.356,0
1285.649,421.1246,0
1199.185,406.7064,0
1216.95,424.2842,0
1257.969,441.0691,0
1232.367,416.5219,0
1216.249,445.7964,0
1265.792,399.6276,0
1190.228,400.9827,0
1185.662,356.1022,0
1200.041,363.8359,0
1196.429,379.3467,0
1202.497,434.5297,0
1309.222,384.0282,0
1251.253,399.5591,0
1249.498,441.1599,0
1218.262,354.7213,0
1273.346,352.3995,0
1242.348,372.2345,0
1218.426,396.8742,0
1273.976,343.7045,0
1258.738,431.886,0
1209.758,505.2275,0
1251.274,426.9672,0
1248.666,441.9442,0
1235.638,459.3151,0
1262.204,382.0579,0
1216.963,390.288,0
1318.76,431.422,0
1229.006,453.6251,0
1249.791,401.0709,0
1234.592,374.7971,0
1290.899,394.9119,0
1232.081,361.9929,0
1248.237,388.6677,0
1206.573,390.0447,0
1196.545,415.9881,0
1172.876,427.1799,0
1329.733,399.4926,0
1276.53,441.1915,0
1288.844,396.5062,0
1253.492,354.722,0
1280.28,374.2804,0
1287.779,340.7037,0
1265.421,413.2057,0
1298.522,411.5075,0
1257.195,357.9662,0
1196.328,470.1099,0
1316.148,388.4866,0
1263.925,414.0353,0
1263.419,361.4823,0
1292.067,461.1573,0
1285.648,378.6583,0
1153.018,377.7357,0
1283.306,391.0692,0
1281.674,399.1351,0
1182.971,502.2545,0
1276.772,409.9947,0
1250.072,437.8997,0
1257.534,379.5037,0
1327.774,325.735,0
1183.441,383.1435,0
1269.326,435.0107,0
1194.578,332.392,0
1233.527,461.0234,0
1277.71,378.4664,0
1186.148,388.0112,0
1226.647,396.6882,0
1117.427,502.3499,0
1273.69,390.0275,0
1285.677,402.3634,0
1225.002,441.8983,0
1192.381,423.9609,0
1204.931,420.058,0
1233.279,361.8578,0
1283.658,419.6724,0
1213.525,385.4943,0
1217.788,359.5883,0
1241.67,341.9346,0
1225.751,354.4225,0
1213.646,344.5541,0
1278.285,433.0834,0
1214.381,415.3036,0
1295.559,401.2745,0
1266.026,411.55,0
1261.562,407.2819,0
1262.025,452.2982,0
1262.928,413.3812,0
1307.115,413.3543,0
1181.511,435.4039,0
1258.993,364.3412,0
1203.463,359.0892,0
1245.983,374.4904,0
1198.269,411.4146,0
1193.459,424.4516,0
1308.401,412.5569,0
1235.057,316.4562,0
1250.51,378.2098,0
1207.777,452.6902,0
1161.797,433.6629,0
1187.568,432.6476,0
1274.002,411.5082,0
1245.459,473.1072,0
1247.498,490.3183,0
1214.855,383.3372,0
1243.382,364.5936,0
1234.131,421.0634,0
1239.596,429.2181,0
1183.991,345.823,0
1270.62,427.664,0
1181.947,364.1967,0
1195.399,420.2952,0
1171.591,391.2832,0
1287.212,451.429,0
1167.672,320.9512,0
1239.365,299.6137,0
1273.844,410.1662,0
1242.683,404.4669,0
1249.1,396.9486,0
1236.458,401.2731,0
1149.394,326.6184,0
1244.324,345.1886,0
1219.249,435.2415,0
1235.894,454.2958,0
1224.964,410.981,0
1205.818,433.197,0
1260.231,440.7656,0
1299.866,398.3788,0
1234.25,319.6516,0
1281.576,434.1901,0
1307.18,396.829,0
1335.473,384.4295,0
1332.56,443.2756,0
1266.446,393.0613,0
1220.161,367.4626,0
1330.654,434.491,0
1268.824,386.8696,0
1255.302,438.2727,0
1211.123,378.9437,0
1228.817,451.7876,0
1224.078,442.9299,0
1204.134,338.9001,0
1235.902,355.4293,0
1191.267,501.7,0
1287.412,343.7468,0
1229.758,431.8273,0
1222.61,427.4152,0
1271.228,368.6718,0
1209.677,401.7464,0
1205.541,412.1632,0
1236.958,477.5547,0
1218.286,344.7385,0
1267.282,405.8962,0
1260.864,418.7363,0
1318.293,370.4883,0
1224.767,459.0646,0
1237.588,480.8581,0
1246.464,423.4422,0
1232.933,344.2806,0
1123.557,416.0363,0
1255.922,400.8112,0
1301.07,425.5504,0
1228.596,390.0997,0
1268.584,427.7283,0
1238.446,417.311,0
1299.913,383.183,0
1259.243,393.1989,0
1284.47,433.9011,0
1231.003,424.3588,0
1226.457,365.0238,0
1247.753,496.4681,0
1245.412,3614.0,
1243.453,388.3488,0
1259.905,383.4863,0
1219.913,375.6845,0
1277.84,435.3068,0
1263.85,404.3746,0
1215.232,460.2553,0
1171.078,400.2587,0
1224.698,459.8115,0
1213.91,371.0288,0
1295.9,432.5135,0
1229.968,410.9639,0
1253.144,405.1972,0
1209.633,521.3259,0
1279.986,373.7595,0
1242.499,436.6204,0
1193.554,473.5204,0
1155.998,475.2388,0
1263.434,371.2029,0
1292.469,453.0948,0
1248.398,396.7144,0
1271.032,369.7584,0
1253.901,417.9855,0
1238.615,420.0253,0
1321.713,398.4941,0
1142.164,413.0569,0
1225.887,372.1357,0
1252.876,371.7636,0
1239.86,397.0432,0
1257.376,404.3773,0
1229.708,349.5342,0
1227.102,353.8969,0
1293.478,392.7601,0
1300.463,386.0856,0
1331.635,416.6419,0
1245.045,381.0201,0
1308.227,309.3986,0
1226.517,451.817,0
1184.085,413.1816,0
1268.902,406.5875,0
1189.577,376.3922,0
1288.867,393.0258,0
1227.553,455.1732,0
1255.739,354.7133,0
1202.771,393.7999,0
1296.114,449.5151,0
1193.123,301.9446,0
1319.223,383.8293,0
1237.174,406.1915,0
1213.98,404.9368,0
1245.671,351.7504,0
1301.902,378.7123,0
1282.388,351.6408,0
1174.58,390.7074,0
1204.174,488.6465,0
1215.22,436.8903,0
1228.389,432.8348,0
1232.501,466.5875,0
1265.975,371.712,0
1196.665,383.1766,0
1264.75,408.2675,0
1228.226,370.4083,0
1271.507,331.6792,0
1221.192,343.4101,0
1189.613,442.3949,0
1271.286,394.6168,0
1275.347,342.689,0
1210.578,407.6588,0
1241.678,459.0268,0
1211.652,375.6311,0
1204.737,381.6595,0
1291.898,432.2063,0
1255.805,406.372,0
1192.805,366.6991,0
1289.957,394.3332,0
1207.507,346.6221,0
1254.009,462.9948,0
1280.902,380.8472,0
1188.547,414.1674,0
1183.838,436.7242,0
1241.377,428.484,0
1210.623,464.0433,0
1249.239,479.963,0
1229.903,436.3785,0
1258.256,377.3855,0
1163.298,362.9272,0
1232.217,426.8669,0
1217.221,442.28,0
1253.685,420.9778,0
1221.158,471.9587,0
1299.994,368.1123,0
1335.482,379.7379,0
1250.071,357.6096,0
1214.989,471.9088,0
1189.855,337.7285,0
1252.624,431.8599,0
1228.604,461.5215,0
1209.919,428.0087,0
1219.832,425.3641,0
1257.565,358.4388,0
1211.209,492.1128,0
1218.024,424.3138,0
1275.198,450.3699,0
1277.887,392.1724,0
1194.318,405.7247,0
1184.47,383.8085,0
1206.799,394.0117,0
1300.818,425.4265,0
1274.865,385.42,0
1278.981,381.3569,0
1226.46,445.3138,0
1183.788,416.5355,0
1183.116,372.837,0
1276.4,328.8844,0
1162.302,450.5632,0
1237.126,406.4783,0
1224.496,412.6292,0
1177.568,381.3644,0
1228.275,340.2415,0
1220.327,418.5773,0
1226.855,425.5411,0
1182.203,442.9839,0
1173.362,384.8728,0
1167.371,413.3187,0
1210.016,385.574,0
1280.434,495.5168,0
1297.146,403.597,0
1146.287,380.7629,0
1198.696,380.3898,0
1202.642,422.6776,0
1271.578,368.2984,0
1151.268,432.4,0
1280.231,448.1516,0
1180.648,443.6629,0
1234.778,371.3886,0
1188.81,384.4565,0
1206.642,487.6729,0
1298.87,432.5826,0
1269.159,397.8339,0
1242.785,455.1727,0
1181.169,377.6012,0
1230.012,345.4241,0
1298.32,403.3077,0
1263.589,339.0095,0
1304.135,403.3699,0
1288.475,443.34,0
1284.644,430.8747,0
1158.33,326.9144,0
1258.652,449.4017,0
1219.508,395.0214,0
1146.349,372.1849,0
1248.003,423.5206,0
1273.954,467.1673,0
1238.25,481.189,0
1237.328,404.195,0
1229.281,348.2579,0
1246.967,408.4069,0
1218.906,401.2474,0
1251.398,431.5615,0
1240.875,381.1113,0
1251.76,415.8627,0
1246.862,399.0886,0
1208.533,356.7639,0
1299.415,379.7542,0
1172.223,335.2673,0
1274.917,403.9008,0
1297.616,419.7807,0
1301.697,413.6043,0
1293.958,339.8215,0
1141.589,415.6008,0
1309.758,421.0889,0
1317.704,361.7089,0
1196.341,446.6087,0
1218.018,412.9089,0
1254.347,414.7802,0
1258.395,444.5334,0
1341.427,306.3568,0
1236.61,439.4305,0
1227.939,404.1995,0
1218.6,413.5607,0
1167.1,418.4805,0
1277.4,368.5206,0
1242.135,452.8435,0
1178.01,462.0361,0
1236.048,414.3544,0
1205.082,361.642,0
1180.695,428.4373,0
1155.079,407.2941,0
1254.203,434.0999,0
1246.074,352.8475,0
1319.022,374.4818,0
1236.312,517.0171,0
1138.898,364.0728,0
1199.816,382.4208,0
1248.489,436.6825,0
1225.636,362.1162,0
1322.602,401.2612,0
1174.745,389.7158,0
1258.611,369.8984,0
1183.235,335.5231,0
1182.216,389.3591,0
1161.065,417.2817,0
1205.691,408.7455,0
1244.593,377.663,0
1244.465,386.8438,0
1279.085,405.2858,0
1267.804,427.983,0
1184.144,395.8262,0
1217.381,428.7863,0
1171.473,392.3021,0
1242.934,361.0083,0
1233.746,422.5397,0
1209.037,438.7796,0
1230.181,397.5401,0
1203.329,342.8049,0
1265.05,345.1073,0
1278.643,375.8624,0
1217.716,403.5176,0
1091.685,410.9824,0
1197.131,413.5646,0
1190.44,383.4378,0
1251.859,373.7532,0
1256.459,359.2994,0
1310.537,380.95,0
1261.903,389.0172,0
1135.534,376.976,0
1212.649,449.861,0
1305.212,437.1639,0
1279.928,421.6592,0
1225.556,400.6733,0
1206.328,425.5203,0
1292.163,456.8784,0
1279.566,390.5921,0
1208.184,343.7402,0
1217.011,493.6204,0
1259.68,428.5679,0
1181.121,381.4993,0
1299.497,418.6759,0
1289.98,325.7485,0
1337.769,343.4777,0
1287.931,413.1378,0
1275.754,415.6098,0
1187.84,301.9108,0
1206.022,399.0858,0
1215.725,435.7943,0
1240.887,448.0236,0
1169.56,364.8546,0
1165.976,322.8245,0
1215.402,357.463,0
1227.197,445.4658,0
1217.036,394.4984,0
1201.409,404.3104,0
1243.545,412.4938,0
1180.668,444.3704,0
1205.503,387.9881,0
1206.707,397.895,0
1210.781,481.1234,0
1191.661,341.0294,0
1266.878,394.6237,0
1193.834,388.296,0
1206.952,321.3019,0
1231.148,414.0361,0
1183.117,450.5822,0
1238.094,393.1852,0
1250.046,375.6046,0
1268.873,398.8735,0
1295.475,455.1157,0
1250.404,390.9764,0
1256.87,395.0074,0
1160.613,404.6459,0
1320.078,370.548,0
1228.152,450.0788,0
1234.51,432.6036,0
1203.156,369.0831,0
1313.115,419.5071,0
1223.811,316.2322,0
1306.92,379.3756,0
1228.759,419.1822,0
1261.703,463.3096,0
1260.989,364.3314,0
1143.809,378.1777,0
1271.284,452.9203,0
1231.67,373.2219,0
1251.225,500.7334,0
1261.862,415.105,0
1246.816,375.8245,0
1234.792,359.4406,0
1232.389,398.8494,0
1218.633,408.1425,0
1284.105,414.858,0
1191.359,8743.0,
1312.48,371.0981,0
1278.143,424.1124,0
1267.687,399.9395,0
1256.623,346.4872,0
1288.128,374.9673,0
1121.431,407.8667,0
1265.493,317.4026,0
1185.498,397.0159,0
1333.32,340.7941,0
1239.661,476.7139,0
1230.18,410.7712,0
1287.763,378.093,0
1208.473,411.677,0
1210.31,421.7907,0
1253.563,419.6459,0
1302.803,407.7027,0
1247.125,453.0017,0
1159.016,469.0111,0
1173.932,404.4294,0
1296.867,417.9354,0
1202.091,413.684,0
1239.264,462.8804,0
1232.723,410.8596,0
1235.013,397.2756,0
1185.095,353.5054,0
1309.844,422.2192,0
1203.932,392.821,0
1181.529,412.7513,0
1293.238,372.6072,0
1223.076,423.5964,0
1207.704,440.5153,0
1275.784,335.6216,0
1231.353,441.1776,0
1177.091,455.8685,0
1262.512,417.6212,0
1319.711,389.4594,0
1266.538,343.3134,0
1211.011,382.9045,0
1290.082,298.2615,0
1273.256,474.5595,0
1284.011,359.0664,0
1203.191,414.9764,0
1207.648,369.3402,0
1251.423,442.7313,0
1249.466,466.8901,0
1330.576,390.7555,0
1247.746,402.0233,0
1270.157,433.0151,0
1211.448,387.0959,0
1262.854,375.7661,0
1251.816,404.8256,0
1255.27,436.6953,0
1266.598,423.835,0
1364.288,346.6401,0
1177.26,420.7963,0
1175.657,406.9683,0
1235.184,419.3122,0
1208.137,373.9992,0
1293.626,305.2261,0
1290.944,430.0585,0
1210.498,460.6526,0
1267.505,411.2211,0
1210.239,466.9156,0
1218.077,398.5829,0
1155.884,452.5222,0
1265.855,397.0087,0
1235.411,404.1255,0
1186.929,402.774,0
1211.3,410.0587,0
1250.409,398.7078,0
1254.732,451.6893,0
1220.193,457.5543,0
1181.454,385.3211,0
1291.929,415.5464,0
1262.752,394.5057,0
1157.569,318.3466,0
1164.494,374.2467,0
1146.477,320.1998,0
1281.548,414.1367,0
1180.838,473.9971,0
1233.173,404.2072,0
1246.989,355.6769,0
1236.538,455.7667,0
1209.413,377.8796,0
1295.726,387.4178,0
1241.932,359.8279,0
1199.626,449.2868,0
1143.543,301.86,0
1214.745,382.8066,0
1243.771,371.5451,0
1267.482,442.0962,0
1246.615,419.4883,0
1293.018,387.5786,0
1231.947,423.5899,0
1191.677,457.3566,0
1229.209,442.65,0
1268.535,401.8304,0
1279.436,396.0292,0
1264.346,404.7593,0
1233.379,394.4394,0
1251.839,411.5008,0
1189.16,376.0422,0
1244.026,433.3182,0
1218.366,388.0153,0
1258.854,384.7745,0
1273.184,399.9926,0
1261.51,404.8344,0
1201.075,350.7982,0
1305.328,422.8813,0
1254.654,452.328,0
1317.896,373.6737,0
1232.527,404.0781,0
1233.903,386.9291,0
1257.91,401.698,0
1230.693,408.2624,0
1260.113,376.1562,0
1277.589,362.1777,0
1258.61,430.3203,0
1233.972,339.8249,0
1231.943,416.7476,0
1193.23,407.0707,0
1211.94,445.1592,0
1261.6,408.6474,0
1251.613,387.2495,0
1244.86,430.8081,0
1164.698,364.0263,0
1154.701,469.7242,0
1236.71,441.5307,0
1291.762,384.7631,0
1215.468,394.9452,0
1276.386,393.0341,0
1239.449,427.0692,0
1324.432,356.4672,0
1216.779,399.6417,0
1307.267,412.2723,0
1298.793,333.526,0
1199.555,458.3647,0
1218.353,445.9097,0
1279.855,405.6421,0
1341.814,344.6658,0
1233.353,372.4646,0
1231.423,384.3088,0
1248.813,428.9982,0
1231.286,477.0518,0
1256.095,406.4169,0
1186.008,431.7365,0
1149.587,329.4644,0
1174.423,424.6357,0
1195.336,379.4351,0
1203.756,375.9167,0
1198.248,383.7717,0
1220.748,427.8981,0
1216.074,399.5602,0
1224.307,419.258,0
1283.427,398.1506,0
1246.572,387.1827,0
1238.16,378.257,0
1213.627,392.6725,0
1262.35,412.771,0
1288.016,403.8051,0
1244.125,399.7527,0
1242.916,447.0496,0
1279.187,471.8218,0
1247.517,494.4144,0
1223.335,341.9998,0
1235.685,439.137,0
1321.197,412.1477,0
1212.559,375.6103,0
1159.221,390.1145,0
1143.02,470.7139,0
1151.181,411.9414,0
1265.036,368.7556,0
1285.731,466.87,0
1235.626,446.6017,0
1270.329,438.9881,0
1217.652,403.743,0
1159.561,361.2194,0
1234.074,428.6323,0
1270.63,416.1201,0
1159.295,377.3419,0
1268.096,409.2736,0
1225.263,391.9121,0
1315.889,376.7549,0
1299.01,389.8989,0
1229.49,368.5804,0
1256.603,416.6837,0
1288.113,350.4202,0
1308.641,441.0635,0
1182.225,283.8192,0
1236.539,386.6447,0
1208.635,378.3926,0
1246.977,435.2457,0
1165.781,359.5192,0
1197.708,331.3268,0
1315.371,419.1078,0
1200.003,432.3763,0
1263.257,412.8455,0
1231.11,468.292,0
1326.843,350.7471,0
1232.092,360.1122,0
1312.765,421.1693,0
1255.192,405.2593,0
1250.447,368.9049,0
1218.251,448.2791,0
1255.363,378.0811,0
1247.684,468.46,0
1288.065,376.7712,0
1223.215,368.6989,0
1268.411,387.6312,0
1174.16,413.9001,0
1257.842,482.6542,0
1169.189,450.9369,0
1244.456,387.3187,0
1265.471,408.0376,0
1274.285,463.9523,0
1197.854,355.0887,0
1255.461,378.4007,0
1303.948,444.9729,0
1297.93,381.6213,0
1196.863,364.7296,0
1263.886,355.1174,0
1177.116,398.7931,0
1210.326,391.8646,0
1193.062,438.0701,0
1212.373,399.6046,0
1286.67,443.0097,0
1270.48,432.7403,0
1285.046,399.9554,0
1220.16,453.9615,0
1153.759,451.131,0
1320.777,406.0455,0
1191.778,456.8056,0
1244.891,390.8272,0
1279.643,445.7561,0
1228.425,419.0136,0
1232.593,431.463,0
1279.46,499.6456,0
1238.83,395.2829,0
1241.445,416.7237,0
1217.48,342.9294,0
1202.076,361.9119,0
1313.459,358.032,0
1272.202,333.9453,0
1246.794,352.3852,0
1194.788,488.2103,0
1254.163,436.2478,0
1232.132,405.1577,0
1272.221,374.9443,0
1176.554,373.8791,0
1222.25,393.9501,0
1293.072,294.7634,0
1262.054,415.7109,0
1213.29,312.8535,0
1262.73,446.5787,0
1211.189,368.7137,0
1242.361,371.7543,0
1289.468,355.1017,0
1276.998,389.9067,0
1245.161,328.5137,0
1344.308,368.0623,0
1172.671,420.1616,0
1278.718,395.2086,0
1260.322,403.3303,0
1204.221,395.2354,0
1290.143,403.44,0
1182.477,484.7009,0
1219.035,403.5932,0
1206.987,380.5441,0
1287.777,389.0318,0
1186.458,379.2378,0
1256.201,375.5651,0
1284.825,409.348,0
1297.337,429.6017,0
1285.484,415.4941,0
1244.639,403.7893,0
1272.648,368.1016,0
1241.91,487.7532,0
1218.861,365.8045,0
1159.596,364.8531,0
1223.754,415.9818,0
1174.71,401.2138,0
1303.459,432.7656,0
1211.282,338.545,0
1230.227,362.694,0
1231.96,379.2112,0
1232.444,375.9597,0
1201.493,391.0483,0
1220.888,410.0574,0
1159.523,379.9775,0
1222.109,372.749,0
1308.967,319.628,0
1258.194,373.7639,0
1291.173,489.2924,0
1226.993,315.1603,0
1275.224,381.3292,0
1182.1,370.6968,0
1210.546,464.8083,0
1240.905,453.8118,0
1330.992,331.8272,0
1212.117,407.0866,0
1177.996,361.0151,0
1243.245,371.1439,0
1175.038,412.3906,0
1312.755,386.8791,0
1313.478,373.274,0
1190.644,426.1948,0
1271.248,396.2508,0
1250.469,470.3544,0
1221.685,417.1036,0
1308.235,461.6546,0
1220.023,425.5294,0
1196.195,430.4122,0
1308.112,432.2892,0
1296.728,356.1141,0
1239.658,353.9073,0
1225.829,376.9034,0
1200.892,419.3737,0
1164.491,460.2752,0
1202.913,418.4239,0
1290.078,434.5411,0
1258.887,378.8945,0
1301.485,374.7915,0
1214.968,313.9978,0
1282.552,430.349,0
1245.5,342.093,0
1217.36,351.4185,0
1212.706,424.8126,0
1267.415,384.8793,0
1185.59,428.119,0
1196.579,369.4987,0
1255.595,420.8553,0
1219.983,394.8996,0
1224.402,412.883,0
1322.138,350.0452,0
1173.801,431.3082,0
1334.99,401.3488,0
1281.197,425.1092,0
1259.572,471.5264,0
1235.929,377.1583,0
1279.26,415.1805,0
1160.418,374.9291,0
1281.281,427.6957,0
1255.287,356.9302,0
1277.993,435.997,0
1237.396,414.9361,0
1237.65,433.3154,0
1229.53,388.4039,0
1240.063,399.1299,0
1269.008,381.7648,0
1285.338,414.6313,0
1209.579,436.9002,0
1267.06,427.6007,0
1247.429,345.5342,0
1256.741,342.6018,0
1285.078,409.6931,0
1175.674,346.8671,0
1156.229,405.6363,0
1286.61,387.4772,0
1239.93,428.5371,0
1259.312,407.7699,0
1185.584,419.8751,0
1314.851,389.4962,0
1147.579,345.6785,0
1245.52,349.0602,0
1232.988,318.0563,0
1247.18,406.9238,0
1227.246,366.5592,0
1186.941,401.6372,0
1204.24,425.4348,0
1226.523,437.8739,0
1210.959,498.9105,0
1249.003,542.2626,0
1226.893,422.7175,0
1199.294,465.0518,0
1274.277,412.6935,0
1190.49,374.8499,0
1247.416,384.3783,0
1279.711,490.2253,0
1303.25,416.6741,0
1256.355,437.3712,0
1302.703,415.7397,0
1240.283,393.3921,0
1316.871,431.9022,0
1185.217,428.4758,0
1275.568,435.5566,0
1243.895,437.1516,0
1233.301,398.5471,0
1170.746,392.2899,0
1257.751,430.7301,0
1235.361,459.0633,0
1295.193,398.7568,0
1288.04,375.0739,0
1238.667,427.0908,0
1235.933,394.627,0
1211.617,406.7555,0
1313.069,433.4425,0
1270.985,377.0436,0
1239.835,442.4506,0
1254.936,399.6967,0
1196.048,385.5019,0
1189.89,423.9239,0
1227.717,394.3196,0
1253.985,443.4563,0
1296.843,397.6151,0
1192.977,368.0325,0
1286.703,401.7352,0
1242.728,426.7311,0
1269.407,398.6829,0
1156.682,362.9213,0
1241.064,353.3053,0
1188.444,446.2616,0
1232.514,444.1354,0
1239.109,452.9512,0
1215.367,483.8198,0
1168.618,393.1686,0
1311.789,392.9041,0
1206.131,329.317,0
1198.632,391.1246,0
1262.266,391.2129,0
1268.982,455.0828,0
1214.969,422.6609,0
1281.122,338.3621,0
1191.316,478.7632,0
1305.423,317.4899,0
1213.661,413.9349,0
1294.726,340.9167,0
1284.378,392.407,0
1237.185,429.3789,0
1212.006,443.2785,0
1164.622,352.3137,0
1246.908,459.883,0
1271.52,377.5535,0
1260.519,349.3604,0
1187.193,434.6223,0
1326.819,359.9471,0
1224.973,437.6813,0
1145.907,428.5861,0
1186.74,424.3299,0
1298.153,485.078,0
1342.664,407.9406,0
1214.647,423.0077,0
1243.527,439.7081,0
1198.823,347.8101,0
1217.866,329.1367,0
1282.531,446.7319,0
1270.939,384.6899,0
1222.818,464.5278,0
1242.597,425.2875,0
1278.596,475.6465,0
1339.331,423.6971,0
1281.208,406.7473,0
1237.021,444.0718,0
1290.788,352.8876,0
1233.517,373.6633,0
1283.146,412.1603,0
1259.753,357.0964,0
1292.443,412.0273,0
1225.411,394.6315,0
1207.091,472.187,0
1233.304,389.8602,0
1205.879,393.1253,0
1230.459,354.2135,0
1206.127,394.5685,0
1239.638,340.4441,0
1248.94,398.6404,0
1217.474,440.7154,0
1270.08,373.2862,0
1249.074,347.5344,0
1243.553,331.3519,0
1255.034,451.433,0
1211.187,445.6498,0
1333.043,358.3871,0
1275.918,426.0246,0
1215.056,358.8125,0
1151.326,428.318,0
1160.15,407.4261,0
1209.039,453.4653,0
1291.706,447.7637,0
1233.583,386.5144,0
1206.549,440.8537,0
1230.057,376.1839,0
1241.024,435.6254,0
1253.902,408.3123,0
1236.57,394.8804,0
1169.493,385.6266,0
1268.669,406.6533,0
1210.119,435.7471,0
1278.999,380.6142,0
1287.61,400.1522,0
1218.876,393.7948,0
1294.683,391.6247,0
1217.482,419.2975,0
1170.771,463.9601,0
1285.976,439.4897,0
1236.178,404.0758,0
1135.231,319.1838,0
1333.14,400.4874,0
1231.971,423.0085,0
1205.903,398.08,0
1256.532,410.7654,0
1243.333,340.5674,0
1259.681,384.4678,0
1263.831,324.9069,0
1253.572,409.7815,0
1311.413,423.8792,0
1268.528,405.2076,0
1254.541,346.2065,0
1286.594,366.8696,0
1221.346,355.4015,0
1255.994,429.8091,0
1268.418,420.7724,0
1219.268,413.7236,0
1257.668,475.0534,0
1216.745,386.782,0
1267.26,404.4437,0
1326.318,434.6498,0
1201.53,407.9801,0
1262.194,427.7107,0
1244.791,417.7222,0
1358.12,330.2418,0
1241.204,364.488,0
1220.189,401.9897,0
1226.927,369.3513,0
1273.669,294.6594,0
1280.025,461.393,0
1259.838,431.7843,0
1330.128,432.299,0
1224.564,413.6601,0
1169.667,461.9799,0
1193.294,364.3019,0
1193.228,369.7787,0
1211.987,410.4933,0
1294.079,389.3597,0
1270.281,404.8834,0
1213.453,415.7128,0
1305.898,379.9901,0
1146.506,439.1216,0
1228.761,386.5745,0
1251.641,410.7302,0
1208.752,394.9858,0
1221.417,416.6849,0
1293.546,412.7125,0
1213.487,492.0081,0
1264.894,332.6625,0
1206.399,398.99,0
1243.695,422.3834,0
1298.4,363.7847,0
1277.752,431.9323,0
1208.453,384.0193,0
1285.535,446.7478,0
1165.947,387.236,0
1194.977,434.9441,0
1245.118,331.2845,0
1264.341,413.8218,0
1200.681,371.4261,0
1225.083,328.0531,0
1141.335,393.5945,0
1164.395,460.4107,0
1261.539,366.7336,0
1272.006,336.5197,0
1244.115,450.8934,0
1240.331,396.1277,0
1239.037,329.6388,0
1260.781,406.541,0
1256.543,430.5126,0
1200.708,494.3672,0
1341.673,425.1598,0
1243.19,400.7152,0
1322.424,387.938,0
1273.108,414.7575,0
1166.131,428.6938,0
1214.449,362.4018,0
1272.055,407.7328,0
1312.822,376.741,0
1175.031,385.3739,0
1253.636,436.028,0
1248.634,377.3907,0
1232.849,434.7473,0
1229.978,413.3653,0
1218.714,365.4259,0
1250.694,481.4938,0
1229.934,440.2476,0
1182.585,413.3027,0
1249.897,405.4688,0
1190.913,357.9492,0
1194.95,381.5297,0
1214.939,362.8396,0
1284.557,466.2142,0
1250.713,430.0479,0
1217.022,356.6594,0
1228.291,462.2582,0
1189.218,379.0969,0
1181.534,442.8837,0
1266.565,396.6521,0
1165.786,341.2022,0
1183.065,314.6818,0
1290.044,398.6595,0
1271.659,399.5935,0
1256.873,370.5151,0
1212.118,376.458,0
1396.011,411.9712,0
1177.736,420.705,0
1297.856,334.3564,0
1238.886,370.792,0
1236.44,392.108,0
1250.321,443.5255,0
1216.189,467.3876,0
1213.547,408.4728,0
1177.152,374.6326,0
1247.602,386.4232,0
1220.391,318.2578,0
1233.021,394.788,0
1241.254,360.3629,0
1187.377,405.2285,0
1226.601,431.2852,0
1272.926,394.4796,0
1182.065,390.0185,0
1288.225,378.7099,0
1197.656,328.1593,0
1297.583,376.3107,0
1203.01,439.0001,0
1166.827,391.1158,0
1316.511,397.5324,0
1302.111,364.9664,0
1199.876,404.2075,0
1308.37,322.3574,0
1166.346,416.9326,0
1120.945,339.7205,0
1265.039,305.2432,0
1190.805,438.3655,0
1239.059,443.9719,0
1309.352,454.4622,0
1182.027,404.1415,0
1273.117,393.012,0
1226.079,355.9546,0
1238.033,385.3198,0
1272.682,385.6601,0
1246.421,343.5852,0
1271.712,432.2479,0
1293.353,378.9569,0
1162.582,345.8575,0
1253.116,403.9102,0
1195.092,495.9208,0
1256.884,391.48,0
1275.749,358.858,0
1264.876,373.1015,0
1234.414,408.7549,0
1314.12,382.5115,0
1225.324,454.8599,0
1337.469,399.441,0
1300.604,393.6926,0
1238.946,415.9351,0
1267.114,460.435,0
1323.911,344.449,0
1269.239,377.6729,0
1205.242,436.9415,0
1293.711,362.7556,0
1237.018,417.7277,0
1163.623,406.9119,0
1229.991,466.3483,0
1267.969,371.5273,0
1234.696,393.8614,0
1176.383,426.3219,0
1275.908,385.882,0
1223.661,432.5098,0
1255.203,473.1425,0
1191.127,445.92,0
1245.24,467.469,0
1268.555,420.0098,0
1212.824,404.6136,0
1304.247,380.899,0
1186.549,387.76,0
1213.435,377.7345,0
1242.275,420.5455,0
1291.3,446.1209,0
1239.849,364.7004,0
1250.183,303.1943,0
1265.592,433.1278,0
1315.741,378.8131,0
1284.309,310.5947,0
1241.267,402.6955,0
1277.517,285.627,0
1278.476,445.3532,0
1252.519,337.5795,0
1182.199,368.5439,0
1230.438,376.9421,0
1229.217,366.4078,0
1262.669,421.4046,0
1294.043,393.7439,0
1204.206,345.9398,0
1243.167,356.3765,0
1270.051,448.0411,0
1224.534,487.8558,0
1217.368,404.1574,0
1229.491,361.2299,0
1235.947,405.8988,0
1226.857,325.9363,0
1253.276,493.7363,0
1352.828,424.9874,0
1243.778,374.5405,0
1291.975,396.6121,0
1201.769,419.351,0
1182.689,423.8064,0
1299.972,387.7402,0
1217.158,401.0225,0
1218.684,440.979,0
1262.675,401.8083,0
1321.157,400.6166,0
1230.402,407.5655,0
1270.815,371.544,0
1191.285,390.9634,0
1335.525,339.0557,0
1197.779,441.7608,0
1192.615,429.4011,0
1112.848,403.7226,0
1219.192,397.7403,0
1191.358,430.1746,0
1257.034,445.7271,0
1179.196,329.8252,0
1318.726,402.4374,0
1282.422,359.2039,0
1181.345,381.6538,0
1227.57,419.6824,0
1288.701,392.967,0
1245.185,385.4454,0
1276.724,396.8,0
1215.589,451.8922,0
1217.144,409.3327,0
1316.332,350.2183,0
1221.625,375.4621,0
1249.574,395.3274,0
1231.911,514.6662,0
1169.089,410.6381,0
1277.439,411.1109,0
1250.474,350.325,0
1208.049,391.4727,0
1208.053,414.5322,0
1222.784,330.7941,0
1295.123,421.4255,0
1238.356,409.8629,0
1220.237,398.6799,0
1155.783,414.0018,0
1261.239,362.2092,0
1257.353,375.9821,0
1191.306,395.07,0
1283.381,367.2805,0
1329.795,414.9031,0
1296.334,436.8575,0
1223.872,407.1119,0
1242.668,456.127,0
1255.636,449.0209,0
1159.107,427.5628,0
1211.865,419.8347,0
1295.768,439.6356,0
1280.782,411.4883,0
1221.69,362.9024,0
1237.701,434.5612,0
1173.977,422.2987,0
1233.32,382.6902,0
1180.37,417.2332,0
1152.467,336.0384,0
1381.995,344.3245,0
1168.599,440.4669,0
1254.239,455.2606,0
1241.361,411.1488,0
1220.032,425.5468,0
1241.762,371.9349,0
1200.025,375.1099,0
1261.208,377.9285,0
1227.79,366.9897,0
1279.599,402.7661,0
1254.581,361.7585,0
1265.509,432.0157,0
1235.953,378.6114,0
1224.6,346.5171,0
1287.167,399.2518,0
1180.23,421.1855,0
1217.401,448.931,0
1265.4,364.3292,0
1171.726,354.8575,0
1257.277,398.8671,0
1274.503,356.3449,0
1245.582,435.9377,0
1185.553,398.537,0
1212.141,384.5883,0
1277.52,348.7078,0
1256.217,330.1642,0
1244.313,406.9471,0
1235.881,456.3497,0
1228.924,469.715,0
1214.977,460.3975,0
1268.467,437.4604,0
1219.152,402.1718,0
1287.853,463.0892,0
1254.605,356.9636,0
1186.541,372.3853,0
1209.008,400.4833,0
1261.95,390.6528,0
1209.942,306.9957,0
1198.823,452.6485,0
1291.811,348.8997,0
1242.574,318.5141,0
1214.605,307.8433,0
1283.667,420.3108,0
1297.632,458.7075,0
1265.146,412.273,0
1227.885,332.6955,0
1234.294,446.0729,0
1225.414,375.7587,0
1235.145,442.8784,0
1271.28,454.4253,0
1337.955,381.7764,0
1332.994,347.0701,0
1223.639,424.0045,0
1259.466,404.8715,0
1232.38,371.4993,0
1210.922,415.8268,0
1158.61,355.2045,0
1234.119,392.4065,0
1237.039,471.3552,0
1262.892,430.0942,0
1272.699,434.0283,0
1209.554,401.0801,0
1215.437,412.6255,0
1182.296,339.1686,0
1202.782,384.951,0
1242.735,409.3563,0
1252.8,359.9111,0
1245.542,421.3704,0
1256.593,451.9182,0
1268.023,461.0862,0
1185.551,369.5264,0
1191.249,449.0168,0
1179.468,366.5457,0
1270.008,402.3035,0
1254.187,430.088,0
1230.299,472.9824,0
1259.667,427.0128,0
1175.629,389.8631,0
1188.003,394.9635,0
1239.27,389.8965,0
1292.413,410.0991,0
1236.339,371.5988,0
1310.048,444.5391,0
1194.388,391.7833,0
1219.038,406.8948,0
1218.564,382.536,0
1214.483,348.3458,0
1271.786,409.3425,0
1247.251,411.2205,0
1137.522,433.7745,0
1178.579,387.6325,0
1259.99,444.691,0
1231.762,461.287,0
1265.89,430.627,0
1246.432,417.0231,0
1236.947,419.4233,0
1231.27,430.8199,0
1234.244,395.868,0
1233.81,371.155,0
1222.734,395.2413,0
1213.402,415.953,0
1258.322,403.7268,0
1244.356,438.0917,0
1232.783,375.3087,0
1191.704,345.5829,0
1249.371,421.6829,0
1259.524,393.4456,0
1236.874,426.8188,0
1260.645,448.6898,0
1235.247,422.6262,0
1135.042,422.2782,0
1229.772,380.7506,0
1282.568,440.6352,0
1269.998,420.5593,0
1203.573,416.5598,0
1242.416,386.0682,0
1263.47,402.972,0
1214.4,448.5988,0
1213.686,382.7178,0
1202.545,377.5964,0
1259.198,424.5764,0
1205.607,352.4,0
1196.844,373.7737,0
1231.711,452.3274,0
1177.23,406.2588,0
1246.631,422.1677,0
1251.573,436.1844,0
1320.267,389.8585,0
1194.415,377.758,0
1239.197,360.8867,0
1235.202,418.5287,0
1177.192,488.4341,0
1159.334,360.1707,0
1286.91,400.5848,0
1203.543,554.5981,0
1222.964,369.9522,0
1234.704,300.0186,0
1179.79,403.3514,0
1235.559,352.2708,0
1252.661,389.6721,0
1165.644,388.0612,0
1207.411,322.746,0
1238.683,363.8674,0
1237.86,399.913,0
1237.839,457.4034,0
1224.839,467.4135,0
1244.104,452.664,0
1184.72,411.475,0
1232.502,413.5906,0
1247.842,418.9851,0
1232.472,391.5168,0
1219.49,391.8241,0
1246.267,409.3155,0
1247.079,375.8282,0
1186.663,417.4301,0
1297.426,350.2037,0
1237.554,424.394,0
1240.789,357.5806,0
1280.843,381.6878,0
1194.591,474.4842,0
1234.758,385.2209,0
1239.334,458.823,0
1225.48,381.6927,0
1205.084,489.9471,0
1296.874,384.7603,0
1223.658,350.5848,0
1255.423,397.384,0
1145.601,335.6546,0
1285.961,372.7067,0
1247.443,329.5359,0
1248.601,409.3935,0
1306.747,395.4868,0
1304.808,445.8719,0
1188.814,346.8619,0
1233.814,434.2364,0
1175.032,395.1902,0
1170.346,387.9841,0
1173.157,427.3469,0
1262.375,425.2468,0
1264.323,352.185,0
1246.476,326.2168,0
1259.303,392.6079,0
1223.411,418.6129,0
1195.297,505.5906,0
1231.956,423.1138,0
1224.067,372.9908,0
1286.668,343.7057,0
1218.35,428.7101,0
1290.873,344.3568,0
1231.431,388.0276,0
1215.868,391.548,0
1152.486,371.8049,0
1253.926,446.4432,0
1143.912,419.1317,0
1251.094,449.6464,0
1267.454,395.668,0
1219.922,399.4192,0
1200.706,380.4559,0
1273.375,374.2993,0
1212.882,403.7141,0
1263.365,352.0541,0
1249.886,441.3586,0
1269.496,348.249,0
1220.211,368.7812,0
1266.449,391.3961,0
1219.508,447.6317,0
1233.452,467.6617,0
1183.922,415.3623,0
1310.369,365.2952,0
1177.023,421.9224,0
1235.006,366.4609,0
1250.572,436.6995,0
1241.066,431.2627,0
1255.346,412.0024,0
1203.484,423.3164,0
1184.442,397.2515,0
1196.476,466.2256,0
1238.789,453.2429,0
1171.408,373.9014,0
1250.604,392.9932,0
1305.198,412.6252,0
1249.225,486.4036,0
1201.414,377.2097,0
1167.153,395.6923,0
1198.206,458.709,0
1301.115,466.4112,0
1228.349,354.1144,0
1304.666,355.603,0
1302.89,445.3047,0
1184.604,499.5913,0
1192.98,443.1681,0
1256.764,349.8682,0
1318.289,460.8207,0
1251.504,349.6148,0
1175.352,433.9657,0
1312.789,439.8555,0
1231.232,375.7048,0
1179.135,374.2904,0
1207.495,360.3721,0
1320.864,368.3875,0
1284.666,421.8221,0
1195.292,463.9393,0
1264.932,435.1162,0
1167.937,354.1677,0
1266.51,444.1898,0
1309.721,445.131,0
1208.093,421.3807,0
1260.437,419.6899,0
1138.605,451.3637,0
1259.117,374.1033,0
1308.522,369.0017,0
1227.419,418.229,0
1213.361,337.7654,0
1265.578,341.9376,0
1207.161,413.0096,0
1238.664,420.124,0
1315.309,422.8267,0
1159.32,418.537,0
1172.578,470.5118,0
1224.114,419.5811,0
1243.163,386.9029,0
1155.024,385.0772,0
1213.36,326.1328,0
1233.904,405.1669,0
1207.371,362.2031,0
1177.98,426.6977,0
1227.44,421.8622,0
1197.477,414.8401,0
1205.293,372.873,0
1299.364,426.2026,0
1264.749,411.5768,0
1211.346,383.1855,0
1237.635,420.8584,0
1267.911,376.4129,0
1240.372,388.3014,0
1172.942,349.9452,0
1347.952,417.2119,0
1268.63,347.5999,0
1228.388,415.8058,0
1157.676,370.7023,0
1204.577,371.9941,0
1252.194,401.8045,0
1314.659,433.8112,0
1186.488,427.4313,0
1317.705,369.2991,0
1186.103,431.5109,0
1215.233,359.5346,0
1226.89,399.3295,0
1263.842,393.1608,0
1286.124,374.5133,0
1279.85,434.0041,0
1209.419,404.6495,0
1267.355,350.8404,0
1131.189,382.5927,0
1241.796,395.4453,0
1222.075,407.9778,0
1268.01,480.7474,0
1226.494,433.6263,0
1229.087,410.0537,0
1233.501,358.4338,0
1258.819,392.7941,0
1216.068,487.7152,0
1227.754,394.1506,0
1334.252,430.8765,0
1213.011,404.8325,0
1275.193,393.714,0
1235.2,397.2382,0
1201.571,371.0261,0
1231.695,421.177,0
1225.706,359.0523,0
1169.24,417.29,0
1265.13,396.3942,0
1204.894,459.8328,0
1236.46,444.5693,0
1241.116,420.7764,0
1268.068,402.2936,0
1247.295,387.0554,0
1247.618,331.9515,0
1245.551,376.7704,0
1264.233,372.6193,0
1242.061,418.3038,0
1153.299,433.941,0
1292.603,449.7548,0
1259.68,371.7696,0
1306.015,358.6216,0
1289.247,419.1735,0
1278.437,392.0018,0
1181.206,390.1208,0
1222.919,418.4539,0
1129.325,365.7327,0
1245.906,410.1917,0
1195.161,287.2531,0
1229.535,432.557,0
1171.33,387.0672,0
1158.566,405.074,0
1269.54,435.105,0
1249.215,403.1921,0
1217.696,474.46,0
1234.561,476.6229,0
1231.456,462.1639,0
1308.367,380.4623,0
1281.685,425.863,0
1237.406,390.5408,0
1159.93,370.8309,0
1250.406,398.5926,0
1239.429,438.5167,0
1224.637,410.9955,0
1283.853,453.691,0
1213.719,411.9978,0
1148.658,395.749,0
1219.236,379.1696,0
1193.75,491.0406,0
1217.211,370.9586,0
1241.696,445.9157,0
1241.251,372.2794,0
1291.282,408.3554,0
1203.195,455.8258,0
1305.488,411.1738,0
1161.96,445.0842,0
1248.425,362.4725,0
1211.315,460.7162,0
1161.596,368.5276,0
1239.317,394.7164,0
1211.197,401.4525,0
1333.549,387.0101,0
1274.827,440.2602,0
1285.655,399.1578,0
1183.622,397.6309,0
1167.223,389.4656,0
1233.993,473.5682,0
1246.012,364.2444,0
1287.665,360.3337,0
1238.123,427.3192,0
1155.708,419.1257,0
1280.698,390.9333,0
1266.795,424.6661,0
1207.618,316.1787,0
1195.582,346.3615,0
1208.289,421.2035,0
1209.109,378.6894,0
1186.579,420.2596,0
1237.828,386.9678,0
1191.62,420.0238,0
1332.072,391.7621,0
1244.9,470.0252,0
1215.575,453.7913,0
1274.621,457.5693,0
1252.237,402.6771,0
1173.664,367.2132,0
1280.913,381.2316,0
1208.945,364.6464,0
1286.128,359.8378,0
1240.564,458.9833,0
1295.452,357.1007,0
1234.247,453.174,0
1292.133,417.6476,0
1253.721,334.0655,0
1285.733,412.7651,0
1222.883,379.2094,0
1230.717,398.5318,0
1264.742,363.0203,0
1207.4,412.8112,0
1237.148,446.3685,0
1225.089,405.2229,0
1255.482,404.8801,0
1174.717,453.1646,0
1190.417,404.0723,0
1245.204,376.8324,0
1293.163,403.2601,0
1227.213,410.3267,0
1206.075,426.7497,0
1218.335,364.6179,0
1155.57,402.3589,0
1221.89,482.8954,0
1256.994,399.815,0
1245.416,324.0569,0
1238.899,444.9264,0
1202.733,397.9666,0
1275.414,406.4994,0
1269.489,378.6079,0
1194.458,380.6236,0
1276.525,369.555,0
1257.277,458.84,0
1177.3,410.8639,0
1231.561,359.7149,0
1302.309,424.3671,0
1210.096,484.4095,0
1273.622,402.8347,0
1159.823,440.3488,0
1217.356,416.9222,0
1229.038,362.1221,0
1178.511,410.7383,0
1271.555,396.1924,0
1232.338,397.561,0
1203.527,405.9421,0
1304.626,390.0636,0
1303.473,383.2994,0
1283.696,435.8653,0
1192.543,458.4226,0
1298.888,444.5872,0
1239.499,432.6585,0
1149.393,384.8555,0
1244.534,363.6169,0
1290.971,437.6423,0
1235.948,400.6352,0
1162.777,502.0807,0
1190.999,391.5362,0
1197.782,395.8788,0
1213.891,357.9245,0
1245.015,393.8251,0
1225.827,365.6505,0
1299.899,434.4307,0
1189.685,422.2457,0
1302.223,408.3777,0
1211.99,393.8584,0
1291.505,408.1878,0
1258.713,371.479,0
1227.966,493.0369,0
1300.167,442.8592,0
1213.466,444.3261,0
1283.211,384.3469,0
1254.144,427.3304,0
1226.068,409.3677,0
1249.336,358.7562,0
1167.098,433.4887,0
1247.945,399.5227,0
1221.383,366.1465,0
1301.135,403.1833,0
1249.688,391.3966,0
1206.712,394.519,0
1243.33,436.9282,0
1229.574,461.6625,0
1238.588,432.404,0
1298.207,425.6628,0
1236.235,366.9783,0
1269.14,408.527,0
1196.753,367.6693,0
1296.321,341.9143,0
1225.102,434.2678,0
1204.394,389.4706,0
1255.568,399.2584,0
1225.871,364.6481,0
1153.82,343.9645,0
1220.984,333.1026,0
1207.578,401.6819,0
1243.925,354.8099,0
1225.214,329.1702,0
1238.299,386.0566,0
1309.402,385.1854,0
1258.679,449.0668,0
1203.458,392.3516,0
1265.605,412.0662,0
1249.701,493.6833,0
1238.191,292.0946,0
1231.747,375.0291,0
1218.695,478.54,0
1234.625,448.7368,0
1243.946,384.423,0
1226.103,408.8452,0
1253.893,439.9821,0
1188.979,485.8586,0
1251.126,363.7417,0
1248.211,439.079,0
1205.693,431.926,0
1252.041,379.2302,0
1215.052,392.1473,0
1212.049,452.0222,0
1265.058,415.5179,0
1271.515,396.1161,0
1223.847,405.0874,0
1177.143,452.7059,0
1254.116,406.0885,0
1160.786,358.6595,0
1244.385,420.9011,0
1350.794,364.623,0
1216.878,519.8376,0
1245.159,446.2549,0
1301.542,415.3946,0
1204.172,394.9695,0
1223.562,369.875,0
1218.4,382.8397,0
1240.994,394.45,0
1131.742,379.8508,0
1208.781,487.9447,0
1126.129,376.3554,0
1261.717,442.2911,0
1402.929,390.0939,0
1220.715,449.9353,0
1204.622,495.0425,0
1299.875,407.8163,0
1278.243,368.7208,0
1238.622,414.957,0
1249.228,408.417,0
1251.308,344.2264,0
1185.264,389.7559,0
1281.269,377.0934,0
1229.786,346.5109,0
1232.18,464.1183,0
1208.51,338.2031,0
1193.151,356.6992,0
1289.488,395.1298,0
1196.158,373.8726,0
1211.478,402.7527,0
1216.333,342.7007,0
1260.219,405.3698,0
1251.429,293.194,0
1327.804,315.5231,0
1206.782,372.5889,0
1223.858,290.5573,0
1208.807,417.1891,0
1230.242,455.507,0
1299.114,459.0662,0
1254.498,359.5441,0
1250.854,450.3969,0
1260.711,371.7678,0
1219.639,350.8303,0
1301.604,348.3334,0
1254.562,429.9407,0
1236.424,455.3318,0
1172.613,462.9702,0
1307.377,464.3936,0
1264.817,379.9307,0
1219.855,440.1367,0
1237.278,406.9172,0
1235.757,412.0378,0
1288.387,378.3407,0
1263.698,383.8331,0
1205.864,377.7531,0
1269.321,393.4887,0
1230.397,365.2751,0
1195.31,362.0317,0
1189.154,414.9224,0
1214.236,409.3775,0
1262.583,419.9068,0
1280.301,403.3423,0
1189.029,404.7605,0
1270.24,334.1642,0
1217.481,333.9064,0
1224.759,380.5425,0
1187.972,393.9561,0
1253.011,455.5077,0
1245.588,416.7777,0
1232.655,442.031,0
1216.215,431.5415,0
1256.998,422.1939,0
1206.382,402.4957,0
1275.564,380.7764,0
1241.489,417.0782,0
1292.242,385.1215,0
1175.878,337.6418,0
1232.67,438.9256,0
1177.804,423.2415,0
1180.698,378.2272,0
1274.892,488.8675,0
1200.934,455.5131,0
1252.99,399.2816,0
1219.495,356.9275,0
1245.885,422.4735,0
1220.215,387.5239,0
1276.623,459.0137,0
1212.547,363.4574,0
1179.175,425.6728,0
1293.804,414.8576,0
1270.157,400.8167,0
1241.711,346.1776,0
1283.074,404.2075,0
1294.814,346.0372,0
1240.641,375.4887,0
1299.078,381.2839,0
1226.498,413.7661,0
1258.102,399.748,0
1294.933,347.4704,0
1252.015,393.59,0
1243.351,436.9781,0
1168.271,423.6129,0
1252.428,447.3539,0
1228.361,425.78,0
1142.125,459.32,0
1265.899,362.0766,0
1263.803,382.623,0
1233.703,441.4705,0
1191.503,445.8699,0
1198.852,400.5661,0
1219.27,373.425,0
1240.099,454.2471,0
1178.486,454.6548,0
1236.182,450.0406,0
1260.734,389.8827,0
1272.88,387.001,0
1270.344,429.8326,0
1209.157,418.8082,0
1300.787,370.9313,0
1160.201,388.2157,0
1216.357,427.4391,0
1201.496,359.0044,0
1273.012,328.2852,0
1259.346,406.0416,0
1210.377,346.4252,0
1268.46,393.2826,0
1222.641,442.1324,0
1228.166,428.9219,0
1238.982,423.0469,0
1232.58,472.8578,0
1324.103,353.5045,0
1252.258,391.5923,0
1213.668,442.1082,0
1245.046,488.3711,0
1217.618,352.5975,0
1269.555,407.5962,0
1212.594,428.5762,0
1255.208,444.8487,0
1255.198,406.3282,0
1192.685,456.3665,0
1283.207,421.5385,0
1146.664,429.3793,0
1228.95,419.4937,0
1201.529,449.7137,0
1258.808,430.8011,0
1177.597,370.7151,0
1176.081,483.4742,0
1229.368,404.8821,0
1289.573,392.3753,0
1281.818,419.5832,0
1277.975,446.8154,0
1226.395,470.8186,0
1262.868,362.6089,0
1239.182,357.2099,0
1183.163,348.1199,0
1293.605,405.1368,0
1164.605,415.8935,0
1263.66,382.6835,0
1185.772,424.8666,0
1262.304,392.2698,0
1223.977,478.1859,0
1278.263,405.3301,0
1226.388,438.8897,0
1324.203,313.4382,0
1199.336,406.9116,0
1359.895,303.8787,0
1221.834,367.86,0
1227.728,327.0219,0
1251.607,484.0676,0
1271.62,341.5348,0
1278.433,359.0365,0
1285.568,371.6958,0
1236.951,318.0953,0
1254.89,414.8488,0
1149.411,314.5693,0
1289.026,360.7713,0
1250.255,352.1098,0
1256.272,401.6834,0
1278.031,471.9442,0
1208.605,395.543,0
1211.753,498.2523,0
1200.998,383.3215,0
1233.148,398.1684,0
1170.155,357.2578,0
1148.256,400.9764,0
1242.194,380.5522,0
1254.615,387.5027,0
1265.843,421.1828,0
1199.091,431.0587,0
1213.114,482.0063,0
1231.384,377.0603,0
1186.223,409.3411,0
1199.259,354.1959,0
1201.393,439.4789,0
1250.025,304.5309,0
1205.547,364.6719,0
1198.295,343.459,0
1267.32,443.6545,0
1226.79,482.5074,0
1254.972,474.2426,0
1211.049,457.8677,0
1173.399,434.7949,0
1225.637,369.0379,0
1285.133,375.0879,0
1241.36,388.2213,0
1273.391,437.7788,0
1221.957,417.8176,0
1287.136,396.183,0
1273.633,379.8986,0
1321.829,432.4431,0
1245.817,413.2289,0
1227.476,464.5307,0
1177.706,384.4461,0
1273.338,416.0571,0
1220.002,389.3773,0
1186.881,402.9661,0
1255.57,402.9746,0
1261.437,368.969,0
1231.53,471.839,0
1229.531,391.1206,0
1331.935,369.8641,0
1214.572,437.6337,0
1180.621,446.0526,0
1247.029,405.9019,0
1177.463,359.7209,0
1168.375,468.0914,0
1280.056,381.547,0
1248.741,379.0871,0
1236.554,279.6891,0
1205.195,339.7274,0
1222.609,344.5915,0
1269.837,410.1974,0
1240.474,445.8179,0
1282.905,436.2359,0
1232.342,424.5897,0
1280.277,375.2159,0
1241.175,451.0822,0
1307.7,447.6037,0
1215.271,382.1221,0
1158.34,344.0814,0
1254.157,362.2103,0
1214.638,359.4287,0
1254.784,354.9555,0
1196.856,309.8831,0
1202.885,356.7742,0
1289.886,383.8846,0
1267.557,430.5555,0
1261.684,400.3838,0
1321.406,377.4991,0
1315.371,425.7022,0
1262.22,355.4553,0
1251.055,443.0693,0
1187.307,451.9398,0
1295.479,384.2498,0
1340.998,374.5884,0
1190.15,410.8555,0
1205.394,377.5194,0
1315.138,328.6834,0
1225.185,397.5198,0
1189.307,447.165,0
1178.821,383.9503,0
1262.438,333.3982,0
1217.74,379.0805,0
1149.504,376.5964,0
1283.489,396.5889,0
1181.045,361.8159,0
1228.911,332.535,0
1222.221,355.4709,0
1317.083,390.6583,0
1251.738,371.2031,0
1225.521,431.4291,0
1239.103,433.3031,0
1302.454,366.5515,0
1236.516,398.0186,0
1279.465,288.3934,0
1248.849,471.8059,0
1265.563,381.3222,0
1219.702,346.8797,0
1285.944,429.58,0
1299.549,425.1198,0
1201.243,349.8376,0
1197.459,447.1126,0
1219.136,370.5824,0
1243.173,445.3781,0
1277.455,404.1074,0
1337.694,374.5658,0
1254.01,444.2321,0
1248.758,430.9037,0
1222.578,430.4305,0
1286.093,396.0916,0
1265.705,423.5063,0
1241.414,411.9362,0
1206.389,461.0186,0
1303.14,336.8889,0
1239.921,388.057,0
1223.62,438.071,0
1206.722,341.0771,0
1232.983,392.4179,0
1267.25,391.4537,0
1250.614,420.5555,0
1199.754,398.6276,0
1271.05,365.3682,0
1257.657,429.6412,0
1302.398,423.7098,0
1161.501,397.6978,0
1177.042,346.995,0
1209.81,393.1731,0
1261.041,390.3052,0
1291.887,397.1795,0
1215.569,467.5266,0
1292.158,357.5151,0
1255.591,402.5201,0
1275.767,420.2388,0
1332.184,404.0895,0
1236.869,404.067,0
1205.63,410.5245,0
1221.12,437.0298,0
1245.923,397.9159,0
1164.721,379.655,0
1249.56,384.8369,0
1250.697,410.1315,0
1138.096,409.6168,0
1211.427,465.1423,0
1277.356,437.6021,0
1220.661,392.4615,0
1246.462,377.9901,0
1174.101,539.5419,0
1245.162,388.1621,0
1215.138,369.9991,0
1272.022,393.4355,0
1240.59,354.0526,0
1296.847,368.6764,0
1216.078,399.6136,0
1223.85,432.7537,0
1296.878,389.2224,0
1188.596,431.3105,0
1204.128,394.0035,0
1359.316,407.03,0
1212.461,413.5713,0
1333.927,431.5864,0
1176.665,481.5091,0
1258.803,433.9642,0
1243.805,345.5757,0
1281.471,358.2603,0
1246.935,371.2652,0
1272.158,447.1765,0
1170.113,424.243,0
1280.674,395.2262,0
1216.674,518.7947,0
1205.49,451.129,0
1248.506,386.0493,0
1225.991,404.1703,0
1205.659,388.4783,0
1263.35,438.389,0
1265.262,422.574,0
1155.625,340.1218,0
1243.975,398.8122,0
1300.938,392.1007,0
1304.101,482.5579,0
1273.838,373.9667,0
1212.77,387.5227,0
1270.429,443.5175,0
1257.764,445.4811,0
1199.677,392.0629,0
1280.514,390.5626,0
1224.842,412.1584,0
1175.183,413.8434,0
1227.153,412.4998,0
1211.764,430.2897,0
1205.618,316.6192,0
1208.47,404.5613,0
1178.194,385.1839,0
1239.638,411.5809,0
1222.269,401.3098,0
1238.699,357.4893,0
1308.374,333.8225,0
1208.966,430.7438,0
1320.787,423.7447,0
1222.54,402.4789,0
1269.733,376.5651,0
1223.801,357.7665,0
1172.542,351.7468,0
1141.909,383.5475,0
1192.763,517.0708,0
1191.122,330.0241,0
1207.962,397.2947,0
1292.369,349.8113,0
1181.897,417.4681,0
1233.219,423.8648,0
1230.791,403.2836,0
1249.68,386.4665,0
1212.758,425.9866,0
1269.938,262.2693,0
1270.53,401.2091,0
1212.195,481.5264,0
1281.86,436.7438,0
1292.726,428.6588,0
1223.409,458.2101,0
1220.884,425.1937,0
1280.845,377.6967,0
1265.038,406.7485,0
1236.473,396.7278,0
1163.009,418.6286,0
1228.118,372.9249,0
1301.162,374.2653,0
1247.467,398.4585,0
1185.317,360.3876,0
1175.502,421.2902,0
1232.841,374.1022,0
1163.179,477.4262,0
1245.455,418.5263,0
1200.296,370.6664,0
1173.143,319.4155,0
1179.54,308.6692,0
1235.79,417.0611,0
1219.063,365.1638,0
1156.529,427.0031,0
1139.386,341.0867,0
1164.917,421.4018,0
1182.483,367.2817,0
1173.083,391.8462,0
1247.186,387.9129,0
1183.37,426.4528,0
1241.468,308.4202,0
1245.407,409.1228,0
1203.887,338.3642,0
1265.015,370.8994,0
1267.03,428.7743,0
1259.151,437.3971,0
1286.035,455.2306,0
1248.308,367.8661,0
1315.91,475.8888,0
1154.387,429.323,0
1240.81,312.5462,0
1348.502,326.1002,0
1179.055,424.5889,0
1205.929,411.267,0
1269.314,373.8489,0
1198.823,429.1405,0
1277.911,366.8016,0
1225.969,310.7491,0
1196.827,394.6973,0
1231.944,412.1118,0
1304.499,443.4814,0
1279.275,429.6179,0
1275.346,416.6616,0
1271.937,393.8261,0
1252.948,426.4276,0
1230.63,349.5291,0
1153.239,462.7031,0
1305.834,391.2367,0
1230.121,385.1578,0
1210.238,377.228,0
1250.729,414.1789,0
1165.517,428.2036,0
1187.304,387.4449,0
1242.82,373.4575,0
1327.344,346.4531,0
1217.008,383.8585,0
1260.88,377.0458,0
1291.797,325.4269,0
1229.014,406.4269,0
1271.967,451.6786,0
1302.549,400.9649,0
1178.719,348.9462,0
1164.067,366.5551,0
1278.152,377.8889,0
1303.755,364.5883,0
1279.193,367.3568,0
1235.147,406.3752,0
1164.369,443.9751,0
1208.104,403.5244,0
1250.303,419.6754,0
1320.384,374.6652,0
1305.241,401.4308,0
1196.808,462.0009,0
1266.81,445.738,0
1270.178,417.7097,0
1248.391,397.3309,0
1296.534,299.2036,0
1249.536,374.2211,0
1196.451,356.7706,0
1231.514,369.4203,0
1235.227,325.7714,0
1301.312,337.7139,0
1274.293,355.3412,0
1172.863,446.5201,0
1347.805,458.9139,0
1268.223,379.2921,0
1130.714,387.1702,0
1273.553,362.645,0
1218.367,357.3665,0
1169.106,373.3431,0
1233.91,442.3662,0
1213.252,391.7921,0
1233.474,370.4778,0
1265.421,370.3516,0
1289.782,438.1166,0
1203.521,418.4298,0
1262.012,373.4016,0
1191.618,425.5947,0
1241.984,401.1088,0
1267.389,360.6209,0
1221.406,387.6035,0
1227.879,380.3836,0
1330.289,385.3988,0
1221.981,387.5519,0
1195.901,340.7898,0
1228.304,354.2017,0
1204.676,364.5602,0
1297.895,409.8496,0
1245.719,329.3352,0
1264.347,442.6133,0
1263.391,415.4048,0
1102.16,333.7358,0
1257.526,372.4944,0
1271.55,459.5329,0
1222.837,423.7752,0
1253.613,402.7937,0
1201.95,394.6525,0
1243.367,429.5394,0
1293.542,443.7285,0
1242.199,370.7311,0
1189.6,418.1303,0
1254.147,403.27,0
1298.79,321.2831,0
1190.059,315.7241,0
1249.786,378.1506,0
1185.249,403.941,0
1374.524,361.3264,0
1304.632,415.9573,0
1190.553,405.6161,0
1259.232,408.1935,0
1200.135,427.7147,0
1244.265,396.0273,0
1188.87,385.0133,0
1271.254,325.4116,0
1272.629,353.675,0
1172.14,353.124,0
1212.891,456.7191,0
1271.949,424.6791,0
1125.577,404.7355,0
1234.037,348.3657,0
1198.054,440.0458,0
1253.002,360.4496,0
1240.622,397.6138,0
1220.525,414.2315,0
1189.25,397.6863,0
1211.281,361.526,0
1211.935,414.8057,0
1184.208,343.0448,0
1267.174,327.0764,0
1219.213,444.629,0
1228.858,364.4535,0
1308.64,320.3284,0
1162.046,378.2442,0
1188.523,344.956,0
1198.673,451.7095,0
1205.047,416.4432,0
1142.658,440.6223,0
1172.919,461.9091,0
1180.434,390.5593,0
1228.378,315.8777,0
1221.455,382.1707,0
1301.149,389.4776,0
1208.366,471.549,0
1228.914,398.1318,0
1246.611,365.8078,0
1236.509,348.9059,0
1321.727,386.7382,0
1235.698,355.3276,0
1261.021,363.6271,0
1168.061,447.8773,0
1278.786,375.4987,0
1229.941,404.7771,0
1256.08,380.8158,0
1159.64,387.5067,0
1167.935,371.9529,0
1295.734,359.4994,0
1199.016,388.2565,0
1189.161,405.0681,0
1204.729,467.7983,0
1211.973,421.5613,0
1226.276,410.0972,0
1206.999,411.8521,0
1231.582,431.8313,0
1234.358,409.7248,0
1270.272,340.993,0
1247.585,444.6007,0
1138.575,382.3152,0
1222.511,458.6589,0
1268.33,445.5449,0
1161.431,403.6631,0
1291.231,330.0751,0
1174.061,370.2366,0
1302.292,381.8088,0
1233.435,406.9759,0
1187.249,450.5975,0
1216.998,384.4915,0
1257.482,454.4141,0
1195.631,363.4213,0
1244.411,426.4046,0
1218.772,382.9799,0
1201.535,394.0774,0
1260.302,403.4924,0
1249.599,372.0936,0
1241.588,403.1149,0
1215.052,395.0076,0
1267.126,399.8031,0
1246.024,366.6487,0
1325.311,428.3991,0
1200.639,394.1307,0
1220.208,310.2263,0
1180.842,332.321,0
1262.75,402.5836,0
1230.13,373.932,0
1202.772,411.9681,0
1252.798,442.0949,0
1192.016,349.7323,0
1178.846,415.9175,0
1198.977,454.4763,0
1306.1,406.6621,0
1254.004,461.1593,0
1144.124,382.9438,0
1216.077,416.2411,0
1203.959,325.0311,0
1276.555,382.4395,0
1156.196,432.0949,0
1265.482,454.4343,0
1268.375,405.6204,0
1308.5,325.6805,0
1235.563,419.8443,0
1151.946,365.5725,0
1227.572,396.2103,0
1176.506,380.8489,0
1240.914,389.9106,0
1265.542,349.1817,0
1283.328,427.2554,0
1231.733,386.3083,0
1226.794,398.1389,0
1233.188,372.5517,0
1221.837,440.6789,0
1237.794,378.7774,0
1232.366,454.935,0
1225.244,393.2115,0
1240.142,441.3954,0
1201.54,434.598,0
1192.891,379.4785,0
1290.257,428.2388,0
1237.206,475.4085,0
1220.827,414.3641,0
1307.651,420.8187,0
1250.47,314.6391,0
1174.974,439.0093,0
1136.35,406.0876,0
1234.737,470.9087,0
1236.182,392.787,0
1317.592,396.9463,0
1221.531,394.0092,0
1277.03,322.366,0
1216.125,367.3553,0
1156.957,368.4794,0
1222.419,394.9655,0
1191.899,442.1728,0
1261.727,369.6036,0
1104.368,420.9636,0
1147.385,387.418,0
1242.864,391.3412,0
1207.809,392.7767,0
1153.996,354.7482,0
1221.479,363.9094,0
1251.844,347.7611,0
1275.854,377.0219,0
1179.8,374.5049,0
1225.814,404.6664,0
1305.449,412.7502,0
1222.797,392.8177,0
1237.977,419.189,0
1272.299,414.2523,0
1242.129,458.157,0
1194.393,354.0186,0
1205.797,334.14,0
1201.72,438.1801,0
1235.385,384.046,0
1216.002,281.5363,0
1276.087,381.2244,0
1164.928,431.8119,0
1182.592,416.0745,0
1204.963,415.4825,0
1244.99,351.4825,0
1149.457,485.5586,0
1254.556,398.6091,0
1249.267,384.152,0
1215.116,472.9684,0
1257.292,382.2816,0
1229.06,352.5161,0
1252.345,505.6655,0
1249.383,372.3181,0
1196.238,446.5396,0
1226.663,350.4311,0
1177.367,415.7529,0
1125.349,385.4683,0
1127.184,434.0896,0
1291.632,388.7016,0
1211.6,386.0546,0
1159.382,401.2496,0
1237.78,387.0207,0
1167.776,353.4343,0
1252.833,414.0585,0
1201.832,461.2124,0
1255.652,361.6443,0
1236.113,429.0458,0
1198.327,444.6623,0
1305.128,401.2185,0
1224.184,402.5093,0
1242.078,369.3973,0
1237.581,345.2867,0
1228.023,400.5562,0
1258.97,398.819,0
1211.257,369.0143,0
1209.103,347.8229,0
1219.916,430.7194,0
1196.493,420.2851,0
1124.28,448.4521,0
1298.341,368.4448,0
1211.26,303.2847,0
1245.163,363.1255,0
1261.022,480.0543,0
1201.678,404.2985,0
1190.008,343.907,0
1305.466,381.5991,0
1272.683,417.9985,0
1182.614,363.3057,0
1222.593,343.3991,0
1225.013,425.5663,0
1319.528,420.8931,0
1154.222,454.3032,0
1469.189,534.2059,0
1251.416,388.2405,0
1275.604,421.3881,0
1182.602,409.5837,0
1306.448,375.3685,0
1139.349,384.5664,0
1187.865,400.577,0
1256.344,403.608,0
1269.47,393.4594,0
1241.043,454.0266,0
1248.19,367.2859,0
1238.83,423.9068,0
1144.614,437.894,0
1206.911,451.8279,0
1250.617,332.4313,0
1320.852,316.3541,0
1236.752,426.8771,0
1245.651,475.7443,0
1247.113,365.9984,0
1223.613,413.4953,0
1226.69,344.3844,0
1200.133,384.7993,0
1285.218,412.5547,0
1207.101,429.9808,0
1160.175,412.2017,0
1241.183,410.0529,0
1273.155,346.683,0
1206.341,423.2814,0
1237.411,363.4595,0
1233.745,384.8994,0
1197.502,361.9918,0
1324.488,385.4229,0
1282.936,377.8495,0
1130.152,378.4209,0
1268.349,420.8221,0
1266.921,389.5224,0
1249.409,384.2527,0
1311.135,447.2053,0
1259.286,452.7979,0
1177.106,435.4943,0
1173.165,427.4175,0
1131.03,392.7048,0
1252.797,401.0363,0
1263.521,421.9269,0
1170.352,394.4075,0
1275.776,465.5495,0
1244.076,466.4891,0
1270.832,381.3356,0
1182.787,362.7876,0
1210.197,371.7637,0
1162.02,427.4028,0
1179.745,422.685,0
1243.942,394.3157,0
1171.694,379.0303,0
1206.575,458.6326,0
1195.69,426.2803,0
1218.495,419.6641,0
1275.324,392.3074,0
1338.742,351.0688,0
1228.858,478.0237,0
1262.986,416.872,0
1232.852,422.5054,0
1156.287,447.9006,0
1279.926,344.1812,0
1159.643,321.3129,0
1160.109,396.8212,0
1221.513,381.7658,0
1265.944,344.449,0
1282.23,429.6876,0
1204.557,348.9689,0
1249.328,435.4653,0
1211.903,366.1897,0
1162.741,450.335,0
1201.694,439.7514,0
1322.187,397.5593,0
1248.477,402.3257,0
1186.213,390.454,0
1221.492,383.0204,0
1198.17,473.7288,0
1150.219,363.5486,0
1214.65,377.4642,0
1247.733,319.265,0
1238.814,404.5485,0
1205.746,374.4836,0
1213.63,417.1455,0
1193.245,391.3422,0
1259.432,466.8259,0
1252.407,375.4464,0
1245.327,378.0884,0
1209.595,386.162,0
1161.396,361.0433,0
1203.593,411.5103,0
1204.753,345.868,0
1235.019,388.5157,0
1246.809,408.6268,0
1167.975,439.5098,0
1206.387,343.7519,0
1198.506,440.05,0
1247.86,466.5414,0
1259.752,398.2339,0
1230.597,393.5074,0
1270.248,404.9254,0
1291.027,435.3532,0
1167.378,426.4978,0
1215.498,402.0552,0
1172.518,374.1614,0
1180.337,4109.0,
1281.723,426.4876,0
1205.78,346.1396,0
1272.505,356.6614,0
1210.466,451.3841,0
1198.548,468.4628,0
1202.468,472.6993,0
1221.323,446.8582,0
1140.142,447.5663,0
1266.97,469.8512,0
1226.661,398.1938,0
1264.614,420.8406,0
1143.255,378.075,0
1227.799,393.1377,0
1257.958,438.6398,0
1199.015,348.2813,0
1228.554,415.7698,0
1186.871,418.3487,0
1243.428,373.8115,0
1252.624,423.6364,0
1255.867,407.1103,0
1243.206,416.3833,0
1240.814,389.4955,0
1322.1,388.2332,0
1247.87,437.2682,0
1299.599,324.0296,0
1262.532,393.4471,0
1215.524,486.6397,0
1148.761,322.5322,0
1226.948,396.1735,0
1190.114,371.0311,0
1238.358,392.4956,0
1231.948,472.7025,0
1193.727,354.1399,0
1236.246,404.2709,0
1264.646,432.7753,0
1192.332,459.7936,0
1514.327,480.9527,0
1224.47,356.6907,0
1259.46,380.4555,0
1302.665,345.093,0
1159.696,431.8008,0
1155.938,408.6548,0
1244.795,409.347,0
1221.813,333.0466,0
1177.45,339.5533,0
1237.726,428.9979,0
1260.647,377.5253,0
1238.899,370.3076,0
1296.386,387.1113,0
1192.621,406.3066,0
1247.076,364.2462,0
1226.38,362.1767,0
1221.535,415.5459,0
1241.646,368.6666,0
1311.007,385.7217,0
1223.391,423.3309,0
1224.509,345.5322,0
1323.145,372.304,0
1234.721,390.0232,0
1279.546,402.8611,0
1219.065,324.8484,0
1199.786,479.2329,0
1249.551,384.7151,0
1194.192,408.3382,0
1163.083,418.0095,0
1245.151,435.4385,0
1208.701,410.6595,0
1218.688,351.0206,0
1244.247,422.1198,0
1246.444,335.485,0
1310.953,385.9479,0
1180.572,423.0172,0
1163.704,479.1848,0
1234.401,406.7056,0
1263.95,330.8104,0
1174.906,390.2225,0
1268.497,405.6122,0
1270.698,384.7406,0
1289.17,390.5977,0
1194.128,352.8152,0
1220.366,426.9405,0
1294.12,399.1547,0
1197.79,385.5643,0
1194.61,431.9402,0
1248.535,375.5001,0
1208.639,420.2181,0
1275.07,354.4775,0
1242.051,375.151,0
1216.198,442.2021,0
1280.244,403.646,0
1216.773,329.6187,0
1222.091,354.4295,0
1202.83,422.0242,0
1181.328,379.9992,0
1228.097,442.696,0
1209.681,338.5961,0
1204.475,408.6918,0
1237.134,430.6979,0
1234.07,435.4639,0
1268.568,445.4927,0
1173.771,382.1672,0
1252.929,352.059,0
1259.267,421.8395,0
1221.735,397.288,0
1232.446,355.3801,0
1264.154,361.3496,0
1166.764,320.2742,0
1123.293,430.3978,0
1120.254,394.272,0
1204.587,375.4092,0
1276.296,375.6917,0
1239.95,429.2646,0
1277.737,432.1075,0
1174.9,455.1516,0
1269.149,369.3441,0
1232.667,421.9233,0
1252.383,388.5834,0
1323.142,321.8119,0
1219.439,357.7857,0
1176.488,452.0838,0
1206.473,405.6573,0
1226.783,394.923,0
1243.164,416.4869,0
1243.047,408.856,0
1239.439,384.4628,0
1246.565,404.6252,0
1231.052,414.8113,0
1228.585,430.8438,0
1253.108,371.0339,0
1234.019,427.5428,0
1228.873,382.1328,0
1211.894,401.5104,0
1280.252,396.9224,0
1216.028,409.7023,0
1214.727,440.228,0
1203.746,436.7976,0
1160.939,414.156,0
1249.56,388.1414,0
1251.382,403.7008,0
1203.943,437.884,0
1219.579,385.0952,0
1245.842,395.0366,0
1306.34,393.7397,0
1276.703,446.154,0
1242.55,404.7502,0
1258.234,401.7078,0
1279.133,387.2654,0
1199.863,381.7391,0
1235.38,351.8394,0
1234.767,373.1106,0
1178.975,376.7402,0
1217.735,393.1467,0
1134.6,394.2863,0
1219.714,512.1101,0
1219.9,415.9653,0
1213.796,367.7845,0
1255.514,459.6182,0
1251.613,319.4398,0
1222.64,435.3975,0
1177.449,384.0864,0
1230.235,307.7449,0
1190.389,405.3517,0
1243.472,329.217,0
1219.629,390.252,0
1215.422,363.0845,0
1213.952,406.9554,0
1321.019,318.8572,0
1185.538,472.7745,0
1178.937,401.9731,0
1207.281,363.2964,0
1272.609,351.7433,0
1187.675,381.9465,0
1249.26,321.027,0
1252.631,367.2541,0
1171.635,409.5547,0
1269.345,370.7675,0
1151.807,374.7976,0
1205.389,379.2613,0
1233.473,454.6502,0
1235.511,433.0612,0
1284.387,337.9677,0
1189.468,444.0225,0
1199.029,446.7084,0
1257.713,358.3405,0
1206.407,9866.0,
1229.591,438.9164,0
1203.504,439.9551,0
1210.382,501.5587,0
1257.212,379.5637,0
1204.235,344.7668,0
1267.067,393.0452,0
1263.839,396.1191,0
1178.008,418.5273,0
1239.643,427.5,0
1324.815,322.6143,0
1262.806,477.097,0
1192.244,422.3899,0
1236.297,372.7287,0
1210.752,337.239,0
1144.98,375.6755,0
1196.437,349.2147,0
1248.562,454.662,0
1307.594,387.1055,0
1176.777,407.3717,0
1252.095,423.4549,0
1225.824,448.7291,0
1166.089,400.3735,0
1252.784,400.2593,0
1216.681,442.0754,0
1203.827,405.2232,0
1304.514,381.694,0
1236.798,394.6915,0
1214.702,314.9438,0
1220.225,417.4521,0
1213.487,450.4465,0
1265.709,335.4412,0
1218.731,464.02,0
1311.676,460.31,0
1233.507,405.9949,0
1302.972,419.4484,0
1222.246,388.8173,0
1206.703,482.7556,0
1198.626,350.9559,0
1165.769,352.2838,0
1250.367,394.0557,0
1250.865,389.4642,0
1256.129,338.8959,0
1209.793,445.3632,0
1221.29,453.2659,0
1292.462,435.3893,0
1261.958,382.1297,0
1226.898,435.1603,0
1221.343,413.2065,0
1172.979,404.8763,0
1231.493,402.9669,0
1248.544,383.2242,0
1243.681,328.5874,0
1265.617,411.2524,0
1159.009,331.9216,0
1284.55,420.8187,0
1172.189,362.9612,0
1182.268,395.9652,0
1249.924,416.5774,0
1269.642,338.6568,0
1244.858,394.0908,0
1213.991,328.2323,0
1203.004,423.1357,0
1262.066,360.4379,0
1284.218,402.7681,0
1214.254,340.4905,0
1266.16,448.6295,0
1253.176,430.5942,0
1230.716,448.9968,0
1256.701,458.1219,0
1192.634,415.1997,0
1208.371,421.2009,0
1253.608,390.7325,0
1245.715,388.9906,0
1258.581,420.2307,0
1272.516,407.7284,0
1186.262,340.5817,0
1284.326,423.3008,0
1205.067,452.5677,0
1234.305,373.9203,0
1206.439,380.6093,0
1297.565,395.1813,0
1236.79,367.7538,0
1314.759,355.7985,0
1268.25,406.2693,0
1195.638,479.4531,0
1213.757,340.7006,0
1183.571,347.8737,0
1291.363,346.8638,0
1232.511,334.8638,0
1212.241,385.701,0
1242.061,449.0309,0
1190.676,427.1994,0
1259.404,428.3847,0
1236.099,429.8347,0
1241.21,428.3956,0
1258.221,379.1618,0
1214.978,355.1303,0
1270.224,483.3817,0
1230.184,396.3125,0
1187.125,416.5763,0
1244.186,391.244,0
1217.217,406.9279,0
1268.77,424.4241,0
1204.115,439.7067,0
1190.848,396.7635,0
1175.126,406.5081,0
1231.959,423.8445,0
1176.576,374.4503,0
1285.235,353.3422,0
1323.346,340.9835,0
1198.822,379.2583,0
1184.481,399.1613,0
1290.438,8465.0,
1151.593,438.6544,0
1168.756,410.1412,0
1276.416,339.0714,0
1243.104,437.0317,0
1270.558,321.7497,0
1295.252,375.1611,0
1164.964,347.9874,0
1242.359,366.3641,0
1244.341,420.4858,0
1268.12,389.5097,0
1225.855,382.6914,0
1283.924,358.0056,0
1175.49,442.4376,0
1154.412,445.4343,0
1297.398,358.7271,0
1265.577,341.9385,0
1220.704,367.5984,0
1214.362,375.3713,0
1328.829,292.3677,0
1214.105,382.8831,0
1294.178,408.4775,0
1222.381,419.5364,0
1246.866,437.3204,0
1253.545,408.2525,0
1209.696,369.1436,0
1215.979,384.8782,0
1287.694,369.3917,0
1184.389,390.8762,0
1238.094,395.6147,0
1231.262,443.0457,0
1211.045,415.8611,0
1178.948,328.4443,0
1272.989,442.0421,0
1204.939,438.853,0
1267.516,453.0464,0
1184.508,400.9898,0
1338.184,364.6816,0
1250.71,396.3486,0
1203.484,344.5385,0
1200.962,339.8726,0
1255.178,421.3628,0
1263.284,392.8198,0
1245.447,414.6593,0
1215.57,358.6692,0
1170.94,395.6134,0
1216.458,411.7924,0
1187.938,505.9014,0
1248.619,426.9852,0
1180.403,419.7285,0
1232.224,411.0958,0
1186.833,383.5548,0
1227.854,390.2109,0
1238.888,426.0026,0
1207.424,390.0859,0
1265.64,422.5133,0
1166.919,408.9323,0
1185.476,408.5996,0
1135.02,359.5986,0
1213.812,429.7226,0
1244.672,371.8951,0
1204.619,351.1011,0
1194.869,415.053,0
1250.817,399.2177,0
1254.475,379.7125,0
1176.044,406.8773,0
1242.583,406.9622,0
1157.916,491.1377,0
1281.893,333.1036,0
1281.412,423.0978,0
1176.176,402.535,0
1257.183,427.3541,0
1217.87,395.8137,0
1221.131,409.413,0
1226.072,375.7878,0
1236.413,408.3535,0
1279.761,401.527,0
1277.604,371.1479,0
1186.532,425.1118,0
1285.932,475.4403,0
1199.657,396.6449,0
1171.55,370.0165,0
1143.355,503.6339,0
1235.369,403.9882,0
1305.85,399.8881,0
1228.648,389.423,0
1296.833,392.3258,0
1172.322,468.1658,0
1228.476,391.0594,0
1209.85,429.0058,0
1220.991,460.597,0
1211.811,447.5464,0
1198.854,347.5186,0
1184.615,401.2169,0
1238.23,374.1486,0
1251.801,387.2189,0
1174.708,452.1198,0
1283.03,398.8789,0
1238.385,356.5382,0
1255.835,408.4572,0
1200.943,425.7327,0
1230.047,374.8499,0
1305.111,435.9331,0
1242.498,420.6044,0
1249.896,422.6243,0
1257.705,368.397,0
1238.349,463.4277,0
1212.412,386.0417,0
1152.895,316.2419,0
1238.718,337.4854,0
1274.719,477.8945,0
1165.174,370.6594,0
1195.591,448.341,0
1253.167,432.7185,0
1140.206,428.2487,0
1245.34,326.2076,0
1292.63,435.9117,0
1214.819,337.8638,0
1214.07,413.5233,0
1169.18,350.3232,0
1206.424,434.2714,0
1201.132,458.0627,0
1243.324,303.0225,0
1190.705,421.6369,0
1237.17,362.3306,0
1162.775,409.8984,0
1191.748,425.8007,0
1264.513,422.334,0
1256.065,464.4557,0
1219.052,323.9119,0
1243.486,403.3051,0
1254.028,400.7074,0
1246.94,400.329,0
1243.418,447.4824,0
1178.83,361.8196,0
1281.661,379.4723,0
1219.744,379.0391,0
1187.022,461.1791,0
1134.786,412.4102,0
1312.864,361.7978,0
1161.795,385.952,0
1222.531,432.5138,0
1238.2,388.2761,0
1273.428,457.5714,0
1242.121,405.1781,0
1228.261,449.8755,0
1280.431,382.3052,0
1148.829,408.0921,0
1180.778,290.9828,0
1242.49,299.7772,0
1160.254,385.4872,0
1296.877,332.7161,0
1249.143,398.1988,0
1190.295,379.9424,0
1215.191,399.6022,0
1255.535,422.8137,0
1255.151,334.6235,0
1206.284,402.3243,0
1189.088,433.488,0
1238.112,464.1696,0
1306.755,417.1347,0
1271.83,405.543,0
1257.464,427.9506,0
1232.554,395.1706,0
1198.368,379.4455,0
1243.108,388.8488,0
1212.831,368.5792,0
1305.627,389.3,0
1212.653,354.6803,0
1253.34,436.965,0
1261.257,348.2863,0
1210.443,400.6006,0
1225.663,423.7567,0
1245.025,400.6961,0
1295.78,345.2758,0
1233.953,424.7234,0
1298.492,454.7475,0
1294.902,443.0425,0
1263.018,409.6973,0
1249.075,315.7847,0
1250.036,435.3534,0
1207.645,408.5327,0
1150.688,416.1881,0
1237.792,376.5807,0
1273.672,392.8109,0
1303.76,407.4461,0
1182.07,474.1266,0
1177.128,397.1355,0
1132.382,378.5359,0
1280.12,339.9768,0
1294.246,393.0787,0
1214.926,401.8957,0
1230.065,402.8767,0
1184.413,405.5048,0
1248.149,320.8484,0
1314.561,388.8704,0
1243.895,417.6591,0
1245.321,377.1351,0
1253.756,381.8593,0
1295.078,380.6254,0
1269.703,444.4453,0
1237.948,406.5264,0
1245.612,354.806,0
1236.917,395.8137,0
1247.976,379.3351,0
1238.99,350.5215,0
1218.028,473.7376,0
1260.182,408.4246,0
1249.768,424.2332,0
1230.293,415.8456,0
1192.81,442.9496,0
1278.971,342.5001,0
1249.302,362.1553,0
1215.517,337.9412,0
1210.241,355.5187,0
1192.906,360.9702,0
1274.977,359.5674,0
1219.854,467.4349,0
1193.637,419.4269,0
1169.632,441.2679,0
1299.593,397.5703,0
1259.02,431.5182,0
1275.96,424.3752,0
1198.246,501.2847,0
1250.021,398.8102,0
1349.315,447.3046,0
1271.854,381.3004,0
1227.589,404.7192,0
1234.764,439.3801,0
1197.952,388.9269,0
1257.658,316.2651,0
1257.348,438.7767,0
1275.573,379.8643,0
1205.124,414.2216,0
1256.136,368.8007,0
1254.092,364.8422,0
1255.305,371.4375,0
1265.031,343.5993,0
1180.325,401.8937,0
1265.855,389.8862,0
1196.354,385.397,0
1230.926,454.3665,0
1208.669,358.2936,0
1240.953,391.7712,0
1230.249,406.7062,0
1199.072,445.4379,0
1261.948,317.7042,0
1264.274,470.6783,0
1223.792,391.0637,0
1298.222,405.971,0
1199.908,438.3847,0
1246.274,406.3844,0
1231.423,436.156,0
1280.708,410.4984,0
1132.562,365.8549,0
1193.238,446.4073,0
1289.286,403.045,0
1161.852,344.3406,0
1296.778,350.1349,0
1221.269,402.1319,0
1209.221,378.4517,0
1252.31,389.3568,0
1228.446,343.8817,0
1218.268,390.5012,0
1264.594,508.0361,0
1284.979,396.0262,0
1100.749,419.5741,0
1253.957,407.5728,0
1235.636,350.4413,0
1218.177,363.1785,0
1155.459,364.1223,0
1246.227,395.3121,0
1238.242,402.1319,0
1220.824,372.7167,0
1241.177,357.7121,0
1267.42,413.9102,0
1313.26,409.1743,0
1263.381,363.494,0
1242.954,410.6555,0
1155.848,415.6623,0
1194.353,421.2982,0
1161.274,358.596,0
1203.106,392.4905,0
1207.692,387.6647,0
1257.923,373.8747,0
1170.701,428.2228,0
1308.187,381.5466,0
1194.396,385.3267,0
1201.639,348.137,0
1179.737,401.6571,0
1214.424,389.7865,0
1244.531,400.8859,0
1226.684,320.5949,0
1197.973,385.7431,0
1234.712,444.8909,0
1205.089,415.5107,0
1206.108,391.6768,0
1172.133,410.366,0
1244.292,364.9583,0
1228.686,400.623,0
1280.145,408.5333,0
1177.238,393.7314,0
1197.623,458.4296,0
1155.384,441.5424,0
1179.601,475.4428,0
1295.941,364.9631,0
1249.627,483.0804,0
1224.348,336.5563,0
1230.551,390.6105,0
1235.378,329.1865,0
1184.958,365.9934,0
1202.92,379.5452,0
1244.169,475.1337,0
1154.963,426.9717,0
1209.988,459.9004,0
1273.862,389.9031,0
1267.05,406.0984,0
1285.35,376.7325,0
1216.2,408.6467,0
1253.957,481.6367,0
1239.442,382.5326,0
1220.014,378.9373,0
1288.532,383.0223,0
1199.475,377.9624,0
1283.02,405.4584,0
1283.364,403.0275,0
1148.387,441.9519,0
1258.651,417.1037,0
1265.812,379.7499,0
1240.745,359.0257,0
1161.378,473.9682,0
1199.967,383.587,0
1165.165,406.8278,0
1220.269,370.9052,0
1198.528,459.7602,0
1161.117,342.4711,0
1245.144,391.5215,0
1204.175,376.9481,0
1173.607,391.644,0
1163.611,471.0795,0
1156.272,356.8426,0
1257.33,378.9356,0
1200.568,373.4373,0
1108.892,350.4536,0
1244.127,463.3624,0
1246.915,376.1017,0
1239.106,388.6105,0
1182.353,354.8428,0
1259.195,379.7511,0
1250.562,376.1155,0
1129.898,449.1594,0
1199.578,406.832,0
1233.321,366.9219,0
1224.351,406.7919,0
1322.402,400.6404,0
1205.591,303.6723,0
1259.488,382.8625,0
1271.756,360.865,0
1282.938,379.0717,0
1242.036,377.1383,0
1268.067,339.6586,0
1228.379,441.7604,0
1166.902,346.3181,0
1307.523,382.9249,0
1256.283,415.1523,0
1308.129,353.1078,0
1233.999,378.1861,0
1219.794,413.0338,0
1294.31,418.9425,0
1207.54,399.588,0
1216.938,453.1011,0
1243.83,320.5685,0
1427.905,507.93,0
1193.262,394.7375,0
1208.946,416.9396,0
1297.862,286.1145,0
1182.826,469.2007,0
1219.112,383.0578,0
1241.025,326.8943,0
1216.069,480.6803,0
1200.704,300.4019,0
1264.815,388.1679,0
1275.609,375.3281,0
1281.178,360.9053,0
1168.425,361.9032,0
1227.249,412.2273,0
1224.949,447.9048,0
1218.415,412.9907,0
1181.839,495.5408,0
1188.316,359.5309,0
1258.627,404.7361,0
1265.808,430.6132,0
1356.072,401.6595,0
1249.692,454.3218,0
1288.259,365.4811,0
1256.02,405.9045,0
1146.089,437.8569,0
1222.124,346.0526,0
1154.357,395.5092,0
1274.704,321.6564,0
1257.354,373.1205,0
1297.507,399.7609,0
1264.863,394.1739,0
1236.762,429.4971,0
1242.706,431.5936,0
1188.055,385.1658,0
1176.93,416.8777,0
1175.737,418.2863,0
1247.295,362.3605,0
1257.279,368.223,0
1296.546,385.0186,0
1182.889,345.0848,0
1193.736,448.8319,0
1185.185,405.044,0
1237.149,437.9805,0
1224.26,381.5443,0
1271.12,411.4963,0
1265.56,467.1238,0
1194.011,404.0512,0
1212.682,387.7559,0
1198.245,421.3385,0
1186.588,388.3984,0
1242.21,395.1178,0
1225.759,402.2111,0
1225.511,393.3179,0
1291.526,411.6346,0
1238.103,434.1426,0
1166.254,336.6003,0
1192.682,436.5662,0
1220.727,386.5546,0
1177.031,462.0956,0
1222.104,387.2608,0
1208.14,418.1149,0
1232.529,350.0782,0
1271.348,462.3705,0
1260.684,424.265,0
1225.213,374.487,0
1244.778,337.0391,0
1242.331,386.0923,0
1308.548,341.4199,0
1230.145,370.0394,0
1234.638,412.6925,0
1220.235,458.0513,0
1192.135,469.9702,0
1193.228,367.9631,0
1198.831,371.2388,0
1205.896,391.4393,0
1239.136,344.9938,0
1181.499,408.4061,0
1218.737,392.6373,0
1260.558,309.0173,0
1116.736,403.7431,0
1169.492,370.8741,0
1275.155,341.6134,0
1219.137,427.6371,0
1200.69,393.308,0
1238.927,368.9935,0
1248.482,456.089,0
1256.594,353.2957,0
1167.054,392.7953,0
1208.461,496.043,0
1296.575,402.5974,0
1214.856,379.7246,0
1223.398,374.9648,0
1252.18,445.2583,0
1231.954,347.8548,0
1264.827,398.3273,0
1236.478,412.3511,0
1313.547,381.5443,0
1212.661,441.4021,0
1191.287,431.3846,0
1227.246,437.1987,0
1183.327,376.084,0
1212.229,410.306,0
1211.468,396.5441,0
1289.436,399.2493,0
1290.036,391.6209,0
1198.192,341.1307,0
1254.706,407.3851,0
1240.027,440.5125,0
1215.404,378.975,0
1257.61,435.2245,0
1261.961,424.3622,0
1220.292,298.4468,0
1241.248,386.6708,0
1284.843,363.0527,0
1220.822,421.282,0
1271.396,415.2041,0
1243.699,417.1744,0
1277.94,349.4346,0
1211.432,426.927,0
1260.899,415.7766,0
1192.493,391.5853,0
1184.932,398.9756,0
1255.213,332.1509,0
1238.056,376.5795,0
1236.267,444.1126,0
1199.151,433.5198,0
1196.694,417.0369,0
1143.562,385.9255,0
1164.954,365.0674,0
1181.513,396.3698,0
1222.242,400.2323,0
1228.715,399.3118,0
1226.293,405.2083,0
1286.62,400.2032,0
1293.876,380.9199,0
1236.208,436.669,0
1243.696,354.1359,0
1191.215,434.7372,0
1248.069,417.1058,0
1193.698,455.1673,0
1215.489,457.5944,0
1185.386,399.4962,0
1190.589,466.8098,0
1244.573,339.1528,0
1254.407,335.3941,0
1213.698,417.9277,0
1254.309,437.1904,0
1128.716,405.2861,0
1201.7,463.4787,0
1293.511,382.8572,0
1271.822,364.7181,0
1146.42,318.9738,0
1228.36,472.5455,0
1246.434,456.5267,0
1230.987,409.6959,0
1219.32,356.1144,0
1253.236,438.3135,0
1272.949,419.5605,0
1268.891,414.5773,0
1144.655,388.9439,0
1168.852,354.4948,0
1237.121,387.1741,0
1210.032,407.498,0
1191.672,401.9332,0
1131.733,360.0925,0
1241.304,377.8665,0
1199.259,443.682,0
1291.758,360.9994,0
1263.449,452.0794,0
1267.818,354.9971,0
1196.183,452.3664,0
1230.086,491.7706,0
1198.35,411.6992,0
1304.508,344.9006,0
1255.16,424.9686,0
1268.251,426.1783,0
1347.28,401.1945,0
1257.546,379.6699,0
1270.59,355.1981,0
1289.265,366.1307,0
1166.804,404.7811,0
1163.927,376.5551,0
1248.585,381.5352,0
1233.895,438.7798,0
1223.055,360.6586,0
1237.625,381.8574,0
1207.195,419.9307,0
1205.377,348.0686,0
1251.273,385.3555,0
1145.804,421.6672,0
1224.748,418.0929,0
1203.849,445.8618,0
1192.656,445.4634,0
1271.765,346.4567,0
1260.341,340.8132,0
1203.395,429.7202,0
1177.618,390.4453,0
1251.625,403.3677,0
1247.303,397.0706,0
1246.94,345.9028,0
1298.678,416.0227,0
1181.855,385.7537,0
1217.121,360.6379,0
1215.286,441.9687,0
1263.168,387.1085,0
1255.385,465.4899,0
1204.751,342.2224,0
1281.792,389.9388,0
1210.83,499.9296,0
1245.655,396.8936,0
1291.243,318.3672,0
1267.112,396.1207,0
1310.643,393.8911,0
1233.555,403.1208,0
1197.898,404.9274,0
1246.884,426.0472,0
1212.984,397.7452,0
1220.048,377.3301,0
1225.242,428.3695,0
1238.191,415.6664,0
1305.835,372.3805,0
1192.583,431.8738,0
1284.522,421.0598,0
1185.465,412.5947,0
1230.976,380.6923,0
1227.51,424.3961,0
1196.962,409.0684,0
1208.259,387.4026,0
1229.835,347.9314,0
1271.631,408.1313,0
1280.487,409.5397,0
1288.348,401.78,0
1205.298,381.6525,0
1208.716,396.7562,0
1236.276,404.5479,0
1230.811,438.217,0
1231.891,353.3105,0
1310.977,359.5024,0
1321.907,392.3364,0
1240.753,477.2114,0
1165.933,332.6047,0
1198.246,363.9082,0
1175.269,439.7524,0
1244.791,329.3972,0
1167.788,422.5878,0
1235.369,410.8792,0
1256.808,400.3189,0
1315.798,339.4682,0
1248.521,381.574,0
1252.074,372.2958,0
1273.457,345.2869,0
1202.557,410.3118,0
1218.811,447.6206,0
1233.126,391.5888,0
1195.991,459.4692,0
1264.519,416.3173,0
1170.099,422.5955,0
1255.305,399.357,0
1237.866,369.4548,0
1221.109,380.5521,0
1226.863,434.2236,0
1252.953,393.0575,0
1279.895,334.8706,0
1230.453,401.9556,0
1242.684,374.8039,0
1243.926,403.8197,0
1186.297,360.7813,0
1200.742,419.0471,0
1229.324,421.7744,0
1264.397,412.2814,0
1294.384,435.3156,0
1192.702,335.0528,0
1188.181,500.5414,0
1239.155,422.6693,0
1206.003,450.6821,0
1241.732,425.4022,0
1208.181,389.2134,0
1295.247,408.504,0
1301.473,372.616,0
1186.084,500.1015,0
1178.04,521.3795,0
1254.58,356.0099,0
1234.079,418.3875,0
1293.232,419.1693,0
1293.313,347.597,0
1173.372,476.8912,0
1217.668,486.0102,0
1223.291,412.4058,0
1234.276,393.3613,0
1168.9,364.9941,0
1229.116,433.4327,0
1155.13,424.1462,0
1180.608,403.8063,0
1297.45,392.8523,0
1279.059,462.2872,0
1312.508,304.3203,0
1258.628,444.7845,0
1238.325,401.7417,0
1303.152,328.2858,0
1230.457,402.0912,0
1214.999,325.725,0
1246.161,364.1807,0
1173.697,379.7332,0
1276.507,395.1293,0
1240.537,415.621,0
1311.917,402.1262,0
1218.261,386.7362,0
1152.503,455.2686,0
1255.637,414.9033,0
1186.901,471.095,0
1241.587,311.7357,0
1263.762,389.5807,0
1216.063,441.4289,0
1243.519,432.5056,0
1237.846,378.6609,0
1283.222,423.4658,0
1303.198,378.8087,0
1158.294,357.0706,0
1181.53,422.9407,0
1214.563,409.1415,0
1264.998,418.7906,0
1196.879,368.5168,0
1232.587,413.4771,0
1236.123,394.8802,0
1185.772,437.6578,0
1229.14,425.6119,0
1207.125,405.1445,0
1225.906,302.0013,0
1299.483,334.2723,0
1256.411,399.145,0
1238.136,408.7751,0
1218.712,392.6411,0
1225.648,426.1931,0
1236.97,358.7285,0
1229.138,359.6293,0
1226.422,417.1573,0
1270.858,323.1913,0
1243.291,368.5828,0
1278.697,390.9189,0
1180.407,387.5085,0
1252.639,382.9916,0
1304.657,306.077,0
1175.542,419.2239,0
1277.313,417.8881,0
1278.037,376.6963,0
1223.037,399.799,0
1253.435,378.0114,0
1234.199,388.7961,0
1280.829,397.8865,0
1364.895,336.7933,0
1260.943,368.8544,0
1226.051,423.3188,0
1243.024,396.3366,0
1213.055,388.2392,0
1209.778,416.7696,0
1205.814,469.2168,0
1259.079,395.712,0
1330.344,370.34,0
1182.714,362.0547,0
1239.25,370.2573,0
1205.951,363.7652,0
1234.114,361.7894,0
1227.636,338.0182,0
1215.371,337.5406,0
1328.731,326.057,0
1235.744,359.9874,0
1160.453,447.9048,0
1251.411,329.7659,0
1254.4,404.736,0
1228.724,382.2933,0
1267.533,432.8436,0
1296.432,396.7776,0
1166.978,391.3681,0
1239.074,376.8337,0
1277.877,366.6761,0
1174.466,420.2648,0
1283.344,415.5128,0
1176.329,441.6499,0
1244.905,353.1471,0
1208.562,374.4195,0
1202.948,423.2587,0
1186.073,425.9779,0
1282.051,325.0119,0
1307.877,346.1536,0
1225.892,389.0598,0
1265.549,454.1136,0
1241.42,418.406,0
1201.368,459.0934,0
1209.09,360.9622,0
1269.487,372.0885,0
1302.48,317.9296,0
1309.156,410.1345,0
1197.815,391.6332,0
1234.539,377.3034,0
1256.59,411.4191,0
1226.922,420.5806,0
1253.808,422.9713,0
1295.42,389.7238,0
1115.826,388.5527,0
1226.49,352.1543,0
1164.553,435.2104,0
1179.735,373.8386,0
1254.351,363.8768,0
1200.847,379.3685,0
1216.633,402.6288,0
1273.942,395.3569,0
1254.493,391.1339,0
1303.76,444.697,0
1249.468,381.9929,0
1285.096,336.8218,0
1277.605,453.4747,0
1224.158,357.4189,0
1313.886,361.8089,0
1211.306,376.382,0
1256.981,427.8871,0
1217.211,363.6642,0
1308.048,357.0823,0
1240.143,444.8181,0
1149.655,380.8563,0
1187.501,387.692,0
1192.172,390.4781,0
1259.18,353.1077,0
1305.571,289.6724,0
1280.504,410.0755,0
1158.563,351.3193,0
1297.011,450.0306,0
1269.017,383.4713,0
1254.643,383.6323,0
1210.935,376.0231,0
1237.293,439.2511,0
1239.195,506.3039,0
1203.98,370.9066,0
1232.48,401.493,0
1264.987,382.1265,0
1254.25,347.0316,0
1210.573,428.3531,0
1166.887,447.9052,0
1244.485,350.2662,0
1235.892,436.872,0
1324.963,332.1506,0
1252.419,1265.0,
1275.781,405.125,0
1252.066,370.9679,0
1278.321,388.381,0
1251.192,384.9966,0
1247.184,357.1082,0
1208.034,445.1216,0
1227.695,456.9071,0
1241.674,442.7841,0
1324.353,324.3704,0
1179.396,381.4653,0
1222.287,448.2064,0
1173.891,359.02,0
1305.06,384.8876,0
1198.58,396.6736,0
1234.673,396.7664,0
1247.491,392.5096,0
1213.215,451.2478,0
1201.687,341.2242,0
1219.305,383.5018,0
1186.512,417.0049,0
1288.255,430.688,0
1261.314,387.0386,0
1200.601,434.8581,0
1263.558,391.779,0
1165.439,362.4848,0
1161.778,412.3876,0
1277.074,372.6785,0
1153.329,459.3918,0
1239.214,392.8239,0
1275.834,417.1348,0
1233.777,360.5695,0
1192.787,365.1265,0
1178.276,354.366,0
1285.621,364.3784,0
1231.209,412.113,0
1288.758,341.5569,0
1203.262,355.0049,0
1199.845,398.6104,0
1255.366,430.5674,0
1217.226,339.1815,0
1189.244,427.1457,0
1290.425,403.9434,0
1219.075,451.6534,0
1311.712,414.048,0
1154.701,397.6315,0
1255.175,442.8843,0
1246.314,273.8244,0
1259.58,409.6617,0
1206.478,432.6547,0
1161.934,356.6895,0
1239.294,422.3785,0
1259.571,361.5236,0
1222.608,358.758,0
1261.634,370.2618,0
1210.805,397.6192,0
1307.922,367.5647,0
1266.476,360.1117,0
1364.457,355.2551,0
1279.963,388.4736,0
1207.391,378.3334,0
1301.587,392.9935,0
1187.238,412.1921,0
1226.822,367.7968,0
1301.211,395.8257,0
1146.56,456.9082,0
1294.3,445.8769,0
1191.372,476.4476,0
1212.556,359.1163,0
1250.377,2976.0,
1200.019,448.6747,0
1230.303,393.6097,0
1182.987,386.946,0
1205.073,459.0639,0
1263.033,404.5123,0
1184.695,400.9427,0
1219.04,412.2115,0
1229.074,449.9273,0
1248.796,399.8683,0
1323.678,400.9608,0
1190.702,440.6336,0
1178.94,410.9799,0
1193.047,387.3446,0
1231.915,394.4559,0
1219.497,420.6642,0
1253.618,421.4156,0
1274.274,360.7188,0
1252.659,402.9795,0
1297.533,390.308,0
1280.614,360.8433,0
1257.295,408.8178,0
1167.777,429.5757,0
1238.354,401.6411,0
1206.573,356.5805,0
1243.564,372.5793,0
1204.002,379.3162,0
1346.927,364.9116,0
1266.116,494.4525,0
1307.369,380.8644,0
1256.201,421.1978,0
1356.807,414.5309,0
1189.521,469.9392,0
1212.141,417.442,0
1243.252,394.2892,0
1231.439,383.2743,0
1244.869,405.6406,0
1289.417,370.3829,0
1192.477,415.8099,0
1208.517,406.6216,0
1312.771,315.6132,0
1229.732,389.4639,0
1210.737,395.6515,0
1290.323,367.8281,0
1203.523,313.4299,0
1201.092,424.8085,0
1215.369,453.2371,0
1255.91,342.2156,0
1217.094,412.1389,0
1253.371,384.2154,0
1268.631,454.6717,0
1269.58,422.5438,0
1224.31,366.2457,0
1291.143,403.4566,0
1177.547,443.0222,0
1149.141,398.369,0
1192.1,431.4713,0
1265.05,380.884,0
1226.981,389.0219,0
1307.62,404.0466,0
1271.167,339.3159,0
1209.832,390.8197,0
1214.452,511.8698,0
1301.615,449.4349,0
1252.623,344.2803,0
1302.488,434.4244,0
1263.238,343.928,0
1218.51,515.7667,0
1231.758,408.1317,0
1255.746,383.4129,0
1209.141,401.6849,0
1204.34,479.9672,0
1268.06,435.0706,0
1281.513,358.1738,0
1241.566,411.6036,0
1225.575,368.7977,0
1191.593,442.8324,0
1261.911,441.0683,0
1240.449,430.6617,0
1243.785,440.6245,0
1270.181,376.9758,0
1227.817,316.7769,0
1164.309,431.5114,0
1299.116,406.9614,0
1178.076,442.3628,0
1277.519,414.7337,0
1190.104,371.9776,0
1274.977,371.4219,0
1276.897,428.9991,0
1281.764,427.5474,0
1242.634,374.9057,0
1190.666,406.3611,0
1263.086,395.3982,0
1232.96,350.3766,0
1315.999,333.0763,0
1305.116,443.3372,0
1276.058,331.4738,0
1205.214,445.4185,0
1203.669,331.6017,0
1196.483,443.4102,0
1244.989,407.4056,0
1268.66,445.0408,0
1156.673,376.3017,0
1159.965,432.1945,0
1301.701,356.0097,0
1240.124,385.7979,0
1158.152,464.1557,0
1266.562,393.8019,0
1246.891,398.1079,0
1265.576,383.5038,0
1191.995,390.8992,0
1294.28,354.9923,0
1238.348,438.2213,0
1279.811,402.4738,0
1244.346,441.166,0
1200.227,461.6181,0
1257.852,402.8281,0
1216.506,461.7492,0
1241.601,429.0758,0
1242.11,375.1966,0
1222.426,393.9706,0
1198.793,421.4854,0
1258.826,403.0414,0
1281.798,366.8417,0
1194.285,392.291,0
1218.411,353.0717,0
1227.09,347.7098,0
1238.627,430.8062,0
1215.256,431.5212,0
1185.285,384.6818,0
1173.131,414.0087,0
1226.348,424.6409,0
1197.168,374.9674,0
1150.802,406.7417,0
1250.499,431.6848,0
1281.756,425.9012,0
1323.825,460.3949,0
1189.978,398.4528,0
1231.474,459.9065,0
1269.592,372.2006,0
1286.471,374.4846,0
1199.168,356.0842,0
1261.506,373.4019,0
1167.766,368.5085,0
1184.686,434.6604,0
1255.1,444.0946,0
1219.825,436.3821,0
1317.837,386.1195,0
1271.917,360.2806,0
1232.183,387.7056,0
1199.481,303.1748,0
1267.04,416.2578,0
1210.912,428.5615,0
1266.94,382.4832,0
1223.474,398.2805,0
1148.208,392.3864,0
1327.504,341.067,0
1200.347,444.4665,0
1228.977,377.7807,0
1258.429,376.4041,0
1212.482,385.8334,0
1235.314,400.4022,0
1252.494,388.8886,0
1326.932,396.6349,0
1236.167,438.2593,0
1247.373,415.5959,0
1264.891,439.5114,0
1285.372,341.9647,0
1217.673,444.6456,0
1192.497,436.2688,0
1173.808,348.3947,0
1285.921,431.632,0
1252.899,366.9481,0
1183.458,391.0491,0
1233.118,380.6713,0
1293.01,396.2115,0
1196.937,428.4247,0
1258.385,441.0399,0
1267.36,375.2123,0
1215.844,335.8535,0
1204.687,405.2494,0
1243.97,430.9054,0
1304.409,356.233,0
1267.072,334.2535,0
1243.96,448.327,0
1228.921,404.1891,0
1272.646,340.7672,0
1147.303,447.0158,0
1129.773,447.6926,0
1266.024,398.2852,0
1231.646,292.2684,0
1201.933,380.773,0
1271.157,343.5446,0
1208.447,437.4011,0
1192.339,345.0815,0
1278.465,410.9976,0
1174.745,369.4899,0
1219.163,407.1181,0
1288.96,391.4692,0
1234.179,380.1224,0
1288.232,364.2383,0
1203.901,406.4502,0
1202.683,367.5321,0
1172.04,365.9246,0
1152.456,376.5732,0
1240.072,415.9987,0
1168.646,501.0939,0
1284.078,333.426,0
1284.62,368.162,0
1234.88,421.4056,0
1227.448,470.5559,0
1125.692,410.7795,0
1249.5,398.3489,0
1267.964,389.0375,0
1253.48,324.7179,0
1218.049,392.2874,0
1194.188,415.3081,0
1222.221,386.7689,0
1155.02,392.785,0
1186.126,360.0114,0
1230.341,436.5043,0
1170.883,349.2906,0
1194.669,387.0258,0
1246.427,466.3195,0
1240.232,370.6363,0
1174.249,387.6613,0
1290.107,339.1223,0
1231.167,420.5737,0
1285.284,350.0532,0
1192.969,404.8724,0
1285.145,320.6826,0
1134.656,405.8417,0
1214.538,387.7143,0
1198.207,440.2532,0
1241.99,395.6726,0
1252.386,395.6661,0
1186.067,428.4327,0
1193.116,452.6866,0
1257.665,324.157,0
1219.364,411.1766,0
1216.607,373.1187,0
1203.036,388.656,0
1144.391,424.7419,0
1195.053,355.1922,0
1223.609,345.0964,0
1274.521,449.0959,0
1188.295,425.1284,0
1243.498,415.7706,0
1284.408,369.0996,0
1268.418,476.0001,0
1344.508,367.2228,0
1241.752,381.0912,0
1267.188,326.438,0
1252.667,390.1547,0
1213.673,419.9429,0
1250.981,334.8127,0
1342.379,416.0498,0
1269.649,411.9689,0
1325.256,358.9628,0
1183.806,510.8491,0
1293.428,349.4774,0
1229.447,405.6356,0
1291.365,333.8671,0
1236.395,367.5489,0
1234.248,351.6066,0
1177.064,448.2014,0
1235.991,386.0146,0
1238.304,365.2424,0
1195.724,418.743,0
1260.825,441.4774,0
1202.594,385.003,0
1294.507,343.6311,0
1224.763,420.2971,0
1194.312,328.8936,0
1263.985,394.6318,0
1191.155,375.6017,0
1172.37,370.1599,0
1203.276,443.66,0
1270.827,350.2597,0
1285.458,430.6275,0
1144.514,436.1509,0
1267.143,380.004,0
1215.264,369.4651,0
1187.82,473.669,0
1272.245,437.4028,0
1242.582,393.3447,0
1234.022,396.7219,0
1195.93,441.8792,0
1213.364,377.2844,0
1228.457,405.2655,0
1238.168,323.5811,0
1220.252,383.0395,0
1300.557,376.3033,0
1215.125,446.2386,0
1193.776,426.2802,0
1300.068,474.0049,0
1212.278,447.2733,0
1248.886,466.9823,0
1210.116,399.96,0
1162.77,366.9349,0
1228.849,400.0925,0
1264.037,372.7773,0
1213.365,337.5823,0
1188.586,406.6149,0
1243.175,406.8602,0
1244.673,427.5868,0
1278.199,352.0165,0
1257.206,395.6207,0
1220.265,419.0082,0
1223.952,374.1758,0
1210.265,421.1357,0
1173.476,343.017,0
1235.729,364.8398,0
1239.45,362.0438,0
1212.355,457.9948,0
1249.759,355.9924,0
1202.755,352.3195,0
1271.174,366.6878,0
1271.185,373.4169,0
1195.24,399.1921,0
1206.879,356.7639,0
1271.608,373.7387,0
1224.672,378.1002,0
1204.332,392.2527,0
1311.726,359.8748,0
1207.959,389.4875,0
1177.344,485.5557,0
1185.714,393.7296,0
1201.769,429.8129,0
1277.825,349.6368,0
1163.257,425.3775,0
1316.373,329.0726,0
1200.531,432.3714,0
1210.975,336.3651,0
1139.263,366.4227,0
1230.185,396.3043,0
1229.504,396.9675,0
1187.467,394.8631,0
1269.599,386.7425,0
1250.009,383.3704,0
1278.754,458.7189,0
1242.61,403.478,0
1240.271,360.9323,0
1200.644,453.9821,0
1258.059,430.5421,0
1281.22,422.7021,0
1205.855,386.1448,0
1295.207,401.3411,0
1284.957,391.5845,0
1224.647,270.2773,0
1196.342,376.4971,0
1252.821,322.9655,0
1164.722,424.9404,0
1187.846,478.8398,0
1233.14,409.0032,0
1302.011,310.8929,0
1206.663,429.8034,0
1309.839,457.2686,0
1312.937,401.2031,0
1186.786,411.1581,0
1167.688,336.814,0
1260.017,338.9462,0
1224.975,448.6783,0
1219.999,371.2181,0
1244.267,362.6335,0
1265.132,414.1259,0
1251.474,390.7921,0
1261.894,379.3098,0
1280.853,340.8369,0
1234.065,403.2668,0
1227.21,413.0822,0
1149.811,439.4136,0
1206.254,470.3358,0
1241.429,373.5826,0
1249.17,414.1437,0
1165.684,419.7336,0
1172.733,308.6517,0
1224.786,416.7487,0
1253.949,372.9767,0
1241.542,369.7896,0
1235.704,430.3411,0
1297.256,362.665,0
1149.903,385.9084,0
1307.696,346.6616,0
1151.656,395.3568,0
1222.766,420.6556,0
1153.145,409.4236,0
1219.116,397.6984,0
1217.626,448.279,0
1216.769,404.5777,0
1308.762,357.1066,0
1282.231,393.2854,0
1178.807,484.5972,0
1224.522,372.8871,0
1200.025,381.5305,0
1198.894,418.2619,0
1235.699,441.7314,0
1249.191,357.3069,0
1202.385,438.3072,0
1229.581,423.2122,0
1316.665,414.7004,0
1241.375,429.0438,0
1306.028,420.1492,0
1257.323,397.3535,0
1183.815,339.5876,0
1230.117,409.1048,0
1262.52,372.6154,0
1196.448,365.6991,0
1242.014,343.4631,0
1214.317,422.0997,0
1318.578,374.466,0
1249.368,450.4308,0
1246.668,376.9993,0
1218.714,436.0793,0
1182.531,402.4915,0
1176.659,499.9265,0
1232.216,334.8542,0
1205.926,329.2072,0
1171.342,354.0627,0
1205.017,398.265,0
1244.629,384.7081,0
1188.12,418.2146,0
1187.447,377.2092,0
1233.475,376.8718,0
1230.686,416.4672,0
1192.744,461.6556,0
1178.928,397.0413,0
1206.181,338.782,0
1236.107,397.3925,0
1272.915,448.6947,0
1251.959,383.6799,0
1269.622,366.5511,0
1240.299,356.6914,0
1148.833,302.8186,0
1156.599,399.545,0
1156.694,428.7075,0
1186.874,435.7938,0
1299.021,369.1259,0
1273.512,396.002,0
1180.015,379.3813,0
1173.443,505.2573,0
1252.161,415.7878,0
1233.76,418.5019,0
1171.096,373.7634,0
1192.178,380.7319,0
1292.905,421.3113,0
1201.382,434.4761,0
1283.54,343.3361,0
1229.957,406.3066,0
1280.678,407.2971,0
1218.201,457.5143,0
1234.96,399.1227,0
1202.653,358.5997,0
1209.746,424.1002,0
1256.472,334.9977,0
1161.626,404.5618,0
1236.338,383.6,0
1241.686,452.2382,0
1294.127,412.2209,0
1226.804,350.8275,0
1229.259,354.1216,0
1250.21,380.5674,0
1225.637,356.2167,0
1210.213,418.7309,0
1196.409,456.9237,0
1215.538,397.2274,0
1266.248,456.951,0
1320.452,320.735,0
1211.412,379.0307,0
1222.308,382.3534,0
1254.415,456.2,0
1174.568,408.9161,0
1171.615,416.0723,0
1252.869,390.9105,0
1256.174,334.5602,0
1207.927,406.8398,0
1216.473,389.3889,0
1257.512,368.8988,0
1248.994,355.1494,0
1218.591,405.6599,0
1159.849,426.2723,0
1256.846,376.3287,0
1196.095,469.7516,0
1200.874,400.4657,0
1212.331,392.3753,0
1234.522,391.1466,0
1276.895,365.3606,0
1306.014,347.2445,0
1188.195,342.8877,0
1320.196,371.6243,0
1235.034,345.5707,0
1224.872,471.6746,0
1195.809,390.9244,0
1257.376,419.5677,0
1259.855,361.0985,0
1265.154,380.8522,0
1228.991,440.381,0
1193.865,417.5695,0
1245.526,436.1259,0
1191.561,414.6369,0
1195.941,414.8401,0
1244.737,384.8956,0
1234.345,436.4824,0
1244.116,387.2423,0
1278.395,382.9299,0
1238.192,416.1118,0
1169.402,334.9299,0
1256.204,366.3318,0
1217.452,348.0612,0
1295.678,322.0903,0
1209.603,416.1906,0
1273.696,407.5767,0
1311.917,362.7374,0
1194.951,395.0391,0
1314.927,397.0989,0
1218.55,476.8262,0
1236.804,442.6981,0
1196.576,484.7309,0
1295.254,385.0367,0
1269.833,367.0594,0
1245.869,378.928,0
1256.784,362.5167,0
1231.969,407.3487,0
1118.488,419.7979,0
1241.843,359.8149,0
1336.376,332.446,0
1270.907,408.9203,0
1168.447,380.7643,0
1233.166,406.5501,0
1224.996,425.1154,0
1245.199,376.3095,0
1216.589,415.9999,0
1267.568,389.7848,0
1260.19,397.7672,0
1216.554,422.5214,0
1208.468,504.3199,0
1231.631,433.4201,0
1211.463,453.737,0
1208.859,358.9988,0
1195.553,427.4336,0
1194.077,386.4286,0
1241.932,431.9726,0
1250.578,430.1084,0
1231.875,433.5932,0
1248.358,387.0522,0
1240.791,427.75,0
1313.543,348.8675,0
1235.142,386.8688,0
1248.758,341.1893,0
1263.575,383.5386,0
1310.372,346.8636,0
1221.416,373.6283,0
1330.459,389.2136,0
1245.547,451.517,0
1210.654,358.851,0
1206.72,373.689,0
1181.684,384.8781,0
1276.002,432.3602,0
1283.587,385.3984,0
1199.205,410.4393,0
1229.956,414.405,0
1268.105,404.9607,0
1256.46,419.5063,0
1287.728,396.115,0
1211.395,392.9601,0
1205.051,420.5763,0
1149.251,404.7617,0
1208.357,422.4922,0
1198.772,436.0447,0
1209.588,405.166,0
1168.27,394.4436,0
1312.582,423.3749,0
1201.97,332.494,0
1228.248,430.0612,0
1201.969,436.5831,0
1234.739,377.1068,0
1267.009,409.4304,0
1215.602,468.7548,0
1257.516,430.5455,0
1284.97,415.9462,0
1256.188,439.3417,0
1218.727,401.9636,0
1207.292,332.6588,0
1181.073,381.9645,0
1265.587,439.8194,0
1253.318,477.8879,0
1222.811,372.713,0
1262.83,428.5557,0
1181.256,387.0305,0
1188.366,382.9795,0
1212.21,448.0934,0
1200.241,381.4661,0
1266.239,410.4441,0
1185.105,446.6324,0
1228.138,368.9617,0
1280.057,308.3311,0
1352.387,332.1998,0
1281.523,339.2451,0
1227.082,425.4249,0
1197.406,495.6849,0
1261.948,424.5401,0
1210.337,427.5238,0
1228.568,339.3541,0
1239.498,343.5331,0
1260.751,418.6019,0
1263.453,355.0713,0
1258.893,407.4954,0
1216.259,367.9954,0
1166.873,404.877,0
1201.002,441.3627,0
1233.512,339.9932,0
1285.383,416.6044,0
1210.771,474.166,0
1130.181,373.9164,0
1255.361,378.1537,0
1297.102,427.181,0
1229.366,349.6552,0
1263.033,442.6977,0
1200.153,429.8329,0
1204.21,458.6031,0
1229.815,421.4133,0
1144.196,432.7764,0
1294.342,391.5923,0
1198.236,413.2276,0
1206.403,397.5273,0
1198.952,407.0896,0
1246.308,457.0681,0
1188.58,432.5628,0
1239.485,532.6497,0
1243.925,415.3604,0
1164.886,477.6499,0
1166.042,465.2695,0
1194.419,329.0074,0
1217.163,391.6556,0
1222.545,392.4702,0
1226.382,438.1143,0
1219.542,438.3208,0
1265.813,432.03,0
1243.345,365.4995,0
1314.546,483.4446,0
1284.35,364.1119,0
1202.476,391.6206,0
1210.34,458.6105,0
1161.434,428.544,0
1196.582,418.8208,0
1295.597,351.6159,0
1300.714,397.0847,0
1159.867,384.0995,0
1288.29,392.1707,0
1251.212,343.0961,0
1260.553,374.3433,0
1160.088,356.7357,0
1223.6,398.6173,0
1196.013,351.3564,0
1227.602,391.3442,0
1256.085,352.4788,0
1144.449,401.8389,0
1152.992,454.9625,0
1156.984,423.5682,0
1181.82,463.7465,0
1298.457,341.708,0
1206.461,406.2602,0
1320.249,332.2789,0
1280.617,422.4886,0
1215.773,354.3625,0
1225.879,436.0553,0
1207.958,393.7289,0
1156.273,394.8647,0
1160.649,362.0392,0
1270.888,454.2946,0
1213.988,442.1885,0
1167.531,357.5446,0
1268.213,430.8753,0
1206.508,319.269,0
1221.656,425.2365,0
1211.777,433.6407,0
1246.199,380.8821,0
1128.427,430.9247,0
1248.948,402.017,0
1293.414,369.3835,0
1192.897,348.1097,0
1108.237,490.235,0
1288.175,460.2903,0
1240.704,416.9337,0
1250.264,417.4925,0
1194.87,393.0065,0
1282.845,366.0093,0
1190.087,390.7384,0
1156.623,454.046,0
1196.623,336.5367,0
1231.306,368.1027,0
1250.616,420.9632,0
1236.492,495.6286,0
1282.363,425.0617,0
1159.925,338.9355,0
1290.613,429.1912,0
1248.761,324.1812,0
1186.28,364.7992,0
1281.424,397.368,0
1196.887,463.7662,0
1251.167,370.5295,0
1209.648,443.9631,0
1235.114,413.623,0
1204.652,419.6971,0
1263.805,443.1196,0
1198.87,442.7379,0
1248.42,422.481,0
1212.015,409.4797,0
1220.54,517.4859,0
1211.255,417.2477,0
1219.867,377.305,0
1232.319,390.5472,0
1322.714,323.4142,0
1241.808,399.2335,0
1184.789,439.1038,0
1205.843,442.7058,0
1269.599,408.5154,0
1185.302,368.5964,0
1208.637,427.9671,0
1204.67,371.7252,0
1287.155,333.1467,0
1248.284,324.2584,0
1268.96,384.2295,0
1287.074,404.5247,0
1236.876,496.3822,0
1316.595,365.237,0
1299.07,347.3486,0
1227.166,446.8182,0
1201.845,369.4041,0
1277.411,350.077,0
1289.506,460.5729,0
1229.261,401.9698,0
1169.048,467.867,0
1248.761,454.7358,0
1247.083,427.9579,0
1229.525,417.4065,0
1283.845,353.9836,0
1177.673,461.5882,0
1240.643,470.9941,0
1159.258,493.5313,0
1275.023,301.8282,0
1273.105,405.3108,0
1250.792,416.1389,0
1216.237,381.3605,0
1140.514,460.0861,0
1225.169,357.1143,0
1228.154,346.6097,0
1261.369,363.8974,0
1136.095,382.9351,0
1242.262,429.2404,0
1243.501,317.1986,0
1242.82,477.4466,0
1309.436,291.1918,0
1312.977,414.0097,0
1263.729,379.3203,0
1236.503,503.064,0
1348.046,386.6152,0
1229.92,427.6869,0
1138.889,462.4052,0
1227.889,421.9283,0
1236.744,299.2772,0
1160.94,406.7393,0
1234.145,451.4385,0
1195.945,351.3394,0
1279.907,412.5443,0
1207.515,392.0876,0
1238.741,379.3328,0
1195.154,350.0206,0
1239.476,305.6453,0
1152.92,416.8382,0
1347.207,394.8812,0
1165.569,421.2462,0
1232.272,456.8118,0
1230.856,408.887,0
1245.526,364.9903,0
1220.97,472.6036,0
1232.453,410.3301,0
1235.065,373.7692,0
1171.435,367.0809,0
1222.098,367.4827,0
1225.53,306.8102,0
1210.809,362.6136,0
1207.654,424.0464,0
1226.881,326.9122,0
1181.644,382.187,0
1248.097,440.1208,0
1180.407,316.5775,0
1203.734,421.0714,0
1212.903,388.1559,0
1229.054,474.8344,0
1208.968,297.2996,0
1190.948,432.0016,0
1163.888,418.3248,0
1249.825,363.3237,0
1309.897,394.2379,0
1157.145,427.0321,0
1209.024,411.0979,0
1201.002,337.079,0
1187.746,443.709,0
1287.372,385.9929,0
1236.968,503.8466,0
1202.753,395.743,0
1239.637,346.9122,0
1295.567,381.9216,0
1251.996,406.4802,0
1238.365,434.4684,0
1201.183,447.449,0
1292.449,369.3163,0
1243.457,430.3368,0
1190.598,392.0004,0
1196.545,422.7054,0
1206.875,388.096,0
1249.832,441.6401,0
1214.272,389.9659,0
1196.495,382.1832,0
1291.828,375.6771,0
1276.497,416.3732,0
1229.32,381.9823,0
1199.662,367.3004,0
1233.607,434.7435,0
1187.321,406.3252,0
1196.156,466.6886,0
1283.812,411.8033,0
1237.569,446.2084,0
1280.595,403.084,0
1262.694,406.8527,0
1216.449,358.774,0
1269.822,382.8214,0
1300.318,375.2136,0
1297.862,351.4122,0
1227.809,358.2305,0
1167.804,404.3359,0
1203.856,442.1052,0
1242.687,448.0454,0
1188.317,423.0184,0
1243.911,417.4426,0
1184.976,458.4802,0
1230.748,371.4327,0
1298.196,432.497,0
1236.616,433.7838,0
1294.943,403.19,0
1268.315,395.1866,0
1260.209,388.8864,0
1242.737,415.2367,0
1237.626,448.0403,0
1204.247,351.9664,0
1247.3,395.6389,0
1214.614,396.6892,0
1255.337,377.8006,0
1261.978,435.6484,0
1257.602,358.2657,0
1202.555,424.1102,0
1149.49,300.1715,0
1194.219,477.6321,0
1247.523,373.7461,0
1254.18,445.8714,0
1246.097,405.6698,0
1196.882,382.1661,0
1230.13,408.3929,0
1239.016,417.7994,0
1239.601,470.5326,0
1282.496,409.5159,0
1264.884,397.7145,0
1223.676,462.6674,0
1240.607,382.8693,0
1295.908,391.7315,0
1263.917,469.6718,0
1294.592,364.8021,0
1271.901,396.8364,0
1214.209,421.9813,0
1231.076,367.9976,0
1292.236,385.1553,0
1232.175,438.8544,0
1172.73,416.1793,0
1245.514,433.2163,0
1239.754,417.8004,0
1297.505,396.85,0
1230.351,398.5339,0
1211.332,384.2311,0
1165.908,408.1128,0
1289.913,353.4747,0
1196.509,419.2565,0
1307.324,369.0181,0
1333.89,394.7859,0
1302.375,341.5694,0
1090.094,446.804,0
1219.961,369.2905,0
1186.347,376.5367,0
1309.723,378.638,0
1265.213,430.4833,0
1264.251,339.3466,0
1304.229,365.8834,0
1250.094,437.4578,0
1129.59,378.5587,0
1314.761,405.3477,0
1204.484,409.7097,0
1216.592,339.8193,0
1210.207,399.7141,0
1169.137,385.5444,0
1203.138,375.0731,0
1248.39,359.9466,0
1261.382,407.5983,0
1239.144,482.3973,0
1282.661,396.4738,0
1284.078,378.2008,0
1238.739,382.2746,0
1271.359,450.6896,0
1294.583,409.6301,0
1275.712,412.3107,0
1264.279,407.5237,0
1325.086,329.1322,0
1229.373,415.0797,0
1173.86,377.7602,0
1255.122,363.021,0
1225.987,404.6559,0
1223.614,482.3672,0
1261.696,368.9898,0
1221.027,350.8024,0
1266.593,361.4565,0
1227.732,405.637,0
1245.468,339.2728,0
1147.561,318.2079,0
1214.95,374.5994,0
1200.678,424.7042,0
1231.191,409.4231,0
1139.011,366.1182,0
1234.947,441.7708,0
1234.716,423.5219,0
1275.4,367.3948,0
1269.362,425.706,0
1146.413,382.3453,0
1170.538,430.8565,0
1251.182,343.5008,0
1338.86,362.5778,0
1214.639,359.8035,0
1241.955,374.5005,0
1212.609,473.3107,0
1204.592,386.8032,0
1266.11,410.1061,0
1339.471,422.3914,0
1222.745,413.8608,0
1238.24,454.8768,0
1267.604,451.8483,0
1161.332,410.5811,0
1249.186,462.1108,0
1211.392,354.3267,0
1196.61,396.3858,0
1165.432,360.4402,0
1157.814,352.6691,0
1281.416,390.4047,0
1227.516,405.796,0
1247.41,427.4987,0
1233.652,406.6118,0
1264.786,387.3206,0
1204.128,367.6683,0
1241.868,427.8987,0
1302.71,329.6102,0
1179.884,398.921,0
1182.959,445.5402,0
1265.423,410.0342,0
1294.749,369.39,0
1343.996,407.9204,0
1280.961,405.7143,0
1236.063,445.8263,0
1224.056,454.7528,0
1217.018,441.3378,0
1257.185,400.2806,0
1240.51,437.8783,0
1231.95,417.5758,0
1258.853,423.7292,0
1228.108,411.2151,0
1237.675,434.8076,0
1210.862,406.4266,0
1208.079,431.8724,0
1215.354,419.0611,0
1134.696,403.1223,0
1220.693,394.1724,0
1155.457,387.5729,0
1218.008,486.5015,0
1176.364,444.8328,0
1224.115,469.5364,0
1184.989,347.4037,0
1266.171,444.4625,0
1293.53,446.9584,0
1267.811,352.6585,0
1238.036,406.1514,0
1215.565,361.4979,0
1195.845,373.4761,0
1162.029,437.992,0
1199.964,436.3642,0
1209.104,415.4828,0
1219.45,451.6293,0
1180.104,396.4591,0
1218.451,467.3819,0
1217.401,424.558,0
1281.074,364.1621,0
1236.114,463.2081,0
1132.746,445.4781,0
1168.858,440.2811,0
1303.678,441.5107,0
1218.952,422.5475,0
1215.019,437.651,0
1279.349,397.683,0
1280.622,408.1722,0
1318.772,369.6752,0
1214.769,451.3274,0
1225.246,391.9231,0
1215.609,399.2385,0
1235.746,415.607,0
1279.628,446.0767,0
1175.85,364.1703,0
1253.667,381.7061,0
1186.677,456.8066,0
1167.382,375.3602,0
1189.488,413.498,0
1252.75,467.7005,0
1238.734,418.5776,0
1225.613,331.9625,0
1237.632,409.3601,0
1249.349,384.7064,0
1260.018,363.8123,0
1218.714,442.7657,0
1224.765,387.2692,0
1195.376,452.7141,0
1259.895,318.5726,0
1250.92,354.2012,0
1148.805,417.2104,0
1231.417,469.594,0
1234.711,386.1641,0
1167.875,390.6385,0
1175.893,466.3835,0
1078.248,467.933,0
1282.973,408.1593,0
1278.014,326.0323,0
1216.89,391.5168,0
1314.148,424.7288,0
1195.786,328.871,0
1318.859,426.6826,0
1195.192,392.2305,0
1236.676,380.5829,0
1180.123,390.5399,0
1223.939,453.5135,0
1212.85,423.7664,0
1206.077,414.4016,0
1165.151,457.6613,0
1277.372,446.5703,0
1180.046,401.6033,0
1151.007,376.9347,0
1290.592,394.0595,0
1225.077,407.6973,0
1215.167,427.9868,0
1279.756,434.8087,0
1240.43,397.1348,0
1243.191,427.9706,0
1162.903,385.2387,0
1166.923,375.3961,0
1256.205,359.6503,0
1172.579,476.3276,0
1251.174,417.9343,0
1355.322,412.8295,0
1271.465,460.3488,0
1230.418,408.4158,0
1286.268,375.2927,0
1216.868,396.6104,0
1145.807,481.5242,0
1272.303,335.7386,0
1341.823,349.6878,0
1299.924,339.847,0
1249.37,421.0869,0
1275.039,388.2484,0
1243.386,437.326,0
1253.463,402.585,0
1282.085,426.1735,0
1244.28,401.6711,0
1311.269,370.6208,0
1303.653,383.5945,0
1231.73,359.315,0
1153.906,426.6974,0
1246.062,427.3329,0
1168.422,399.9321,0
1235.274,336.2455,0
1201.14,442.9338,0
1213.539,423.8766,0
1185.781,354.0517,0
1192.106,411.3338,0
1278.828,417.0005,0
1196.533,430.7505,0
1236.005,420.015,0
1227.038,368.5242,0
1245.919,388.6241,0
1267.734,365.7183,0
1263.143,434.8075,0
1195.355,407.8849,0
1266.587,364.0479,0
1196.217,343.5259,0
1192.271,398.0371,0
1238.203,356.4728,0
1205.974,366.5463,0
1177.179,348.8498,0
1281.339,402.0659,0
1246.479,460.9998,0
1253.905,431.8107,0
1243.68,357.7704,0
1258.394,334.1099,0
1285.96,400.9308,0
1290.901,463.4802,0
1285.641,447.1458,0
1211.125,417.3681,0
1244.228,433.9683,0
1175.192,492.0851,0
1167.157,393.8077,0
1244.285,399.9817,0
1180.613,424.9099,0
1213.345,371.0879,0
1269.666,409.5299,0
1265.291,410.4777,0
1215.602,484.4069,0
1177.159,418.0892,0
1191.111,377.6131,0
1323.08,340.3411,0
1238.047,455.7184,0
1212.161,428.9969,0
1328.994,356.4368,0
1174.398,448.2051,0
1183.009,485.6235,0
1270.876,353.9811,0
1256.449,369.418,0
1224.019,455.5594,0
1232.894,439.2968,0
1178.451,455.3771,0
1280.694,443.0189,0
1207.525,355.3249,0
1219.186,384.004,0
1255.86,389.9209,0
1269.151,377.1494,0
1253.421,440.7316,0
1247.354,459.9454,0
1238.438,466.4531,0
1195.517,339.7484,0
1266.902,381.2631,0
1302.205,358.1344,0
1217.357,409.3126,0
1206.646,349.0742,0
1253.919,435.1403,0
1295.261,423.783,0
1225.819,403.2906,0
1237.603,422.0862,0
1263.01,342.839,0
1211.086,439.5407,0
1265.965,446.8984,0
1197.955,369.4547,0
1300.678,345.2245,0
1341.103,326.0844,0
1163.361,418.7853,0
1263.293,427.6928,0
1255.434,419.9352,0
1275.832,428.9008,0
1304.759,366.6903,0
1225.395,374.4056,0
1197.422,405.2155,0
1242.012,438.0322,0
1292.904,351.6323,0
1215.523,410.7896,0
1227.619,422.8891,0
1295.946,431.3173,0
1232.579,366.7241,0
1253.32,411.5523,0
1254.431,420.2472,0
1272.235,374.7205,0
1206.485,411.3759,0
1250.159,392.0309,0
1252.421,403.342,0
1216.967,467.3968,0
1190.176,426.3198,0
1114.145,345.3171,0
1370.408,320.6529,0
1268.162,428.5142,0
1227.252,438.4197,0
1262.7,385.0675,0
1285.813,440.7459,0
1235.052,362.4175,0
1237.402,387.4993,0
1199.792,368.9085,0
1198.814,500.4553,0
1261.765,370.2324,0
1286.227,402.5546,0
1319.567,339.4531,0
1183.4,403.912,0
1283.815,356.283,0
1261.821,416.067,0
1246.288,387.7069,0
1263.901,433.1672,0
1304.576,338.7523,0
1251.511,376.0005,0
1209.193,410.5381,0
1184.129,379.3127,0
1176.879,399.4253,0
1302.495,402.8707,0
1202.645,332.3023,0
1334.501,370.8338,0
1212.149,408.1713,0
1203.478,492.9784,0
1268.593,420.4497,0
1193.932,402.5618,0
1219.214,363.6946,0
1304.676,389.2537,0
1215.365,415.3775,0
1255.926,384.9444,0
1202.664,488.8746,0
1160.619,406.4803,0
1166.803,425.8969,0
1230.964,374.0626,0
1252.666,404.7561,0
1197.752,406.7103,0
1284.432,360.5192,0
1275.372,371.3375,0
1205.674,386.9127,0
1274.636,404.4152,0
1166.51,414.2343,0
1274.677,397.005,0
1209.472,6873.0,
1242.394,434.5328,0
1304.009,403.5649,0
1296.714,343.6295,0
1182.295,362.735,0
1234.079,361.2813,0
1285.572,343.6712,0
1406.112,538.3596,0
1216.895,475.7014,0
1232.214,415.3118,0
1249.211,477.1357,0
1210.524,429.564,0
1230.927,477.1884,0
1223.478,353.4897,0
1261.934,356.2767,0
1199.325,447.7549,0
1203.815,362.0133,0
1254.117,431.3788,0
1299.525,424.9991,0
1188.71,339.6772,0
1255.553,407.0888,0
1178.861,439.5445,0
1250.454,392.0549,0
1308.152,415.7868,0
1231.807,363.0532,0
1222.747,429.5009,0
1233.762,427.3356,0
1203.651,354.4103,0
1294.571,324.2397,0
1334.64,330.9979,0
1204.19,494.4878,0
1229.863,348.218,0
1187.231,496.2883,0
1273.227,378.5065,0
1228.496,367.2936,0
1167.477,425.3362,0
1170.043,382.2256,0
1273.764,378.7404,0
1216.729,415.5438,0
1155.86,437.0114,0
1269.316,370.3679,0
1246.074,471.4485,0
1159.374,396.6601,0
1258.767,405.2712,0
1193.114,393.0225,0
1186.574,393.1873,0
1227.973,350.1344,0
1244.605,379.3376,0
1275.62,404.8093,0
1197.888,355.8109,0
1255.514,408.9385,0
1219.205,387.4158,0
1163.361,426.7211,0
1318.867,384.3165,0
1265.697,386.1874,0
1247.837,366.1302,0
1265.243,336.8373,0
1197.637,400.7138,0
1227.377,436.6112,0
1184.348,433.0034,0
1225.439,380.1465,0
1273.26,404.9554,0
1278.604,404.9899,0
1251.889,432.1434,0
1200.395,401.9741,0
1252.385,419.671,0
1241.544,349.8066,0
1248.775,450.9638,0
1233.3,466.2979,0
1197.212,433.1265,0
1238.448,413.522,0
1293.75,451.5662,0
1297.721,463.8936,0
1188.548,337.6915,0
1192.693,363.9531,0
1234.906,342.4319,0
1251.407,409.8066,0
1274.975,345.8063,0
1145.193,420.0857,0
1241.971,399.3394,0
1209.782,404.3356,0
1229.752,413.1068,0
1241.078,431.4761,0
1234.732,448.4149,0
1198.408,418.2112,0
1243.594,392.1246,0
1205.275,434.8261,0
1259.63,412.5206,0
1319.622,400.5324,0
1200.181,341.4523,0
1244.448,335.9257,0
1202.243,391.0176,0
1213.163,413.7206,0
1245.426,455.8397,0
1226.596,440.572,0
1243.791,409.3967,0
1275.691,437.8697,0
1234.019,398.5418,0
1253.601,355.0778,0
1225.064,438.7551,0
1210.646,481.5129,0
1276.852,381.0795,0
1276.422,395.1898,0
1243.032,411.4102,0
1228.124,451.0931,0
1270.87,423.6678,0
1224.838,464.854,0
1194.839,446.9917,0
1331.846,430.3041,0
1235.878,381.9352,0
1151.571,406.5313,0
1211.027,384.2615,0
1198.507,415.3348,0
1206.002,398.0494,0
1249.504,451.8725,0
1215.022,406.9562,0
1204.23,414.3808,0
1232.312,424.2708,0
1211.664,387.5486,0
1245.096,470.7094,0
1229.176,406.0456,0
1241.677,392.4062,0
1260.341,433.4431,0
1305.264,378.2999,0
1230.091,416.5019,0
1151.166,485.4584,0
1254.669,396.9023,0
1235.814,442.929,0
1276.406,474.7457,0
1275.704,359.5972,0
1240.757,459.4426,0
1203.033,464.8361,0
1128.095,399.8802,0
1244.006,364.4688,0
1195.209,395.9058,0
1217.852,408.8245,0
1243.438,450.3895,0
1173.629,348.5958,0
1210.725,399.3703,0
1221.08,393.7411,0
1251.703,419.1204,0
1177.47,409.1068,0
1231.092,403.1888,0
1153.551,380.8109,0
1201.232,436.7272,0
1287.443,403.0404,0
1185.24,396.9506,0
1153.423,340.1273,0
1254.504,338.0324,0
1249.708,451.388,0
1247.692,356.7488,0
1184.471,419.6714,0
1206.376,445.0291,0
1213.056,361.0677,0
1189.123,339.3558,0
1257.115,371.3398,0
1163.143,399.2671,0
1191.388,397.4713,0
1210.978,392.4753,0
1216.287,371.2224,0
1227.535,410.2257,0
1246.447,370.3046,0
1257.838,371.8318,0
1231.342,412.0322,0
1215.2,361.0681,0
1222.414,446.627,0
1253.045,327.0262,0
1232.741,361.5147,0
1108.103,472.5242,0
1227.837,511.4734,0
1187.575,487.7508,0
1259.206,413.1689,0
1209.252,434.3201,0
1285.935,374.6609,0
1194.88,436.7291,0
1177.056,359.0025,0
1206.758,424.7067,0
1265.353,390.4711,0
1238.624,413.3067,0
1209.43,411.5591,0
1195.306,431.1807,0
1333.064,395.0499,0
1276.281,352.4986,0
1224.469,423.9284,0
1259.07,429.5002,0
1198.504,426.4337,0
1250.917,344.6286,0
1244.851,335.8754,0
1248.165,385.6894,0
1234.62,330.0826,0
1251.458,388.4828,0
1166.226,389.4244,0
1168.304,392.1647,0
1194.357,416.7362,0
1239.493,419.6338,0
1254.074,376.2628,0
1219.47,409.7149,0
1165.506,421.3755,0
1241.627,388.7896,0
1266.888,381.8551,0
1213.029,441.8931,0
1187.682,386.9016,0
1182.869,445.7346,0
1306.609,397.5861,0
1205.594,432.3795,0
1216.744,387.7845,0
1250.748,400.6581,0
1259.264,391.8599,0
1289.257,385.8425,0
1311.29,376.9969,0
1291.891,359.4801,0
1244.119,401.509,0
1182.882,385.2056,0
1235.219,341.8286,0
1301.584,345.4282,0
1244.172,350.8015,0
1239.798,414.7658,0
1215.713,415.2763,0
1337.742,369.6426,0
1257.358,452.4974,0
1214.524,385.9741,0
1230.607,389.3895,0
1160.798,445.6994,0
1261.998,423.6509,0
1278.184,357.568,0
1224.596,414.4536,0
1256.375,379.3128,0
1300.984,386.8167,0
1248.967,456.8549,0
1167.155,406.2013,0
1222.019,383.2258,0
1244.987,394.6963,0
1254.916,368.1311,0
1276.104,411.7517,0
1266.46,447.9327,0
1233.188,470.7446,0
1295.863,456.8671,0
1236.298,383.0776,0
1304.589,394.9464,0
1280.338,410.9243,0
1236.942,425.7621,0
1220.711,315.3414,0
1251.701,381.0426,0
1264.419,342.4156,0
1255.942,430.971,0
1293.285,446.5985,0
1276.553,398.3873,0
1309.974,338.1799,0
1306.791,416.0447,0
1281.484,424.1342,0
1238.849,386.6237,0
1229.451,395.9868,0
1237.472,372.832,0
1232.322,424.3184,0
1233.152,396.7153,0
1227.6,321.8102,0
1267.766,405.683,0
1203.509,392.2609,0
1237.757,384.6715,0
1285.047,433.0151,0
1279.688,341.7167,0
1286.56,420.4996,0
1225.285,420.8348,0
1151.891,413.3942,0
1264.491,447.6106,0
1269.201,414.3336,0
1316.313,401.9274,0
1290.896,439.2068,0
1170.999,375.5596,0
1253.837,447.0992,0
1264.346,360.4879,0
1222.364,368.3344,0
1262.375,401.9742,0
1219.033,424.2651,0
1294.611,378.5782,0
1277.465,356.1885,0
1147.011,392.8062,0
1185.674,342.8205,0
1239.206,438.6851,0
1246.055,390.8427,0
1253.269,343.7871,0
1231.799,406.2697,0
1189.091,460.4639,0
1174.795,355.343,0
1271.102,391.6274,0
1250.596,478.8812,0
1194.445,412.36,0
1275.925,338.1793,0
1237.15,414.7656,0
1277.024,378.3596,0
1296.762,427.8403,0
1246.571,430.2678,0
1172.766,448.8116,0
1244.174,403.6719,0
1182.154,440.871,0
1252.751,412.1836,0
1283.01,335.9315,0
1339.176,426.6246,0
1297.513,415.8779,0
1207.323,374.3288,0
1185.571,445.1395,0
1257.512,398.9893,0
1282.231,376.7881,0
1266.047,375.8275,0
1218.106,415.1732,0
1271.854,410.6248,0
1205.673,353.676,0
1283.097,413.0538,0
1264.709,417.1172,0
1161.824,420.8326,0
1249.593,434.7233,0
1262.871,375.7375,0
1316.835,355.7197,0
1365.964,485.1295,0
1294.132,378.8353,0
1239.529,379.4338,0
1223.753,436.3046,0
1195.206,465.7315,0
1195.699,420.6441,0
1268.058,416.8569,0
1176.684,380.261,0
1229.876,446.9808,0
1284.385,380.191,0
1152.111,454.1572,0
1274.989,328.7699,0
1277.65,399.7912,0
1299.673,345.8557,0
1253.275,397.4402,0
1230.594,360.8102,0
1244.215,426.2736,0
1211.443,345.5605,0
1312.193,414.912,0
1245.682,417.6024,0
1228.15,450.0784,0
1223.176,357.5093,0
1207.035,351.9472,0
1277.096,376.5095,0
1180.64,393.1236,0
1250.379,400.7983,0
1279.101,388.8664,0
1242.493,408.8157,0
1245.172,416.116,0
1199.697,411.4193,0
1267.593,419.9798,0
1247.481,442.7571,0
1218.19,420.1377,0
1215.107,433.9975,0
1266.178,360.8417,0
1237.275,371.5885,0
1280.773,285.7261,0
1229.933,400.141,0
1228.783,388.5526,0
1267.85,432.2629,0
1305.774,393.0271,0
1279.579,418.8024,0
1119.912,421.514,0
1240.296,365.4774,0
1315.091,432.8678,0
1225.238,412.8618,0
1262.086,376.4161,0
1194.737,350.3618,0
1213.059,376.827,0
1203.85,431.9871,0
1204.825,390.584,0
1197.137,329.7405,0
1159.545,423.4675,0
1250.982,407.7985,0
1241.457,355.2715,0
1264.61,314.0338,0
1299.408,476.6945,0
1227.974,396.6368,0
1251.74,408.8058,0
1249.87,352.7374,0
1256.476,307.7206,0
1223.419,440.2385,0
1229.463,360.6051,0
1329.501,386.3902,0
1223.734,363.8173,0
1242.413,411.3796,0
1131.022,465.0242,0
1210.875,444.4647,0
1160.417,377.6317,0
1178.745,424.6752,0
1231.832,379.0593,0
1261.413,385.0474,0
1253.387,484.5251,0
1134.08,325.787,0
1143.618,358.1866,0
1250.885,341.3132,0
1217.437,431.5555,0
1182.907,368.0798,0
1219.008,410.8952,0
1223.368,389.308,0
1232.213,361.9625,0
1178.939,460.451,0
1228.315,361.5667,0
1211.897,387.9858,0
1278.102,423.0674,0
1234.607,440.8688,0
1295.798,386.1301,0
1220.285,410.5203,0
1226.241,375.9164,0
1244.431,457.4944,0
1265.26,403.4861,0
1174.925,325.4559,0
1225.165,359.3084,0
1215.607,388.8376,0
1172.083,469.7623,0
1243.592,398.1344,0
1184.267,480.4385,0
1158.287,430.9147,0
1271.708,367.0,
1241.755,388.5504,0
1245.797,450.1915,0
1246.321,434.6839,0
1242.991,402.6031,0
1211.516,415.9241,0
1209.389,362.894,0
1142.793,427.5197,0
1220.805,366.8121,0
1270.494,384.1786,0
1227.224,369.0529,0
1260.383,357.9542,0
1267.862,385.3605,0
1189.045,398.7844,0
1289.414,379.4885,0
1219.771,331.9581,0
1168.676,369.3119,0
1236.488,375.4833,0
1122.004,430.7188,0
1238.377,433.4941,0
1215.263,453.3159,0
1185.212,381.5621,0
1253.475,386.0703,0
1178.679,411.4544,0
1296.239,376.534,0
1260.072,382.9351,0
1253.565,362.8141,0
1210.935,360.638,0
1273.213,490.3578,0
1113.474,416.0341,0
1297.829,352.1013,0
1236.723,409.8298,0
1214.558,441.1771,0
1165.302,377.8225,0
1250.995,423.3983,0
1250.184,413.0316,0
1233.454,419.2189,0
1245.932,383.6846,0
1292.032,390.1555,0
1234.151,398.3173,0
1241.389,390.0431,0
1204.049,348.6829,0
1209.668,447.3833,0
1258.665,462.4207,0
1202.726,408.287,0
1226.598,412.063,0
1225.514,407.2307,0
1209.213,371.7856,0
1249.621,421.9112,0
1215.026,397.032,0
1202.826,457.7776,0
1176.993,345.0976,0
1241.208,370.5763,0
1198.929,437.7323,0
1290.973,324.5938,0
1202.408,505.8597,0
1148.888,371.3635,0
1222.55,402.7978,0
1207.63,429.7441,0
1264.533,362.3781,0
1234.957,374.8743,0
1206.182,331.3203,0
1274.813,361.4984,0
1186.494,439.2676,0
1229.241,426.8013,0
1190.611,411.0158,0
1209.655,454.4406,0
1183.901,417.3301,0
1192.304,400.2728,0
1191.75,426.5674,0
1186.831,355.6745,0
1296.078,351.6957,0
1232.225,369.3188,0
1186.013,454.5658,0
1251.101,440.8692,0
1249.568,415.429,0
1181.828,352.7271,0
1218.622,351.9521,0
1317.245,420.2372,0
1308.991,428.7644,0
1268.1,358.5366,0
1253.694,394.2474,0
1285.954,364.3617,0
1229.515,442.5547,0
1293.065,368.1782,0
1299.589,412.8714,0
1275.869,397.0999,0
1207.523,488.0186,0
1243.554,442.9465,0
1194.902,517.1917,0
1228.087,286.7399,0
1211.159,411.3744,0
1186.233,447.961,0
1332.462,376.2307,0
1224.379,359.5356,0
1239.24,403.4233,0
1290.824,454.761,0
1266.132,411.6141,0
1209.612,471.79,0
1297.623,409.5394,0
1223.877,325.1705,0
1188.108,359.7222,0
1196.881,455.2346,0
1278.737,385.7312,0
1244.701,419.7709,0
1222.016,430.697,0
1216.907,357.4243,0
1193.259,458.6985,0
1236.884,353.7148,0
1221.263,418.4502,0
1188.439,409.8234,0
1291.4,372.5648,0
1241.568,383.8304,0
1231.262,380.559,0
1190.906,416.8638,0
1279.715,395.2675,0
1242.019,402.1307,0
1257.169,465.4716,0
1238.25,437.2652,0
1179.459,397.7509,0
1307.104,352.7912,0
1270.167,380.2585,0
1183.793,367.1077,0
1199.091,363.2019,0
1215.642,381.7745,0
1281.849,397.8613,0
1188.037,412.4935,0
1194.135,414.0009,0
1272.065,354.7034,0
1165.16,425.1714,0
1210.776,412.7808,0
1180.863,416.6922,0
1226.737,401.9313,0
1229.327,406.6703,0
1163.27,416.2217,0
1247.655,474.5633,0
1214.848,362.485,0
1200.164,412.5573,0
1156.885,408.4252,0
1204.754,413.8161,0
1238.319,404.024,0
1222.495,417.0927,0
1234.54,407.7489,0
1195.658,406.136,0
1176.783,364.9897,0
1262.344,453.6038,0
1153.528,401.0704,0
1207.014,400.2975,0
1220.957,353.9261,0
1203.578,448.9069,0
1218.826,406.0137,0
1229.218,425.5499,0
1202.829,396.3929,0
1229.346,335.2489,0
1250.443,399.0516,0
1261.402,421.9786,0
1235.334,413.3492,0
1201.811,455.7693,0
1246.949,360.7896,0
1209.858,407.8752,0
1212.322,430.8538,0
1232.595,362.5817,0
1299.294,386.6165,0
1188.673,401.105,0
1318.38,373.1567,0
1185.813,387.6262,0
1203.97,344.2835,0
1153.811,394.4971,0
1238.592,353.8217,0
1160.478,437.5848,0
1230.157,434.6028,0
1276.157,373.389,0
1212.84,335.2772,0
1227.535,352.7277,0
1231.02,382.8382,0
1261.137,444.9897,0
1267.563,362.902,0
1235.123,345.5975,0
1192.362,383.2544,0
1243.956,389.0695,0
1261.443,414.0615,0
1201.519,422.745,0
1217.002,423.715,0
1179.753,449.4173,0
1219.862,338.4041,0
1334.613,333.3311,0
1157.695,404.4348,0
1210.218,456.8434,0
1204.558,420.3923,0
1205.672,476.4028,0
1238.349,435.062,0
1189.555,372.3216,0
1267.05,372.9142,0
1238.456,403.4265,0
1145.729,450.5415,0
1210.575,423.5977,0
1287.784,369.5051,0
1227.958,464.4671,0
1193.59,428.3429,0
1222.094,330.8869,0
1222.209,424.369,0
1245.292,458.8126,0
1220.531,418.0967,0
1173.591,437.0635,0
1164.659,423.0065,0
1170.97,341.5976,0
1222.899,369.4463,0
1209.846,422.9612,0
1274.047,429.1845,0
1248.161,437.915,0
1272.962,385.2653,0
1277.541,357.2173,0
1238.717,379.2196,0
1277.631,346.2687,0
1263.407,289.9808,0
1199.252,396.6183,0
1323.282,333.9344,0
1241.313,377.9611,0
1244.768,464.6364,0
1169.201,469.4069,0
1247.501,336.6899,0
1255.038,334.5784,0
1345.866,411.8659,0
1303.316,352.1512,0
1184.966,394.6537,0
1225.313,359.3553,0
1181.283,436.1522,0
1191.571,441.5339,0
1185.828,416.4491,0
1177.312,368.9715,0
1167.625,344.797,0
1174.801,496.4744,0
1199.628,481.4194,0
1246.89,337.804,0
1192.855,445.0168,0
1273.106,404.182,0
1215.396,474.5377,0
1264.509,319.7473,0
1238.406,393.0916,0
1244.805,401.0522,0
1222.633,448.7969,0
1248.892,410.5323,0
1214.817,389.9268,0
1236.667,392.7985,0
1217.469,407.0811,0
1191.084,434.1572,0
1231.739,382.0337,0
1295.993,395.7513,0
1230.578,391.8285,0
1237.353,317.121,0
1230.081,392.1472,0
1284.227,466.2648,0
1226.997,361.9887,0
1252.393,422.9922,0
1242.501,469.7785,0
1208.162,360.5939,0
1190.118,398.7339,0
1208.033,484.0911,0
1233.769,427.6555,0
1217.24,458.8832,0
1207.583,356.0904,0
1194.609,420.6084,0
1221.352,319.837,0
1201.138,442.2291,0
1261.146,366.0823,0
1176.016,409.1272,0
1260.204,419.347,0
1252.79,373.745,0
1144.439,345.7967,0
1290.466,423.3108,0
1277.086,373.5663,0
1258.506,386.6012,0
1335.248,356.7372,0
1258.465,403.5057,0
1213.872,420.9664,0
1331.471,325.7659,0
1224.203,482.5349,0
1244.125,383.0256,0
1274.271,405.7537,0
1311.913,370.4008,0
1257.914,387.2701,0
1279.123,379.3302,0
1329.844,401.1016,0
1274.83,361.8896,0
1359.967,348.4124,0
1313.694,346.0239,0
1100.377,404.6243,0
1230.558,401.4716,0
1191.752,424.7719,0
1269.647,382.1415,0
1208.104,438.8423,0
1208.937,373.5129,0
1262.393,419.7901,0
1219.058,383.533,0
1263.828,341.5193,0
1242.535,383.6495,0
1206.257,351.7184,0
1251.89,344.6207,0
1281.525,366.8034,0
1205.649,368.9811,0
1247.843,410.7443,0
1213.93,341.9467,0
1238.37,371.8355,0
1227.723,388.7349,0
1224.638,333.0717,0
1294.439,370.6519,0
1271.966,361.038,0
1266.577,414.2063,0
1215.578,343.5376,0
1230.057,409.0423,0
1236.421,398.6595,0
1214.1,392.1451,0
1260.981,389.6987,0
1225.447,404.257,0
1220.804,414.8533,0
1220.296,398.9233,0
1279.284,364.8457,0
1191.02,430.476,0
1184.15,465.038,0
1258.693,347.285,0
1304.084,413.6761,0
1181.445,461.1146,0
1268.178,408.6895,0
1287.049,343.4894,0
1300.015,410.0769,0
1243.751,368.8896,0
1102.312,511.2369,0
1204.413,365.9828,0
1263.882,435.6277,0
1227.788,353.153,0
1231.409,409.4045,0
1182.863,396.1182,0
1238.056,431.9124,0
1229.817,394.2286,0
1259.828,360.1231,0
1300.226,358.0103,0
1209.471,357.6467,0
1236.962,350.2678,0
1220.905,416.9085,0
1304.725,372.3715,0
1212.728,406.3027,0
1224.448,446.42,0
1213.193,378.9951,0
1190.172,426.4019,0
1256.364,351.9202,0
1220.899,310.3139,0
1265.382,408.8416,0
1262.115,395.182,0
1258.362,1851.0,
1236.991,302.7689,0
1288.414,375.2007,0
1210.695,364.1881,0
1218.848,403.856,0
1211.591,425.7877,0
1271.818,403.2498,0
1257.503,520.1639,0
1265.544,448.2007,0
1285.788,405.5939,0
1239.339,378.1595,0
1194.797,377.4255,0
1238.423,426.4434,0
1254.587,384.5095,0
1256.56,342.46,0
1247.249,400.1833,0
1276.481,344.4003,0
1285.585,416.6392,0
1248.279,365.351,0
1164.552,396.9729,0
1239.124,333.4391,0
1332.989,334.8563,0
1225.406,386.9248,0
1255.555,378.6458,0
1234.905,272.1474,0
1167.105,418.4635,0
1186.842,354.2933,0
1226.574,380.1419,0
1254.331,403.3083,0
1256.714,384.4035,0
1208.998,369.984,0
1270.717,400.7875,0
1286.874,387.1251,0
1181.366,439.857,0
1233.335,405.43,0
1202.771,376.4849,0
1210.325,390.4971,0
1246.986,310.716,0
1204.068,365.6152,0
1243.07,408.8274,0
1209.547,410.034,0
1183.587,454.9398,0
1163.867,452.7683,0
1276.817,384.3188,0
1246.341,371.8834,0
1202.868,388.2831,0
1227.866,369.3734,0
1234.173,440.9258,0
1192.742,406.5883,0
1184.371,338.2072,0
1228.618,382.0397,0
1194.868,368.7764,0
1233.58,469.9393,0
1275.486,340.3854,0
1301.974,390.9844,0
1262.657,342.829,0
1234.359,430.9753,0
1204.627,378.7886,0
1218.605,433.9611,0
1279.829,368.1218,0
1212.316,509.5247,0
1250.782,363.7953,0
1267.416,435.7344,0
1252.391,365.2475,0
1214.528,351.8799,0
1151.096,384.194,0
1260.715,367.9296,0
1223.464,303.5609,0
1286.271,433.2463,0
1229.026,480.1496,0
1212.626,394.5031,0
1251.349,421.4157,0
1174.878,386.1212,0
1189.303,395.1441,0
1244.586,401.1617,0
1242.697,378.5547,0
1222.322,322.0911,0
1171.891,396.5098,0
1239.832,437.9517,0
1305.466,431.4123,0
1211.96,447.7377,0
1286.19,386.1102,0
1269.81,411.4019,0
1197.769,386.8237,0
1251.101,448.427,0
1232.972,365.3323,0
1173.672,415.6882,0
1176.855,429.325,0
1235.75,393.5813,0
1284.272,447.517,0
1300.164,435.775,0
1239.805,383.3803,0
1180.973,382.4429,0
1241.905,324.9485,0
1264.629,388.3312,0
1218.642,400.9387,0
1197.235,401.2137,0
1161.518,415.5536,0
1181.654,332.1248,0
1216.47,434.4685,0
1297.813,333.5438,0
1206.361,416.4534,0
1205.466,363.9408,0
1170.27,383.3003,0
1180.408,396.0646,0
1236.293,449.6937,0
1217.637,341.3207,0
1298.851,417.2794,0
1195.715,392.5864,0
1228.407,412.3543,0
1212.613,469.239,0
1214.261,434.8099,0
1235.638,442.9092,0
1235.718,410.8862,0
1252.556,402.9096,0
1237.546,326.2206,0
1287.743,402.5638,0
1253.138,351.7852,0
1215.405,352.5569,0
1185.324,364.5156,0
1164.175,420.687,0
1240.073,451.691,0
1206.058,370.5901,0
1227.421,437.9892,0
1279.783,401.0063,0
1176.573,396.9217,0
1278.064,402.0551,0
1211.677,347.8744,0
1243.296,365.7496,0
1279.07,400.5874,0
1257.387,447.3273,0
1273.839,404.6039,0
1232.296,371.0901,0
1159.429,461.6968,0
1294.658,368.2188,0
1198.738,399.8357,0
1178.306,362.1361,0
1217.297,378.0105,0
1218.976,390.2246,0
1225.663,420.0451,0
1188.751,440.4865,0
1193.314,382.5605,0
1197.338,339.9738,0
1243.712,425.3473,0
1152.862,371.6104,0
1239.517,479.1339,0
1259.593,406.7125,0
1257.426,344.5555,0
1239.704,333.6177,0
1213.169,407.5219,0
1291.785,447.7108,0
1277.477,375.3654,0
1262.916,425.7048,0
1239.474,500.3284,0
1225.956,420.7872,0
1194.81,426.7215,0
1229.602,420.1325,0
1208.982,334.025,0
1251.667,399.619,0
1198.695,393.7413,0
1192.784,355.514,0
1205.329,458.6577,0
1179.783,335.2329,0
1275.23,326.7774,0
1214.778,430.4781,0
1213.769,364.371,0
1199.025,418.2414,0
1263.383,365.3702,0
1263.924,403.2534,0
1136.673,466.8331,0
1277.893,352.3146,0
1249.902,404.4163,0
1153.377,411.5098,0
1189.639,343.1588,0
1276.19,422.0587,0
1253.197,407.8447,0
1254.829,390.8051,0
1232.492,468.1198,0
1202.429,361.1414,0
1172.132,339.5084,0
1164.425,393.9617,0
1244.844,350.889,0
1274.442,441.8193,0
1256.341,377.232,0
1234.961,407.4198,0
1235.771,315.5498,0
1293.52,420.9556,0
1205.325,361.7686,0
1250.955,430.1128,0
1210.35,410.9089,0
1228.757,410.2483,0
1174.059,468.8183,0
1206.14,437.1119,0
1181.057,391.4135,0
1224.336,445.653,0
1167.655,383.9578,0
1205.908,467.4252,0
1207.785,411.139,0
1204.161,384.2305,0
1223.28,400.4745,0
1178.629,381.9814,0
1295.188,423.415,0
1255.216,399.6405,0
1163.856,435.9431,0
1178.061,399.5555,0
1276.699,381.3738,0
1215.712,421.6092,0
1252.877,411.8627,0
1188.183,379.6849,0
1265.16,441.0849,0
1216.198,390.2311,0
1225.504,445.951,0
1213.379,516.1418,0
1224.004,398.8458,0
1179.906,462.6562,0
1232.605,453.9258,0
1203.295,462.7784,0
1156.233,404.432,0
1194.521,366.5569,0
1188.411,367.3507,0
1222.787,378.103,0
1205.536,439.8937,0
1319.197,381.6078,0
1232.653,371.028,0
1229.077,348.9076,0
1319.108,397.5912,0
1253.635,404.8404,0
1247.117,399.8565,0
1278.716,355.136,0
1224.669,371.9509,0
1322.568,407.6716,0
1232.671,397.3611,0
1279.65,456.6207,0
1224.08,428.8049,0
1237.921,361.3604,0
1283.969,426.1949,0
1184.414,429.7322,0
1264.912,328.2421,0
1271.796,447.3291,0
1245.628,352.7142,0
1127.967,470.9277,0
1224.841,398.1544,0
1206.459,402.1196,0
1238.947,353.2427,0
1317.157,358.5555,0
1243.775,408.6614,0
1244.751,462.3886,0
1238.243,435.3267,0
1199.01,451.8514,0
1283.242,449.1866,0
1254.753,382.5394,0
1186.558,420.1303,0
1271.274,391.5496,0
1238.782,322.1588,0
1264.842,328.7939,0
1251.575,413.8856,0
1241.852,387.8223,0
1243.889,411.6754,0
1188.303,409.8975,0
1162.547,325.5789,0
1239.644,391.7327,0
1170.518,391.9107,0
1275.516,352.1478,0
1268.225,313.9375,0
1187.022,325.5109,0
1324.821,424.2032,0
1200.047,491.8537,0
1255.754,492.2332,0
1264.891,368.1916,0
1265.314,403.9928,0
1149.752,463.7284,0
1269.695,427.9708,0
1261.924,406.4824,0
1150.7,388.8763,0
1255.183,368.0089,0
1239.423,415.5599,0
1109.173,402.4758,0
1284.374,412.0267,0
1177.648,426.3232,0
1153.641,377.5332,0
1196.06,418.5709,0
1209.5,423.4362,0
1286.024,403.8758,0
1237.532,351.6347,0
1163.236,419.7612,0
1237.805,450.709,0
1215.615,445.6249,0
1294.741,382.2238,0
1235.178,464.6556,0
1148.703,457.1791,0
1185.221,406.5459,0
1235.924,380.7115,0
1233.941,396.6827,0
1182.605,414.6644,0
1183.841,411.8479,0
1232.026,370.6343,0
1268.341,359.2928,0
1235.622,355.3945,0
1263.588,388.4116,0
1187.065,374.1068,0
1247.111,332.6463,0
1203.948,409.4574,0
1228.741,389.2678,0
1265.267,424.1111,0
1208.423,338.8243,0
1170.875,388.213,0
1176.358,456.8323,0
1241.918,415.7664,0
1251.996,361.2432,0
1246.592,424.7186,0
1233.756,406.4594,0
1246.431,411.0488,0
1245.653,398.3054,0
1221.716,405.9693,0
1173.386,476.1414,0
1198.267,426.1345,0
1315.439,414.856,0
1279.156,406.9352,0
1174.812,455.5221,0
1266.885,384.8804,0
1329.785,316.6106,0
1215.21,402.3743,0
1310.747,342.42,0
1159.392,428.9285,0
1123.757,388.6306,0
1223.406,456.9841,0
1277.353,429.8489,0
1224.35,450.6028,0
1182.275,390.5355,0
1212.156,361.975,0
1281.38,383.6388,0
1281.528,400.6674,0
1183.979,362.4762,0
1144.505,361.7671,0
1245.641,478.3403,0
1206.979,461.3459,0
1219.803,357.4857,0
1173.803,378.1135,0
1317.379,384.6058,0
1209.18,386.5427,0
1211.865,443.9985,0
1165.505,434.991,0
1265.094,400.4429,0
1303.981,392.8564,0
1209.703,442.6823,0
1223.181,454.559,0
1169.757,398.6408,0
1194.868,482.6562,0
1239.536,392.6782,0
1153.218,402.8223,0
1254.691,305.4789,0
1218.392,366.3721,0
1293.049,400.5858,0
1202.338,409.8484,0
1269.882,416.8378,0
1345.955,364.1959,0
1212.287,425.6279,0
1242.516,405.4406,0
1201.529,471.7651,0
1221.423,420.5691,0
1193.677,332.7716,0
1115.379,453.243,0
1195.736,374.2568,0
1168.969,367.7637,0
1188.354,396.3337,0
1266.136,378.0665,0
1148.011,481.1772,0
1266.272,401.1456,0
1250.495,374.7673,0
1244.699,437.1718,0
1253.339,443.4037,0
1261.777,417.3727,0
1191.762,340.86,0
1282.807,356.6562,0
1205.192,446.5725,0
1273.953,452.7399,0
1260.416,419.3806,0
1329.659,350.3658,0
1316.298,318.9674,0
1226.882,414.9694,0
1197.488,376.6779,0
1224.546,374.4153,0
1181.312,420.7375,0
1264.3,390.1603,0
1214.91,461.652,0
1174.704,365.3038,0
1254.514,456.2924,0
1302.778,350.759,0
1194.707,385.7794,0
1261.07,392.8226,0
1223.788,422.6008,0
1192.415,378.7885,0
1233.437,400.5228,0
1255.381,371.455,0
1261.017,435.6323,0
1275.47,412.4402,0
1165.182,424.0004,0
1223.582,416.3964,0
1217.895,430.978,0
1195.829,386.7691,0
1272.946,450.6227,0
1264.377,400.3176,0
1203.337,323.6596,0
1267.247,440.6531,0
1229.071,412.0842,0
1125.528,485.8439,0
1203.219,397.2512,0
1315.068,433.2144,0
1224.446,391.9147,0
1240.783,436.8741,0
1186.252,433.4993,0
1139.198,421.9129,0
1262.719,449.9709,0
1250.353,398.9031,0
1228.001,353.2123,0
1178.373,330.6561,0
1227.739,473.8068,0
1260.52,354.1664,0
1215.422,362.5645,0
1172.922,429.8383,0
1234.737,435.0895,0
1156.858,454.6173,0
1275.488,384.215,0
1206.575,449.2728,0
1195.021,401.3374,0
1259.644,431.5623,0
1147.593,363.095,0
1234.628,414.4924,0
1229.761,376.016,0
1240.554,393.387,0
1205.721,441.826,0
1199.874,461.8654,0
1219.222,479.1517,0
1264.341,383.6296,0
1304.889,352.6984,0
1282.551,445.2976,0
1296.422,425.881,0
1213.209,461.6253,0
1211.423,396.6338,0
1262.466,415.4218,0
1189.922,389.0834,0
1252.587,497.6873,0
1217.707,370.1344,0
1241.971,376.4518,0
1204.377,408.4534,0
1242.542,377.3179,0
1208.657,393.3326,0
1211.765,293.0063,0
1221.489,417.0618,0
1245.78,476.3655,0
1238.682,399.9227,0
1243.585,376.5248,0
1295.518,484.848,0
1143.815,429.8323,0
1204.418,437.5157,0
1246.785,442.9024,0
1240.349,403.5451,0
1236.21,337.0536,0
1188.713,352.0687,0
1157.488,411.8653,0
1180.723,414.325,0
1225.022,456.5844,0
1207.339,393.1882,0
1226.006,367.4547,0
1294.878,464.6969,0
1203.071,373.5975,0
1187.428,417.5539,0
1273.775,401.4466,0
1204.156,385.1851,0
1197.105,376.6489,0
1249.115,368.1401,0
1246.879,410.9765,0
1237.973,382.9024,0
1168.739,472.5767,0
1270.756,428.539,0
1240.201,386.1135,0
1248.745,418.5395,0
1216.278,469.5492,0
1197.191,433.5361,0
1234.276,335.3963,0
1258.725,411.2253,0
1146.995,381.2014,0
1283.476,436.2912,0
1286.841,378.9837,0
1270.186,429.922,0
1285.055,436.168,0
1269.251,431.4824,0
1238.425,443.36,0
1276.62,385.3985,0
1275.561,364.4474,0
1285.669,401.8905,0
1285.792,407.5279,0
1266.444,391.6379,0
1174.932,479.3314,0
1239.211,388.2471,0
1269.784,379.1287,0
1234.399,406.0245,0
1205.177,367.4059,0
1216.541,380.5621,0
1232.645,397.1882,0
1150.452,403.9671,0
1240.22,393.8891,0
1195.568,339.3024,0
1233.618,443.1557,0
1199.249,408.6158,0
1254.107,378.4919,0
1215.037,407.6174,0
1235.775,396.9531,0
1229.103,476.0287,0
1271.616,368.6837,0
1260.105,431.602,0
1161.241,383.463,0
1200.7,341.7551,0
1270.325,385.5304,0
1290.067,445.5171,0
1184.258,416.0455,0
1257.588,387.2521,0
1213.463,384.1421,0
1246.46,417.7841,0
1230.696,285.2875,0
1250.747,402.3765,0
1228.213,401.0864,0
1189.968,422.3195,0
1175.943,400.5516,0
1233.975,379.1957,0
1249.538,388.4724,0
1224.981,336.5021,0
1223.332,415.4048,0
1293.26,415.1761,0
1287.324,418.9191,0
1267.133,299.3253,0
1201.61,450.3986,0
1254.505,421.1412,0
1189.157,420.3259,0
1198.655,390.4539,0
1251.585,441.5597,0
1223.789,399.5717,0
1145.185,430.5507,0
1230.758,436.6519,0
1195.753,406.1655,0
1247.787,360.5352,0
1209.506,383.5508,0
1211.228,404.0102,0
1274.192,433.7462,0
1259.847,472.1033,0
1214.611,402.9984,0
1249.842,421.0977,0
1230.188,426.6319,0
1264.047,452.212,0
1211.575,416.2238,0
1324.733,286.3349,0
1193.031,403.5226,0
1212.514,364.3267,0
1258.536,366.9911,0
1256.159,352.5743,0
1229.242,485.7277,0
1245.805,336.0825,0
1289.765,400.4603,0
1318.582,394.3109,0
1300.939,407.8876,0
1233.614,440.348,0
1226.884,375.4772,0
1224.124,339.3161,0
1240.113,353.2322,0
1231.389,310.6318,0
1254.481,367.0557,0
1308.663,365.0067,0
1259.5,435.7331,0
1291.731,288.9127,0
1228.666,355.6279,0
1218.464,336.5344,0
1231.851,371.5021,0
1204.941,429.3055,0
1246.811,380.4036,0
1207.635,357.0685,0
1232.273,471.8456,0
1243.941,335.3459,0
1214.85,369.4824,0
1262.363,410.6163,0
1258.651,354.5897,0
1279.052,304.8108,0
1170.497,395.8647,0
1206.136,331.5251,0
1272.889,421.4072,0
1302.152,412.4276,0
1225.097,414.2943,0
1179.427,352.7249,0
1166.179,383.3215,0
1234.677,382.4006,0
1197.451,362.941,0
1241.097,373.0364,0
1199.6,369.7805,0
1226.557,402.1392,0
1241.947,431.9521,0
1186.236,417.3781,0
1219.355,445.9804,0
1190.834,394.2018,0
1297.761,441.7162,0
1224.146,431.5705,0
1214.364,378.7808,0
1156.274,401.9252,0
1277.388,383.9743,0
1191.483,454.8524,0
1311.122,358.1782,0
1306.044,363.0638,0
1263.771,368.4577,0
1201.55,401.167,0
1264.437,339.2712,0
1302.391,398.7484,0
1182.056,415.3921,0
1155.251,422.4802,0
1230.471,425.6023,0
1208.555,422.0648,0
1214.644,395.4733,0
1247.293,410.0675,0
1319.748,386.1584,0
1164.209,423.2184,0
1223.794,430.1273,0
1268.021,385.8757,0
1160.916,421.3596,0
1225.788,389.0157,0
1193.951,387.7282,0
1260.97,381.5099,0
1189.796,343.1627,0
1203.225,445.9884,0
1257.621,435.3153,0
1144.801,403.5718,0
1244.399,420.3265,0
1171.97,367.2276,0
1228.259,298.7323,0
1142.718,345.4967,0
1177.45,382.9167,0
1276.446,406.5729,0
1221.951,391.5516,0
1291.658,426.2809,0
1232.861,453.978,0
1185.837,408.6826,0
1155.34,388.0295,0
1214.385,308.963,0
1261.417,384.8143,0
1122.873,378.3347,0
1182.161,429.0047,0
1156.498,406.0801,0
1258.439,333.2344,0
1277.643,411.0366,0
1243.105,310.1459,0
1295.36,446.7716,0
1250.891,407.9927,0
1216.689,367.9288,0
1221.153,439.6578,0
1252.494,347.0621,0
1214.627,443.7769,0
1226.436,348.9697,0
1225.665,432.7285,0
1207.332,348.6923,0
1231.691,368.8256,0
1230.026,426.8611,0
1175.01,398.6623,0
1269.315,361.1193,0
1271.722,438.8949,0
1273.415,367.7786,0
1259.521,457.8672,0
1240.885,387.8123,0
1226.667,420.6915,0
1241.024,400.7059,0
1189.508,367.8312,0
1247.197,373.1993,0
1282.045,352.6884,0
1267.581,428.1815,0
1240.594,380.3724,0
1213.832,377.0756,0
1195.68,370.761,0
1264.708,433.2833,0
1282.749,409.7167,0
1172.941,390.4316,0
1205.413,391.9836,0
1271.972,426.4905,0
1308.888,376.9038,0
1219.593,377.0146,0
1207.711,444.2469,0
1180.308,425.0519,0
1192.11,393.4278,0
1238.73,420.6278,0
1319.553,437.1331,0
1240.875,335.141,0
1281.787,412.7393,0
1268.657,452.4653,0
1225.822,403.539,0
1287.039,326.1826,0
1297.794,373.1693,0
1216.918,515.2307,0
1223.986,401.116,0
1184.715,429.2996,0
1203.283,379.355,0
1218.699,464.99,0
1250.816,467.0502,0
1159.81,345.8599,0
1317.739,437.0607,0
1224.263,328.08,0
1217.678,426.9784,0
1156.808,404.5863,0
1191.438,376.5063,0
1155.272,428.9364,0
1238.071,365.9112,0
1222.102,419.0881,0
1218.787,459.5959,0
1227.336,415.7903,0
1255.468,376.8831,0
1273.91,394.7425,0
1103.708,419.2081,0
1212.983,460.6048,0
1270.033,408.374,0
1230.756,383.6684,0
1222.422,309.1967,0
1223.33,377.9722,0
1178.778,407.4938,0
1225.136,345.5353,0
1209.171,337.519,0
1204.946,396.8483,0
1239.588,351.6043,0
1224.082,438.3475,0
1257.786,396.4734,0
1220.343,448.8754,0
1179.687,406.791,0
1290.023,392.2801,0
1209.874,390.0328,0
1197.017,488.5406,0
1213.827,387.8763,0
1218.814,435.1769,0
1152.517,350.2819,0
1186.518,387.0467,0
1206.412,426.8461,0
1243.861,362.0117,0
1225.019,439.8348,0
1249.66,467.0487,0
1178.489,427.7971,0
1199.277,490.405,0
1279.508,387.9876,0
1238.767,378.5998,0
1174.484,354.8854,0
1221.314,404.0613,0
1279.892,357.2775,0
1191.901,343.2224,0
1241.341,367.9796,0
1182.262,404.3541,0
1201.921,331.4156,0
1242.112,348.2335,0
1292.425,357.3488,0
1212.421,421.1756,0
1266.455,339.3073,0
1265.65,403.4089,0
1286.551,450.8458,0
1243.334,343.1985,0
1263.253,385.5397,0
1220.541,396.0787,0
1182.079,435.1537,0
1228.705,441.6909,0
1210.856,428.608,0
1299.921,412.8818,0
1287.265,395.4803,0
1244.62,407.9164,0
1118.84,423.1804,0
1298.065,356.4423,0
1250.766,399.2809,0
1204.431,313.2977,0
1315.178,390.1371,0
1219.671,448.7544,0
1185.402,383.2842,0
1248.324,433.2782,0
1242.435,422.5301,0
1226.827,411.5497,0
1155.191,354.2399,0
1202.609,416.9006,0
1228.508,391.0714,0
1247.537,366.5214,0
1209.906,419.0936,0
1287.972,367.6948,0
1248.259,427.9724,0
1165.93,350.9424,0
1268.462,415.3788,0
1253.537,354.2032,0
1246.699,385.7724,0
1160.863,383.0963,0
1259.956,331.6202,0
1263.129,344.975,0
1206.502,442.1781,0
1266.934,353.289,0
1330.439,371.2809,0
1233.563,378.563,0
1207.899,433.8207,0
1254.642,367.4578,0
1242.537,332.863,0
1216.877,412.8555,0
1345.074,404.1209,0
1227.12,388.0607,0
1129.946,383.9161,0
1184.15,398.7893,0
1204.578,440.7823,0
1196.24,378.5945,0
1256.864,365.5406,0
1182.591,381.7222,0
1190.024,405.233,0
1228.684,444.4298,0
1199.387,422.1006,0
1286.128,398.8572,0
1207.943,413.0717,0
1227.009,438.1533,0
1254.146,443.4257,0
1194.922,366.5383,0
1232.018,331.043,0
1239.828,432.5941,0
1286.673,338.6826,0
1242.395,365.6967,0
1231.269,363.324,0
1232.411,355.3577,0
1199.61,426.8169,0
1235.695,425.9897,0
1182.667,388.58,0
1211.512,431.0535,0
1231.428,348.9197,0
1169.123,389.4017,0
1227.644,360.5405,0
1209.164,446.8491,0
1249.805,399.752,0
1255.358,387.3238,0
1293.035,392.3283,0
1288.629,367.7103,0
1198.068,353.4093,0
1340.745,343.6324,0
1172.025,373.8864,0
1298.654,377.5411,0
1320.466,345.4254,0
1186.821,463.1387,0
1225.232,415.7496,0
1243.35,365.5804,0
1194.729,398.343,0
1219.249,355.9095,0
1164.572,436.1937,0
1252.893,354.1329,0
1187.919,402.5405,0
1255.163,399.1613,0
1286.909,450.3975,0
1159.724,439.2673,0
1238.003,334.6531,0
1269.604,404.2761,0
1228.919,394.3677,0
1253.37,410.282,0
1172.306,399.6891,0
1242.064,389.4584,0
1194.152,447.512,0
1253.194,345.0022,0
1167.949,377.981,0
1225.279,403.4065,0
1190.998,372.8926,0
1276.086,431.3294,0
1173.354,367.8748,0
1288.213,321.6401,0
1281.337,349.9111,0
1213.262,424.8462,0
1264.025,356.0288,0
1238.549,381.1758,0
1255.679,377.7234,0
1266.814,360.8952,0
1218.944,425.9678,0
1278.304,332.114,0
1192.806,395.8974,0
1169.595,440.5396,0
1360.992,319.8118,0
1139.755,396.7798,0
1220.11,343.29,0
1229.346,389.306,0
1229.129,384.3209,0
1220.179,352.4921,0
1189.861,402.3446,0
1175.836,563.8204,0
1293.243,320.1743,0
1210.134,433.3085,0
1288.075,363.1017,0
1216.277,384.1081,0
1262.095,334.275,0
1287.303,405.0369,0
1189.22,454.816,0
1217.371,347.854,0
1231.226,388.3762,0
1223.815,499.4642,0
1186.326,399.02,0
1213.31,329.7471,0
1181.001,425.8492,0
1212.493,449.8123,0
1239.851,479.9269,0
1203.294,384.0765,0
1246.285,412.2067,0
1167.754,501.5849,0
1239.707,392.0733,0
1277.17,346.5308,0
1173.35,450.8074,0
1201.822,359.1235,0
1226.683,443.7596,0
1229.621,385.8101,0
1148.404,445.2731,0
1178.094,386.6179,0
1245.064,458.3881,0
1250.129,405.4886,0
1325.23,451.2289,0
1247.662,323.9141,0
1245.428,397.3618,0
1181.312,364.131,0
1160.119,380.3635,0
1263.613,390.7497,0
1245.359,423.551,0
1143.673,373.7133,0
1171.589,446.643,0
1251.4,325.335,0
1157.413,391.7007,0
1249.124,358.7252,0
1251.188,368.5672,0
1210.436,412.1918,0
1161.147,332.9276,0
1215.562,454.3987,0
1189.936,483.5913,0
1176.613,354.7065,0
1192.619,412.1132,0
1293.821,354.3123,0
1164.675,424.562,0
1216.398,350.7391,0
1240.687,391.6691,0
1177.782,382.941,0
1216.239,356.7933,0
1206.803,373.4376,0
1256.376,438.2375,0
1241.38,349.7032,0
1246.957,413.1188,0
1284.804,384.0123,0
1186.595,384.8335,0
1195.109,498.7072,0
1260.228,371.1226,0
1321.112,424.0266,0
1163.528,389.38,0
1224.291,433.6805,0
1179.37,366.186,0
1350.746,335.4026,0
1279.05,353.6998,0
1261.908,378.8278,0
1268.01,350.8701,0
1270.408,374.6554,0
1214.426,394.7561,0
1248.5,406.0917,0
1252.611,422.5918,0
1248.135,378.399,0
1316.482,378.0358,0
1193.104,475.1677,0
1248.477,445.3642,0
1247.465,403.5298,0
1285.098,328.2852,0
1263.104,412.576,0
1225.921,394.3186,0
1353.46,337.1255,0
1228.473,386.6875,0
1180.351,391.6394,0
1275.435,385.5203,0
1253.893,458.4803,0
1249.862,378.634,0
1252.052,403.4412,0
1179.477,405.1871,0
1189.181,455.0244,0
1232.401,445.7074,0
1174.473,431.3186,0
1222.891,388.9634,0
1295.246,434.8419,0
1260.497,457.4693,0
1280.198,414.0643,0
1235.121,385.3215,0
1170.152,416.2836,0
1253.093,389.2437,0
1285.982,351.6928,0
1145.904,408.6552,0
1267.686,393.4723,0
1191.083,409.8292,0
1201.875,486.7692,0
1274.508,358.3704,0
1293.665,414.7757,0
1194.78,452.4359,0
1217.615,403.687,0
1262.188,434.7639,0
1295.03,397.1779,0
1254.388,401.8846,0
1213.124,385.8621,0
1223.114,346.7456,0
1264.041,402.3959,0
1171.734,419.9265,0
1296.888,377.6719,0
1254.188,310.4039,0
1281.841,415.4036,0
1289.768,352.5095,0
1160.73,366.8845,0
1252.319,405.7596,0
1323.466,343.036,0
1148.364,387.4694,0
1276.273,421.441,0
1291.739,414.8861,0
1280.277,339.9917,0
1245.758,428.4428,0
1234.996,344.6345,0
1269.304,423.8881,0
1168.628,441.1962,0
1226.073,388.9277,0
1214.447,435.5471,0
1267.587,406.9331,0
1122.409,368.6628,0
1266.632,426.3099,0
1234.799,412.9893,0
1256.593,353.1926,0
1246.568,401.2623,0
1284.83,419.0499,0
1255.761,439.2862,0
1317.36,394.848,0
1236.059,378.1357,0
1206.038,454.5534,0
1219.693,344.8372,0
1141.306,416.6237,0
1101.537,441.0296,0
1279.756,421.9268,0
1290.935,424.6559,0
1129.386,430.5025,0
1261.539,346.4329,0
1227.083,462.5615,0
1264.312,387.986,0
1222.876,428.4701,0
1143.346,368.9473,0
1221.025,416.5459,0
1214.572,388.8676,0
1357.552,370.9089,0
1190.396,401.5887,0
1161.882,384.644,0
1296.641,353.7986,0
1231.691,396.2581,0
1233.838,454.8314,0
1187.886,408.9008,0
1208.242,385.6468,0
1242.572,344.3499,0
1200.27,392.4012,0
1228.644,336.5791,0
1161.688,467.7527,0
1173.173,429.244,0
1230.717,413.3347,0
1207.596,421.1851,0
1164.727,412.0369,0
1281.219,403.4677,0
1251.039,454.1432,0
1217.588,444.1668,0
1268.121,407.9507,0
1272.27,421.1187,0
1191.632,403.8204,0
1220.16,365.7422,0
1190.732,358.6202,0
1258.835,298.4811,0
1266.255,451.9164,0
1205.136,343.9662,0
1255.908,402.7314,0
1189.462,405.4045,0
1235.953,384.6481,0
1245.553,364.0221,0
1216.294,365.0056,0
1216.43,344.257,0
1258.27,344.243,0
1230.524,426.3067,0
1184.868,332.8486,0
1179.339,426.1037,0
1265.884,437.6107,0
1223.139,402.2224,0
1256.397,416.6989,0
1151.689,392.2479,0
1260.748,398.6476,0
1279.703,389.9152,0
1205.441,438.72,0
1195.286,472.6431,0
1167.978,364.1787,0
1212.196,551.4242,0
1245.814,393.4156,0
1265.341,408.318,0
1177.619,366.9469,0
1274.239,396.8993,0
1203.697,358.7286,0
1184.516,372.4847,0
1301.147,377.2003,0
1199.099,434.1526,0
1249.757,335.6297,0
1174.546,420.7702,0
1268.796,343.6091,0
1173.755,428.1268,0
1228.055,373.3181,0
1284.676,367.3456,0
1279.591,351.8013,0
1284.28,385.8448,0
1220.231,393.7458,0
1159.191,464.5551,0
1285.767,418.1348,0
1204.086,396.6595,0
1251.31,443.1486,0
1177.164,416.9521,0
1251.97,459.5286,0
1236.941,406.8841,0
1212.875,436.0408,0
1209.187,437.6897,0
1226.904,444.272,0
1270.932,315.1075,0
1247.243,411.6836,0
1233.266,378.5099,0
1231.292,387.0751,0
1239.498,421.1588,0
1167.89,347.7373,0
1229.716,381.1283,0
1254.939,358.1844,0
1232.527,379.3273,0
1256.685,415.12,0
1306.161,411.9198,0
1163.816,384.6739,0
1264.524,365.4326,0
1171.496,383.2525,0
1168.806,419.812,0
1261.979,414.8978,0
1292.315,356.8941,0
1262.693,423.4922,0
1229.477,411.5162,0
1249.816,403.7959,0
1201.155,423.0662,0
1274.672,379.6204,0
1189.443,362.7406,0
1225.461,357.7774,0
1309.802,382.215,0
1163.9,398.5807,0
1251.046,333.6747,0
1267.351,374.2128,0
1187.936,415.7358,0
1264.058,433.0038,0
1224.416,366.2884,0
1169.627,418.4914,0
1332.789,372.366,0
1260.101,381.9647,0
1195.043,433.1751,0
1196.139,360.4086,0
1212.025,474.144,0
1120.029,358.9562,0
1174.502,432.351,0
1222.536,459.1568,0
1242.625,374.4673,0
1223.345,409.2803,0
1261.532,426.2069,0
1329.434,371.3239,0
1163.835,418.4664,0
1228.435,360.4601,0
1156.442,386.5294,0
1280.183,368.6921,0
1206.932,409.1466,0
1282.179,405.2026,0
1251.598,413.0505,0
1144.98,374.139,0
1221.031,445.0085,0
1183.094,460.0775,0
1204.878,462.5469,0
1241.784,398.002,0
1211.768,439.9109,0
1300.806,385.2068,0
1294.8,413.1744,0
1294.253,392.8459,0
1226.231,406.8341,0
1273.383,366.3137,0
1190.578,524.3514,0
1224.947,335.7261,0
1212.662,424.3326,0
1282.679,312.3711,0
1205.586,360.89,0
1203.548,421.7032,0
1252.266,342.2439,0
1171.952,443.6683,0
1175.681,399.48,0
1249.675,381.3998,0
1250.573,394.656,0
1199.026,412.8325,0
1196.715,472.624,0
1219.807,434.7751,0
1247.04,404.0784,0
1210.519,341.0767,0
1146.291,312.6139,0
1219.714,422.0507,0
1209.765,410.8482,0
1311.97,365.5787,0
1137.389,446.9746,0
1235.7,430.6633,0
1254.363,402.0607,0
1242.57,415.6899,0
1270.099,391.5693,0
1275.672,361.024,0
1246.953,362.3105,0
1338.499,367.0648,0
1209.736,456.3032,0
1143.809,381.4044,0
1285.544,437.5561,0
1328.317,416.4283,0
1280.283,442.5957,0
1233.234,325.1417,0
1222.997,342.6923,0
1166.651,457.3525,0
1235.476,370.0776,0
1290.671,391.2254,0
1156.6,361.1121,0
1228.094,431.1694,0
1227.035,401.2957,0
1115.199,418.388,0
1123.399,437.3403,0
1195.589,418.548,0
1230.606,391.0267,0
1270.263,416.9457,0
1224.609,436.599,0
1217.545,439.8041,0
1215.823,377.6511,0
1287.475,398.2851,0
1292.23,397.4536,0
1304.715,445.2587,0
1233.263,429.9409,0
1178.589,393.8711,0
1269.419,398.4199,0
1233.248,437.2764,0
1174.906,480.8964,0
1195.062,474.1627,0
1209.062,399.5217,0
1172.034,366.5134,0
1225.498,321.1993,0
1239.046,426.829,0
1208.323,354.5435,0
1262.567,402.0218,0
1259.476,396.2706,0
1227.538,430.9642,0
1208.57,390.1153,0
1267.338,331.6673,0
1185.059,417.2628,0
1255.135,460.3018,0
1221.074,336.9073,0
1192.311,365.1432,0
1198.094,388.8134,0
1256.489,468.5292,0
1263.414,401.1439,0
1176.948,453.4851,0
1204.098,397.3611,0
1265.713,348.0822,0
1218.118,375.9944,0
1187.134,480.5654,0
1166.359,390.4402,0
1255.348,415.7814,0
1279.845,387.2979,0
1234.039,400.7055,0
1279.765,371.4207,0
1224.584,434.5901,0
1147.974,390.022,0
1201.101,314.0341,0
1251.233,407.1891,0
1225.838,344.1756,0
1237.008,362.5593,0
1246.968,376.6129,0
1264.933,392.5948,0
1116.831,360.1891,0
1176.977,468.5061,0
1273.722,397.981,0
1233.227,411.6762,0
1142.113,440.7197,0
1207.969,435.2042,0
1183.756,328.5385,0
1228.579,373.8668,0
1200.827,367.9686,0
1253.626,434.3494,0
1257.851,440.1329,0
1246.831,380.5152,0
1183.45,354.438,0
1255.613,412.1505,0
1287.21,426.6646,0
1236.892,418.6355,0
1280.688,398.0492,0
1237.572,329.262,0
1195.506,489.3176,0
1311.779,437.2571,0
1174.487,521.1195,0
1207.694,380.3986,0
1202.857,480.142,0
1241.341,411.9558,0
1261.647,434.0535,0
1234.283,402.2322,0
1233.44,368.997,0
1195.955,413.6093,0
1235.889,413.2027,0
1263.221,394.4354,0
1217.393,393.7496,0
1236.775,405.5785,0
1198.523,395.6271,0
1211.057,377.2584,0
1199.056,400.0809,0
1215.551,429.0339,0
1132.825,354.3808,0
1154.189,448.6171,0
1197.945,466.9277,0
1144.241,509.1018,0
1200.337,388.7074,0
1229.927,426.1003,0
1224.632,400.4584,0
1182.235,443.3115,0
1252.646,382.1361,0
1177.276,431.0045,0
1128.368,360.3016,0
1309.862,319.6437,0
1198.04,401.3987,0
1284.217,370.7424,0
1279.271,334.4203,0
1188.584,385.3598,0
1216.605,414.3978,0
1269.717,447.8557,0
1191.998,407.1199,0
1208.6,418.7039,0
1279.854,383.6676,0
1170.023,405.3088,0
1244.993,376.9245,0
1236.062,397.2537,0
1222.131,343.3781,0
1298.067,415.7768,0
1275.589,344.0229,0
1254.945,398.0419,0
1213.581,387.1042,0
1210.951,432.3077,0
1155.913,525.4039,0
1200.509,396.8008,0
1113.948,390.6959,0
1204.75,396.7423,0
1198.929,407.0782,0
1155.543,409.9601,0
1265.036,335.8003,0
1238.238,417.4083,0
1260.824,419.089,0
1238.267,358.8726,0
1251.961,352.0142,0
1247.81,354.3802,0
1260.669,367.2538,0
1250.265,391.2869,0
1188.193,398.4152,0
1236.711,358.0442,0
1266.924,358.5564,0
1202.215,418.509,0
1165.758,453.5782,0
1251.473,392.1963,0
1216.522,446.2879,0
1180.465,475.792,0
1183.046,390.1473,0
1150.689,379.8168,0
1236.565,463.9015,0
1255.431,354.7201,0
1165.099,369.3331,0
1209.251,339.2302,0
1273.316,333.8535,0
1222.558,366.4123,0
1294.318,393.877,0
1215.774,441.9796,0
1280.022,387.0382,0
1258.396,443.7629,0
1093.542,444.1031,0
1241.268,393.2123,0
1258.25,365.4583,0
1153.787,404.1525,0
1232.278,339.9455,0
1315.439,361.5267,0
1245.808,405.3159,0
1242.926,394.2432,0
1243.675,385.1415,0
1213.792,359.7858,0
1231.702,388.4273,0
1271.843,393.8394,0
1221.167,416.7354,0
1169.072,386.4526,0
1139.402,393.1505,0
1154.157,422.3115,0
1254.105,453.0304,0
1217.897,347.2479,0
1241.284,374.7591,0
1282.633,384.704,0
1170.5,402.9994,0
1188.262,443.7375,0
1187.887,432.6139,0
1257.099,433.7859,0
1202.518,388.9714,0
1239.141,361.1884,0
1251.204,381.1263,0
1193.596,404.6713,0
1232.049,440.4608,0
1153.061,482.0806,0
1249.045,393.9437,0
1146.75,417.0756,0
1191.694,391.1005,0
1194.151,429.145,0
1211.722,374.8281,0
1221.695,412.8395,0
1308.546,396.1448,0
1214.304,385.5933,0
1167.036,440.6199,0
1237.376,405.7852,0
1276.14,370.0759,0
1260.57,425.6669,0
1226.908,352.322,0
1264.599,404.1114,0
1298.237,347.119,0
1207.809,345.6565,0
1234.71,443.8173,0
1192.135,397.3534,0
1226.296,357.3771,0
1187.772,408.3979,0
1258.923,408.0684,0
1175.163,420.1783,0
1182.123,441.3255,0
1218.549,408.2662,0
1181.918,386.2205,0
1177.998,383.9382,0
1172.142,421.3268,0
1234.325,375.5601,0
1269.339,366.8328,0
1279.475,461.7526,0
1244.646,332.4486,0
1240.811,429.4316,0
1313.647,365.0523,0
1174.218,448.1359,0
1243.953,383.114,0
1238.478,402.1401,0
1144.418,431.237,0
1251.369,423.3361,0
1196.412,394.7373,0
1196.766,408.4387,0
1163.216,325.2578,0
1244.552,375.9272,0
1178.754,426.427,0
1206.529,408.3004,0
1249.897,368.4791,0
1211.224,386.0083,0
1267.051,395.0826,0
1256.506,326.7307,0
1245.085,424.8882,0
1227.843,411.5688,0
1118.313,461.3441,0
1209.724,456.1434,0
1315.223,462.8055,0
1284.85,417.2361,0
1246.526,439.3007,0
1225.176,415.2333,0
1304.408,389.6505,0
1274.549,393.2052,0
1175.478,412.4174,0
1231.846,354.6188,0
1269.683,394.2748,0
1219.213,433.4163,0
1251.136,369.9328,0
1263.033,429.8494,0
1251.685,419.3089,0
1241.458,343.8422,0
1218.384,434.1256,0
1232.133,382.8363,0
1316.068,388.8365,0
1220.4,420.5951,0
1192.095,336.1541,0
1218.425,443.6851,0
1207.695,384.2366,0
1218.522,412.2464,0
1247.329,434.3929,0
1263.911,390.8561,0
1180.029,458.4226,0
1124.838,406.6829,0
1275.506,382.7384,0
1269.634,367.8757,0
1271.842,401.9547,0
1251.899,485.9475,0
1255.578,415.0968,0
1203.832,421.7814,0
1178.404,336.2433,0
1317.53,385.6741,0
1178.946,352.1716,0
1101.575,444.3544,0
1240.335,455.1598,0
1307.314,308.1732,0
1215.19,368.172,0
1307.84,370.7827,0
1227.181,387.1589,0
1215.275,431.5421,0
1217.988,389.9722,0
1196.857,439.5967,0
1216.927,402.4021,0
1209.875,452.4929,0
1224.827,429.65,0
1224.362,407.3192,0
1194.489,393.0739,0
1211.624,511.5212,0
1210.559,494.3648,0
1154.111,365.7296,0
1184.358,351.764,0
1234.288,458.508,0
1203.493,443.6154,0
1126.771,469.2226,0
1155.16,442.7291,0
1223.055,420.655,0
1217.409,402.1162,0
1169.652,408.5704,0
1226.44,350.3375,0
1199.351,428.4767,0
1262.21,394.5417,0
1235.713,407.3436,0
1203.024,353.425,0
1276.66,388.5861,0
1199.844,407.5173,0
1235.162,359.5778,0
1204.37,415.8567,0
1255.811,382.9558,0
1224.037,407.3625,0
1177.208,368.7347,0
1226.08,337.2424,0
1204.722,482.6331,0
1246.948,410.8257,0
1230.571,362.1202,0
1234.589,415.1144,0
1242.895,362.333,0
1201.759,394.7728,0
1230.725,356.7814,0
1156.676,376.4988,0
1204.858,437.5104,0
1283.185,408.0839,0
1197.964,450.7076,0
1176.58,474.783,0
1225.259,397.8907,0
1206.457,344.9453,0
1263.661,455.99,0
1286.951,401.9387,0
1196.802,423.1671,0
1239.69,286.0139,0
1217.849,463.0815,0
1291.275,472.2252,0
1190.069,400.3713,0
1132.179,461.4442,0
1237.655,441.6371,0
1230.358,400.744,0
1246.1,411.7123,0
1295.822,428.6897,0
1230.464,382.715,0
1280.09,350.0424,0
1218.088,344.468,0
1206.033,353.8899,0
1242.51,375.4033,0
1210.677,433.0619,0
1150.504,330.5029,0
1226.289,409.5941,0
1242.113,440.7506,0
1209.627,438.3484,0
1194.629,379.5732,0
1297.394,415.1456,0
1205.421,419.035,0
1195.184,428.3615,0
1161.986,413.9789,0
1203.511,342.5447,0
1160.698,389.1823,0
1239.432,391.0275,0
1254.852,389.6207,0
1246.2,398.9081,0
1240.232,414.2284,0
1194.86,380.7489,0
1256.906,465.0978,0
1306.927,401.5771,0
1213.322,453.2382,0
1219.529,343.8977,0
1149.816,369.0992,0
1180.598,401.0501,0
1299.472,342.9508,0
1212.931,298.5284,0
1234.82,368.6539,0
1201.567,407.7822,0
1260.002,363.9378,0
1168.827,435.5288,0
1311.845,463.1164,0
1266.27,361.2998,0
1276.883,385.2589,0
1179.646,419.4078,0
1165.233,403.6204,0
1226.812,406.749,0
1272.723,398.4379,0
1263.796,353.9885,0
1168.509,422.1598,0
1250.235,425.9193,0
1218.089,429.4077,0
1208.368,411.5488,0
1222.652,368.629,0
1210.369,436.1751,0
1218.766,422.1452,0
1204.79,246.1332,0
1202.366,407.6381,0
1265.048,484.5746,0
1278.101,410.6439,0
1255.673,423.0248,0
1214.736,348.7136,0
1243.504,316.2383,0
1252.931,489.9721,0
1200.017,421.7258,0
1340.356,405.6047,0
1097.157,435.6198,0
1242.841,325.945,0
1260.049,400.3893,0
1298.261,331.5436,0
1292.048,417.9025,0
1193.161,410.6216,0
1230.134,439.7383,0
1235.603,373.7095,0
1201.661,408.8088,0
1191.002,384.8795,0
1159.195,426.3199,0
1227.75,357.9375,0
1177.708,392.6771,0
1167.626,438.8112,0
1256.058,408.0221,0
1191.964,405.8679,0
1202.549,449.7701,0
1234.206,415.1756,0
1232.516,399.7331,0
1243.185,381.0319,0
1232.786,477.3923,0
1244.452,404.5258,0
1144.823,406.7605,0
1231.764,398.7925,0
1286.205,385.0309,0
1199.778,438.5135,0
1234.343,371.0295,0
1291.052,380.8994,0
1202.466,420.3226,0
1221.654,418.8735,0
1273.193,394.1884,0
1166.401,357.2064,0
1255.246,355.9025,0
1240.548,419.6988,0
1274.622,430.3099,0
1263.787,385.0555,0
1198.128,406.6761,0
1249.544,423.3885,0
1280.909,439.539,0
1275.631,398.872,0
1211.864,411.7788,0
1271.226,428.6588,0
1268.132,382.4856,0
1197.552,392.6926,0
1242.565,405.5889,0
1264.278,456.5954,0
1201.893,464.9958,0
1207.094,438.4906,0
1205.364,450.8746,0
1257.686,397.6512,0
1251.35,388.7292,0
1166.82,361.9861,0
1258.331,347.8953,0
1222.687,405.0817,0
1285.479,415.6507,0
1220.123,374.8835,0
1168.611,394.2972,0
1294.105,353.3954,0
1213.928,411.3699,0
1214.494,354.3052,0
1166.322,448.746,0
1234.011,422.5641,0
1204.816,413.8931,0
1184.735,399.4265,0
1183.304,443.8665,0
1194.438,356.8771,0
1265.719,407.0012,0
1212.54,330.8176,0
1202.945,398.7235,0
1264.033,368.1567,0
1194.533,418.8418,0
1252.72,389.6282,0
1245.113,396.7835,0
1185.382,378.1124,0
1187.119,383.107,0
1261.42,431.0524,0
1231.066,444.928,0
1202.847,481.8343,0
1216.83,365.8121,0
1211.559,441.5789,0
1189.933,423.6269,0
1179.867,372.288,0
1184.304,421.9059,0
1182.793,390.2871,0
1208.821,392.7347,0
1270.088,361.3062,0
1249.161,436.8944,0
1186.306,428.5313,0
1169.921,471.2887,0
1228.538,400.5234,0
1152.733,446.7933,0
1311.5,337.5334,0
1168.478,381.1346,0
1322.345,344.7171,0
1265.146,455.5331,0
1176.408,347.1697,0
1221.833,468.8629,0
1236.651,444.0568,0
1240.508,345.101,0
1230.954,376.2541,0
1221.384,397.9339,0
1162.305,429.6171,0
1158.229,388.7158,0
1232.041,371.2146,0
1223.866,403.9114,0
1207.546,356.126,0
1218.805,391.2716,0
1220.635,390.6063,0
1238.581,415.0172,0
1247.739,405.9603,0
1193.202,354.8319,0
1193.835,425.2955,0
1184.913,406.0335,0
1217.993,464.0389,0
1157.316,386.1512,0
1236.663,425.175,0
1221.888,406.2465,0
1202.105,435.987,0
1367.344,375.8215,0
1278.703,416.5067,0
1177.873,369.9858,0
1220.827,420.3148,0
1207.219,450.2299,0
1194.985,377.0649,0
1062.662,475.3525,0
1173.89,400.5399,0
1221.473,428.7933,0
1242.785,422.7021,0
1208.529,422.6702,0
1235.257,404.7738,0
1305.875,417.8152,0
1162.351,406.0629,0
1196.705,502.7084,0
1209.742,387.2475,0
1202.787,432.205,0
1127.503,381.6163,0
1220.981,424.7687,0
1137.689,400.1039,0
1231.086,478.526,0
1190.347,461.6553,0
1256.243,448.3928,0
1205.423,373.5731,0
1171.924,366.2452,0
1159.536,400.8862,0
1271.436,354.6747,0
1260.941,359.9715,0
1201.871,422.2358,0
1215.722,472.7438,0
1197.757,404.793,0
1228.236,393.4005,0
1153.607,399.6506,0
1192.351,338.7658,0
1244.986,459.1343,0
1211.541,499.4498,0
1138.323,378.1156,0
1248.148,368.5043,0
1284.473,392.4161,0
1243.093,434.1645,0
1185.676,364.7321,0
1230.903,372.4283,0
1196.092,409.2178,0
1265.707,405.9431,0
1185.284,416.0554,0
1283.704,406.9278,0
1224.715,379.0491,0
1246.414,395.3342,0
1168.306,478.4783,0
1184.185,451.606,0
1239.121,366.1344,0
1236.591,393.4249,0
1219.7,396.6121,0
1230.638,408.9608,0
1253.775,426.9358,0
1292.277,354.2278,0
1216.253,497.4661,0
1193.5,480.4843,0
1212.882,380.8301,0
1280.179,357.5115,0
1320.164,365.6411,0
1317.731,379.8345,0
1202.814,385.052,0
1260.52,393.6302,0
1245.532,354.2292,0
1215.174,389.3867,0
1157.115,477.0784,0
1285.03,339.1711,0
1248.499,417.1891,0
1172.847,431.0503,0
1279.302,469.5461,0
1198.459,476.051,0
1204.644,340.4224,0
1240.472,364.9241,0
1205.069,354.8234,0
1214.038,392.5116,0
1241.655,354.2714,0
1231.199,368.9702,0
1220.462,379.7293,0
1260.233,393.5184,0
1295.84,408.0997,0
1224.059,442.2493,0
1192.274,421.2476,0
1226.022,332.1894,0
1261.908,379.0127,0
1175.686,494.6339,0
1261.964,395.6306,0
1173.803,444.623,0
1288.463,402.2393,0
1195.191,356.4971,0
1280.898,421.1619,0
1212.194,390.8588,0
1159.03,409.8159,0
1170.381,428.8431,0
1183.612,377.6869,0
1356.45,339.2576,0
1227.777,367.5669,0
1270.107,392.9335,0
1262.914,398.7996,0
1176.106,481.0377,0
1234.436,312.1697,0
1223.097,368.7283,0
1229.759,435.5054,0
1217.827,460.2905,0
1240.103,411.0389,0
1244.905,398.6948,0
1253.709,389.2048,0
1222.975,404.3155,0
1247.343,433.4719,0
1254.699,405.5175,0
1202.502,403.3813,0
1199.589,421.3069,0
1184.9,428.3158,0
1228.682,440.799,0
1197.776,284.6596,0
1217.27,437.8778,0
1265.582,438.209,0
1221.98,391.8919,0
1267.869,371.5557,0
1213.392,424.0645,0
1253.917,488.7006,0
1226.785,348.4646,0
1331.891,386.8889,0
1268.709,401.4133,0
1251.157,390.5925,0
1300.582,354.6302,0
1190.408,407.2355,0
1242.424,372.3734,0
1360.669,365.4679,0
1218.166,352.3065,0
1231.61,421.5605,0
1282.988,364.0721,0
1237.903,367.8802,0
1306.193,368.6771,0
1236.05,384.4213,0
1218.406,476.0703,0
1154.78,388.4613,0
1100.873,510.7636,0
1245.336,494.8611,0
1253.825,300.6898,0
1258.704,333.3416,0
1166.539,410.2726,0
1188.391,325.7089,0
1145.056,443.8997,0
1187.821,458.2023,0
1244.458,389.0611,0
1211.036,424.1609,0
1225.473,399.3027,0
1227.352,402.2205,0
1252.237,384.4897,0
1208.153,373.0045,0
1147.995,462.8765,0
1253.813,394.5505,0
1144.363,416.8071,0
1207.595,379.392,0
1229.267,414.3187,0
1269.683,331.6109,0
1287.815,446.7749,0
1148.832,429.5658,0
1210.174,383.7836,0
1239.791,434.9996,0
1264.5,383.1346,0
1193.856,430.5621,0
1220.136,369.1635,0
1187.229,421.1331,0
1203.105,304.8299,0
1211.618,339.8986,0
1220.994,410.5657,0
1278.414,408.449,0
1275.131,370.288,0
1178.441,344.0485,0
1222.625,484.655,0
1252.553,432.6227,0
1185.141,481.3368,0
1255.151,419.0505,0
1282.139,316.0555,0
1272.541,385.9036,0
1096.9,415.0568,0
1192.013,454.6661,0
1191.787,433.9199,0
1203.323,348.3987,0
1284.374,344.1071,0
1216.188,390.978,0
1276.068,374.6453,0
1228.239,373.5621,0
1217.518,374.8655,0
1261.477,453.7318,0
1182.644,369.0917,0
1312.895,440.3557,0
1202.457,373.1529,0
1269.813,367.4736,0
1206.71,440.2267,0
1201.208,424.0224,0
1182.184,422.8372,0
1205.255,433.1883,0
1225.825,428.5569,0
1194.165,324.6271,0
1227.418,396.2039,0
1223.916,391.4495,0
1252.079,455.1209,0
1233.215,422.2442,0
1256.223,427.1465,0
1237.932,388.7578,0
1188.749,408.9063,0
1175.378,393.7464,0
1147.342,336.7264,0
1254.817,348.5914,0
1251.866,425.9339,0
1187.621,412.6628,0
1236.682,369.7222,0
1245.309,383.5902,0
1218.545,398.5865,0
1213.36,381.0804,0
1245.082,416.3702,0
1100.283,421.0394,0
1184.681,351.3256,0
1202.032,453.1257,0
1250.857,390.9366,0
1252.314,411.5394,0
1281.014,418.4954,0
1277.268,376.0292,0
1232.944,446.0855,0
1293.066,404.1843,0
1280.807,403.772,0
1136.483,411.5497,0
1232.224,407.2657,0
1251.658,394.8044,0
1325.438,392.7687,0
1277.926,438.8846,0
1275.117,429.7905,0
1220.392,466.2059,0
1205.278,401.0737,0
1215.507,429.7106,0
1203.815,421.7979,0
1268.253,391.5765,0
1215.589,420.6594,0
1213.95,429.3945,0
1131.348,456.2307,0
1208.095,381.9211,0
1208.932,352.8892,0
1203.966,394.6705,0
1227.338,407.7685,0
1265.949,371.8323,0
1192.785,394.6993,0
1214.416,436.0477,0
1307.176,446.7127,0
1261.881,440.1236,0
1266.867,361.7612,0
1217.069,435.2316,0
1235.902,358.5461,0
1200.358,409.8912,0
1209.756,374.6353,0
1173.932,414.1247,0
1247.852,387.5512,0
1267.804,436.2592,0
1121.517,402.3351,0
1267.94,377.3256,0
1257.182,398.309,0
1151.871,372.9575,0
1171.008,398.7674,0
1128.66,405.1285,0
1183.535,378.2086,0
1142.679,390.0358,0
1264.474,410.0883,0
1187.365,434.0024,0
1184.028,397.4971,0
1219.702,359.6798,0
1239.154,397.5079,0
1202.419,384.8794,0
1198.228,399.8466,0
1217.194,378.0391,0
1341.874,429.7406,0
1270.287,420.8774,0
1261.868,394.8956,0
1247.508,349.0181,0
1215.153,389.3658,0
1153.733,399.269,0
1219.802,380.9687,0
1219.472,424.0323,0
1305.699,398.0288,0
1159.318,457.5174,0
1159.858,398.6458,0
1152.91,354.0256,0
1236.945,348.4266,0
1228.011,453.9608,0
1216.26,364.074,0
1163.956,406.7041,0
1159.171,416.7121,0
1239.165,357.8104,0
1229.126,349.778,0
1262.2,417.0038,0
1196.589,372.125,0
1226.739,390.1905,0
1227.139,403.322,0
1214.254,396.3179,0
1218.56,477.4727,0
1170.292,456.594,0
1210.297,370.3548,0
1195.183,447.4199,0
1220.243,382.5326,0
1241.693,353.0882,0
1234.5,400.0878,0
1224.372,425.6339,0
1204.305,283.1128,0
1301.59,400.2274,0
1194.663,371.8558,0
1228.796,446.6445,0
1243.602,368.8879,0
1299.52,385.6528,0
1281.623,386.858,0
1242.848,411.2133,0
1312.375,358.0449,0
1209.647,387.6344,0
1097.038,374.7338,0
1153.955,366.4903,0
1211.043,349.7902,0
1242.128,366.5272,0
1227.961,319.7631,0
1262.552,379.3651,0
1230.746,468.4199,0
1211.448,428.6086,0
1231.068,460.9993,0
1240.55,372.2408,0
1160.757,457.637,0
1264.755,383.904,0
1249.849,323.1793,0
1252.107,400.2738,0
1208.197,411.4932,0
1258.114,428.2808,0
1252.577,419.1625,0
1192.185,398.0024,0
1194.808,358.9894,0
1189.336,402.2297,0
1207.477,340.7374,0
1239.272,424.6582,0
1193.799,427.401,0
1262.447,387.9762,0
1167.318,393.283,0
1247.275,427.9838,0
1200.16,347.6855,0
1172.598,432.1342,0
1222.094,354.7056,0
1240.43,390.5886,0
1211.275,320.1273,0
1237.555,343.2562,0
1206.707,363.7672,0
1225.453,347.5722,0
1215.399,337.6633,0
1196.594,387.0854,0
1242.036,354.2648,0
1220.215,418.806,0
1271.911,390.757,0
1205.811,393.6907,0
1200.969,369.873,0
1188.38,415.4669,0
1221.16,468.4379,0
1288.089,340.9826,0
1262.766,358.4536,0
1297.732,377.7501,0
1260.904,390.631,0
1203.578,341.2977,0
1208.36,401.8501,0
1170.181,409.1006,0
1206.467,462.7503,0
1289.867,356.293,0
1211.421,409.399,0
1237.509,426.1393,0
1240.581,463.7577,0
1293.302,381.3792,0
1205.083,438.7431,0
1224.038,370.0059,0
1188.348,405.1273,0
1256.603,469.2549,0
1264.926,329.6383,0
1180.529,363.2882,0
1194.154,406.8365,0
1246.203,393.8837,0
1232.908,384.3376,0
1261.099,422.6453,0
1275.48,424.764,0
1175.898,448.9611,0
1211.591,434.0641,0
1183.931,395.5518,0
1211.838,386.7437,0
1228.386,410.244,0
1143.733,513.9299,0
1283.853,318.886,0
1205.278,465.9982,0
1270.794,402.7946,0
1296.233,423.5706,0
1218.983,408.6083,0
1265.249,395.2078,0
1214.633,436.0464,0
1226.294,482.1077,0
1155.957,358.201,0
1253.795,419.3001,0
1206.236,456.7542,0
1264.136,418.098,0
1172.024,395.0005,0
1259.701,407.0283,0
1227.425,418.7075,0
1228.241,334.9368,0
1193.35,439.3864,0
1144.741,414.9546,0
1257.902,422.0385,0
1206.719,371.5425,0
1255.719,313.2684,0
1131.361,398.3914,0
1116.502,390.5043,0
1239.768,399.8452,0
1173.359,461.9179,0
1296.144,425.7596,0
1219.691,424.2927,0
1257.192,391.1106,0
1196.443,370.7234,0
1213.221,384.9066,0
1151.029,420.976,0
1172.328,449.939,0
1219.664,399.0484,0
1213.169,379.9155,0
1241.115,361.264,0
1259.522,419.5283,0
1149.917,439.1356,0
1254.539,362.6813,0
1150.954,367.8787,0
1229.49,463.6651,0
1203.563,385.0452,0
1306.34,396.9516,0
1255.163,438.4963,0
1231.671,395.8287,0
1232.781,435.2738,0
1278.786,437.414,0
1219.286,433.7736,0
1260.452,439.5011,0
1226.133,428.024,0
1202.804,385.7725,0
1184.033,474.2149,0
1176.625,407.8173,0
1248.38,391.1644,0
1204.719,366.4044,0
1211.304,350.0892,0
1252.871,410.0302,0
1258.519,398.7416,0
1136.262,397.2258,0
1212.328,441.0584,0
1234.793,401.1756,0
1186.518,442.2144,0
1245.661,421.3027,0
1165.273,522.7238,0
1252.533,471.5844,0
1296.555,373.8578,0
1228.874,415.996,0
1247.653,411.499,0
1275.226,406.8449,0
1211.457,365.8618,0
1220.8,405.8588,0
1198.973,392.0164,0
1169.77,496.7226,0
1181.845,467.5274,0
1257.081,383.5248,0
1181.735,411.0332,0
1231.953,461.0997,0
1320.339,312.0876,0
1201.162,452.7218,0
1204.261,343.3265,0
1242.089,400.5546,0
1157.686,370.3748,0
1177.158,415.3826,0
1280.991,421.782,0
1204.352,419.9172,0
1122.674,412.9107,0
1258.938,350.6782,0
1275.922,408.1412,0
1167.394,443.8956,0
1174.107,443.152,0
1285.106,451.5928,0
1201.352,396.1672,0
1166.931,428.0706,0
1120.433,406.3845,0
1168.444,377.3399,0
1200.51,367.8958,0
1155.015,446.8325,0
1188.785,406.7776,0
1257.008,417.5963,0
1285.595,434.4173,0
1261.526,314.325,0
1139.033,346.0511,0
1235.041,414.8198,0
1201.631,382.5273,0
1178.604,378.6655,0
1224.415,394.9054,0
1220.83,448.0786,0
1166.449,370.295,0
1240.926,419.8893,0
1233.923,436.0455,0
1177.728,453.3047,0
1229.712,383.4327,0
1222.186,347.2321,0
1211.728,417.0818,0
1179.372,493.0496,0
1223.158,434.2336,0
1227.21,420.104,0
1260.882,425.3408,0
1268.261,355.6486,0
1243.875,447.5955,0
1237.657,399.2721,0
1214.103,463.9296,0
1232.201,431.6956,0
1229.978,365.7441,0
1219.259,362.2,0
1312.135,393.9974,0
1239.856,395.524,0
1276.584,378.4415,0
1192.341,413.9713,0
1173.242,342.4536,0
1178.393,373.1801,0
1273.832,383.5161,0
1209.492,347.377,0
1216.643,360.8398,0
1186.72,416.4405,0
1206.019,411.6063,0
1184.155,462.8256,0
1211.723,416.0601,0
1184.656,401.1409,0
1284.968,404.0253,0
1179.316,445.9423,0
1233.225,438.7919,0
1168.375,460.9308,0
1274.175,396.4163,0
1241.662,433.5555,0
1205.701,497.3146,0
1274.402,349.1974,0
1304.756,398.9547,0
1186.416,457.5995,0
1221.526,429.6568,0
1186.963,408.5084,0
1233.371,343.0136,0
1237.589,437.6648,0
1103.236,398.9952,0
1265.64,336.7056,0
1185.969,458.8757,0
1279.293,419.7834,0
1185.201,430.4536,0
1277.613,416.071,0
1247.608,420.1713,0
1264.812,362.9793,0
1298.319,366.2968,0
1271.279,385.2733,0
1190.104,435.9042,0
1239.567,374.6129,0
1229.486,372.496,0
1201.292,466.6592,0
1170.57,369.5828,0
1228.249,377.9276,0
1284.583,442.6766,0
1216.709,386.5435,0
1343.724,339.5969,0
1200.106,410.9642,0
1256.412,364.6817,0
1229.047,418.6856,0
1276.676,371.9226,0
1178.287,424.2734,0
1245.199,350.994,0
1162.355,370.7706,0
1171.913,381.6822,0
1224.074,364.0484,0
1219.513,421.8218,0
1189.369,365.4778,0
1224.356,378.8176,0
1240.536,346.098,0
1239.727,393.6823,0
1261.649,314.8637,0
1166.29,413.6887,0
1231.682,384.6643,0
1242.336,441.4711,0
1316.877,413.6602,0
1210.01,450.4821,0
1304.771,296.4905,0
1245.95,346.9884,0
1301.426,359.8765,0
1312.648,313.3171,0
1158.734,417.3828,0
1208.641,393.1837,0
1194.783,359.652,0
1240.924,393.5015,0
1189.406,448.2698,0
1208.074,395.1505,0
1234.721,429.1553,0
1293.304,343.7156,0
1313.489,403.0049,0
1261.155,461.0735,0
1259.65,386.7264,0
1246.638,363.1783,0
1238.393,425.3105,0
1153.797,477.1963,0
1176.482,436.7979,0
1123.95,331.6606,0
1208.052,374.7268,0
1092.098,437.2338,0
1298.394,379.9533,0
1201.842,448.8526,0
1169.073,432.785,0
1165.742,378.9297,0
1227.453,441.6544,0
1229.86,388.652,0
1186.374,438.2473,0
1213.464,320.8824,0
1235.673,411.9257,0
1216.668,378.6785,0
1248.643,378.0272,0
1163.863,428.8096,0
1243.217,451.3544,0
1168.477,468.7222,0
1252.998,369.3617,0
1274.146,355.5616,0
1276.13,347.5226,0
1181.306,348.4516,0
1327.214,448.5065,0
1136.051,460.856,0
1212.53,461.8715,0
1309.439,419.5278,0
1315.342,422.9711,0
1141.204,436.4599,0
1172.58,432.0187,0
1297.759,430.2545,0
1251.436,361.5287,0
1149.649,444.3819,0
1321.962,383.6559,0
1225.363,362.6811,0
1202.12,441.6169,0
1272.646,382.1547,0
1170.948,411.5154,0
1313.603,371.9269,0
1241.848,418.9148,0
1313.351,370.5017,0
1280.357,351.5591,0
1259.343,400.6422,0
1183.366,403.9158,0
1254.308,315.3124,0
1263.431,408.8535,0
1249.08,424.8702,0
1202.901,410.5365,0
1225.884,394.3158,0
1252.125,368.6733,0
1246.806,379.1957,0
1285.904,367.1077,0
1248.565,351.0473,0
1169.788,497.0626,0
1197.651,380.8959,0
1205.693,365.8685,0
1252.715,423.1161,0
1191.335,417.1154,0
1219.081,327.5314,0
1239.672,413.4523,0
1212.474,377.9528,0
1220.802,385.1115,0
1219.284,424.0648,0
1226.743,485.0333,0
1308.896,359.3643,0
1270.543,427.2467,0
1219.971,422.32,0
1292.249,345.6593,0
1295.113,391.0593,0
1142.34,377.5342,0
1244.753,394.6283,0
1236.941,399.0604,0
1244.65,438.5502,0
1229.74,294.0534,0
1176.104,401.7496,0
1217.722,379.7946,0
1222.502,386.8104,0
1190.24,449.7549,0
1194.639,379.197,0
1184.972,399.1337,0
1172.467,404.9532,0
1239.496,409.3068,0
1159.435,456.56,0
1251.413,366.7254,0
1177.021,397.2366,0
1194.786,383.7479,0
1167.147,331.7102,0
1183.439,411.578,0
1290.355,315.473,0
1181.644,408.0346,0
1258.494,387.6848,0
1228.065,389.5303,0
1248.256,436.3683,0
1146.96,437.7704,0
1147.579,494.3886,0
1200.601,474.5893,0
1205.006,327.1267,0
1177.098,412.877,0
1163.172,523.8148,0
1255.486,380.8781,0
1286.426,405.0374,0
1180.329,454.9796,0
1241.851,415.7115,0
1222.965,424.3868,0
1193.783,373.2498,0
1220.17,362.3395,0
1214.501,398.5953,0
1216.242,379.5581,0
1198.387,396.8004,0
1236.958,432.3953,0
1222.656,417.1471,0
1193.748,435.6242,0
1265.046,366.041,0
1221.312,419.4432,0
1198.089,388.4165,0
1179.859,393.4466,0
1278.921,376.6752,0
1278.704,394.9987,0
1281.061,354.287,0
1187.424,389.1293,0
1198.192,376.2509,0
1244.004,468.8659,0
1249.016,361.1134,0
1249.88,381.544,0
1219.337,313.1459,0
1215.677,374.5391,0
1220.95,419.4435,0
1157.58,446.7623,0
1196.594,400.0772,0
1189.94,435.5416,0
1139.974,409.9742,0
1173.67,408.7529,0
1190.758,374.632,0
1110.35,437.6898,0
1249.16,426.0302,0
1274.667,317.9648,0
1271.151,356.4028,0
1189.648,470.2645,0
1248.882,443.7009,0
1219.641,447.9337,0
1206.466,358.5663,0
1205.402,408.9817,0
1216.365,359.8679,0
1232.49,378.4381,0
1198.313,397.4257,0
1274.583,345.1534,0
1277.645,413.8264,0
1208.787,328.5142,0
1196.752,413.3414,0
1185.933,406.3655,0
1315.788,348.5301,0
1260.086,401.1677,0
1223.327,406.3961,0
1192.265,460.9266,0
1274.962,399.8929,0
1173.087,379.8327,0
1205.558,434.8992,0
1228.014,389.6282,0
1291.505,441.7462,0
1219.083,330.8668,0
1259.823,433.4228,0
1282.015,303.2689,0
1214.988,455.7833,0
1228.12,451.6022,0
1202.943,376.2244,0
1250.965,313.0049,0
1242.812,386.6615,0
1162.978,457.384,0
1222.348,348.8834,0
1221.579,448.7964,0
1269.926,391.9209,0
1199.209,368.2694,0
1220.606,345.8843,0
1221.751,367.8248,0
1206.71,373.7828,0
1221.59,434.0513,0
1184.253,473.2352,0
1229.302,443.6052,0
1186.643,365.4106,0
1263.191,421.8772,0
1193.756,384.2178,0
1197.755,396.743,0
1248.477,438.5184,0
1303.508,359.461,0
1241.777,444.7383,0
1196.396,389.5854,0
1179.943,437.0497,0
1255.766,385.2931,0
1221.049,446.102,0
1164.777,445.1819,0
1132.299,380.9063,0
1208.259,334.1026,0
1310.329,380.6316,0
1278.495,373.3034,0
1271.377,7647.0,
1145.874,334.7415,0
1235.392,3152.0,
1261.59,423.0013,0
1215.365,390.9603,0
1229.8,380.1534,0
1167.141,375.735,0
1320.09,323.871,0
1135.925,404.2132,0
1149.27,338.6279,0
1223.341,411.1398,0
1257.498,376.3037,0
1235.549,309.181,0
1165.167,407.8037,0
1194.537,456.114,0
1182.255,436.2562,0
1244.121,372.3921,0
1178.594,394.9208,0
1167.784,476.6241,0
1212.057,423.1218,0
1167.248,405.7381,0
1248.469,401.214,0
1165.622,381.5137,0
1299.062,445.428,0
1216.419,445.4256,0
1191.613,391.303,0
1254.157,458.6833,0
1195.933,443.844,0
1263.66,395.9237,0
1233.936,438.6072,0
1200.353,424.3171,0
1238.678,443.4731,0
1242.739,418.3818,0
1178.958,404.976,0
1186.15,392.0393,0
1216.028,406.261,0
1209.675,360.5054,0
1218.474,409.0468,0
1199.73,451.8259,0
1190.809,354.2063,0
1259.917,364.8228,0
1213.594,468.4857,0
1164.148,470.024,0
1217.481,383.9255,0
1257.473,417.7538,0
1200.237,424.0067,0
1282.525,390.3383,0
1202.978,421.009,0
1257.426,438.3182,0
1200.227,439.8871,0
1188.147,438.2769,0
1201.328,491.5131,0
1273.317,393.9453,0
1228.666,395.1803,0
1244.924,431.5846,0
1170.797,388.9156,0
1269.835,377.9492,0
1268.718,332.5581,0
1248.952,465.9943,0
1270.818,404.4288,0
1231.516,336.3083,0
1249.133,392.7809,0
1249.168,352.427,0
1265.52,401.3828,0
1098.614,457.0776,0
1166.182,434.6329,0
1216.695,379.4679,0
1291.647,349.524,0
1274.064,358.5894,0
1236.783,392.7338,0
1195.264,413.5363,0
1263.53,457.1921,0
1148.984,388.9039,0
1232.197,390.7466,0
1192.565,446.5229,0
1272.987,418.7636,0
1153.715,433.9473,0
1278.732,443.5482,0
1261.959,399.4326,0
1183.991,398.2822,0
1277.936,429.2751,0
1230.333,355.313,0
1176.055,438.3292,0
1184.949,379.2901,0
1278.834,411.8557,0
1180.305,418.0187,0
1181.928,477.0737,0
1251.65,370.08,0
1253.028,441.8195,0
1263.031,438.5366,0
1187.76,445.8601,0
1178.014,408.4732,0
1207.014,430.6832,0
1244.468,310.1047,0
1193.104,392.587,0
1197.729,469.5423,0
1253.876,436.572,0
1232.142,373.6241,0
1253.383,444.2471,0
1229.197,442.7656,0
1249.799,390.0822,0
1175.786,436.1661,0
1162.898,406.9012,0
1276.366,401.9155,0
1222.091,454.0883,0
1208.235,418.4526,0
1190.126,371.7148,0
1252.741,415.2545,0
1340.342,395.4537,0
1270.839,445.3114,0
1178.781,405.7238,0
1318.59,430.5541,0
1207.852,429.5482,0
1238.276,450.5585,0
1277.791,401.2605,0
1237.55,423.4736,0
1109.51,457.2261,0
1250.9,374.3005,0
1196.124,406.5007,0
1259.504,378.4774,0
1309.722,419.6356,0
1237.509,415.6836,0
1253.998,355.3051,0
1204.023,412.7078,0
1169.482,417.23,0
1274.48,328.0491,0
1300.595,403.2917,0
1250.44,383.2039,0
1286.116,412.8517,0
1206.295,401.8062,0
1218.139,412.3898,0
1157.018,414.7048,0
1175.283,372.1735,0
1265.88,394.3702,0
1178.21,450.6108,0
1245.859,405.2574,0
1168.743,379.3411,0
1206.545,345.9703,0
1221.616,409.9571,0
1223.262,390.6303,0
1251.965,432.5594,0
1211.565,376.6072,0
1163.609,363.1792,0
1273.811,375.7501,0
1193.16,338.2592,0
1198.71,433.8511,0
1156.119,419.3047,0
1225.263,434.4225,0
1261.772,446.9715,0
1210.831,372.1185,0
1174.207,391.1196,0
1220.969,417.6569,0
1261.076,380.2646,0
1151.281,389.9618,0
1258.014,386.653,0
1174.56,434.9547,0
1176.771,498.8782,0
1127.72,402.8735,0
1293.162,457.827,0
1226.919,407.194,0
1297.2,325.3749,0
1278.52,391.5392,0
1223.655,356.9261,0
1216.205,427.8499,0
1272.502,390.8054,0
1281.045,342.488,0
1250.357,434.3631,0
1188.579,431.5492,0
1289.793,403.7314,0
1189.064,396.1114,0
1261.256,450.2795,0
1230.666,382.1961,0
1179.935,444.5319,0
1189.045,436.7061,0
1227.907,476.7545,0
1247.961,340.3843,0
1185.702,360.1478,0
1106.844,432.008,0
1247.272,384.3958,0
1229.62,490.3486,0
1199.086,381.8144,0
1177.097,384.3669,0
1207.389,430.8977,0
1195.265,396.5509,0
1242.838,399.047,0
1238.823,399.6072,0
1211.096,372.0805,0
1180.101,476.7619,0
1251.872,435.1208,0
1260.99,396.6824,0
1200.003,412.9302,0
1190.101,386.326,0
1234.337,440.7361,0
1164.159,415.9267,0
1248.542,364.7065,0
1265.183,382.3361,0
1269.743,432.074,0
1221.274,348.6307,0
1169.613,400.1874,0
1162.839,421.0713,0
1151.771,448.0302,0
1266.91,465.0187,0
1203.172,314.387,0
1245.533,368.8815,0
1284.915,444.0081,0
1229.441,388.0952,0
1252.545,414.0887,0
1239.387,398.6568,0
1225.346,380.0543,0
1177.363,370.8927,0
1261.012,400.7936,0
1158.202,457.4798,0
1213.042,444.9339,0
1208.383,414.6095,0
1217.235,406.5446,0
1225.463,460.6728,0
1234.612,378.9231,0
1266.064,370.6563,0
1234.91,427.353,0
1277.858,399.5487,0
1148.511,415.8914,0
1230.536,380.4167,0
1285.202,338.1219,0
1271.771,423.012,0
1269.602,431.5444,0
1120.162,428.8408,0
1143.15,442.7646,0
1199.744,434.1694,0
1145.327,425.1064,0
1199.292,424.9462,0
1212.149,348.8514,0
1228.986,423.2613,0
1182.512,375.092,0
1238.167,412.392,0
1196.492,389.7615,0
1245.964,414.9169,0
1234.379,381.3135,0
1257.1,427.8437,0
1200.506,400.4617,0
1300.874,397.8655,0
1206.432,349.0384,0
1224.081,440.4814,0
1264.175,451.3098,0
1240.867,442.0011,0
1261.332,377.1726,0
1116.344,412.0453,0
1199.434,423.6984,0
1147.3,368.8858,0
1199.003,426.8477,0
1270.365,369.8561,0
1202.43,470.1422,0
1220.092,436.4417,0
1221.755,474.8127,0
1151.783,428.6808,0
1274.435,442.4324,0
1286.534,396.9227,0
1229.644,391.1525,0
1261.221,363.0623,0
1243.388,405.2407,0
1266.273,485.7086,0
1249.833,492.3403,0
1265.963,397.3661,0
1269.102,486.207,0
1213.537,392.52,0
1191.659,425.566,0
1264.644,432.4496,0
1221.189,472.8298,0
1220.562,429.8631,0
1253.107,336.0079,0
1243.581,437.7396,0
1187.493,379.3668,0
1202.588,353.014,0
1274.58,395.827,0
1239.712,460.0103,0
1207.499,449.3015,0
1171.594,414.8835,0
1230.751,377.2552,0
1246.293,445.173,0
1239.817,440.5482,0
1252.171,344.4764,0
1239.432,455.154,0
1231.82,445.3533,0
1225.947,439.804,0
1295.93,400.61,0
1270.972,444.1598,0
1179.807,490.8092,0
1237.201,432.972,0
1280.447,437.1675,0
1230.033,433.7924,0
1257.12,308.3531,0
1245.871,324.7689,0
1249.305,351.4307,0
1220.582,397.0144,0
1244.688,388.0231,0
1103.451,413.3165,0
1124.463,390.7357,0
1253.432,404.6902,0
1219.53,467.2126,0
1178.362,489.4515,0
1136.957,461.9429,0
1087.838,427.8713,0
1202.845,424.9821,0
1128.672,450.6133,0
1236.502,359.8606,0
1312.497,373.5155,0
1190.89,418.8095,0
1199.457,480.2597,0
1224.703,387.6613,0
1224.293,426.172,0
1239.504,425.1876,0
1259.252,444.4643,0
1221.338,410.9141,0
1295.027,370.9878,0
1152.573,404.3388,0
1165.537,456.317,0
1250.31,423.4034,0
1225.39,435.7265,0
1260.996,341.3832,0
1233.049,401.8516,0
1257.677,422.2946,0
1194.11,446.7133,0
1205.939,501.6546,0
1247.602,462.2128,0
1294.507,429.99,0
1226.423,433.8212,0
1101.018,476.7212,0
1224.776,376.8647,0
1229.571,382.7474,0
1194.278,370.7996,0
1240.784,378.7049,0
1264.623,398.2515,0
1204.82,347.0139,0
1237.378,355.4927,0
1193.287,464.8936,0
1302.43,404.2674,0
1281.661,348.4631,0
1235.113,401.8869,0
1280.037,341.7169,0
1243.484,371.075,0
1285.142,381.5764,0
1184.761,483.0308,0
1185.99,403.4329,0
1184.504,491.5873,0
1196.912,410.2642,0
1194.2,442.3229,0
1219.899,425.3546,0
1185.712,446.9092,0
1287.244,392.7268,0
1176.674,393.2393,0
1176.165,389.9271,0
1230.3,428.2205,0
1245.722,475.6693,0
1192.159,529.3533,0
1272.546,356.5465,0
1328.476,401.6818,0
1108.433,344.6952,0
1279.505,411.6232,0
1152.398,445.2853,0
1281.307,381.2327,0
1244.25,345.2586,0
1246.404,461.5933,0
1227.19,421.3832,0
1213.031,389.6516,0
1276.039,321.6199,0
1244.556,430.7441,0
1158.515,456.3723,0
1211.113,413.5611,0
1198.777,342.2322,0
1312.571,387.3278,0
1264.594,428.4654,0
1202.98,414.3509,0
1323.644,415.9022,0
1283.695,354.4928,0
1231.719,405.8013,0
1231.021,349.8286,0
1249.228,408.5312,0
1260.829,388.2155,0
1179.478,427.6248,0
1233.441,381.938,0
1159.362,406.4359,0
1220.851,344.6812,0
1189.684,396.0394,0
1172.078,402.464,0
1197.81,441.7833,0
1199.732,438.9109,0
1202.097,356.96,0
1214.041,418.61,0
1199.106,445.7847,0
1159.79,463.2047,0
1245.447,366.6353,0
1136.065,415.5493,0
1279.682,322.5195,0
1268.418,429.2802,0
1246.477,433.5615,0
1154.941,419.235,0
1263.984,296.6248,0
1305.622,382.7281,0
1224.239,360.7173,0
1191.357,349.5272,0
1323.239,354.5094,0
1297.666,402.051,0
1213.382,453.4686,0
1248.989,383.4206,0
1226.087,452.5326,0
1211.401,399.6642,0
1246.997,481.1799,0
1166.305,309.2629,0
1261.254,441.4642,0
1260.671,368.1477,0
1291.717,361.114,0
1197.688,442.5649,0
1194.947,405.4312,0
1175.463,436.1441,0
1259.972,399.2923,0
1248.436,377.091,0
1231.07,450.4654,0
1252.896,395.1559,0
1237.673,356.6735,0
1119.076,344.4922,0
1223.121,315.2371,0
1202.943,420.8225,0
1148.731,377.5687,0
1230.579,363.2435,0
1240.806,439.9958,0
1215.152,399.6846,0
1168.239,364.0552,0
1283.779,420.0543,0
1165.561,367.3969,0
1261.691,482.7684,0
1238.666,450.7138,0
1238.182,400.8465,0
1261.153,370.183,0
1213.083,465.8578,0
1229.461,408.043,0
1253.713,441.2186,0
1274.076,381.3267,0
1187.895,385.6669,0
1189.117,351.394,0
1190.053,415.9861,0
1187.847,415.6713,0
1268.617,396.3139,0
1265.631,379.0815,0
1230.124,431.1681,0
1261.631,426.359,0
1242.713,372.3522,0
1184.714,402.0483,0
1157.22,390.3716,0
1230.093,315.4705,0
1204.275,438.2215,0
1175.975,348.9744,0
1207.227,401.8036,0
1263.338,400.4479,0
1267.757,414.2473,0
1250.446,368.0659,0
1300.148,406.2608,0
1278.563,368.509,0
1178.32,373.1824,0
1281.731,395.0469,0
1192.808,349.1032,0
1231.985,404.3847,0
1220.627,461.6942,0
1249.504,364.3612,0
1187.086,509.2559,0
1163.008,435.7363,0
1194.459,393.7348,0
1252.719,354.5036,0
1249.935,398.9161,0
1199.666,489.0616,0
1199.761,359.5104,0
1327.208,337.223,0
1235.74,418.245,0
1197.586,400.2931,0
1260.673,385.3281,0
1189.751,404.1271,0
1325.746,460.4866,0
1254.402,434.9532,0
1226.517,333.098,0
1255.402,343.7913,0
1208.774,415.0671,0
1235.52,428.3963,0
1272.287,445.9669,0
1245.264,474.7202,0
1238.022,350.7758,0
1244.54,494.8499,0
1189.694,450.4346,0
1347.588,365.2152,0
1209.887,336.5463,0
1198.34,429.1047,0
1221.26,439.8179,0
1253.244,427.0184,0
1226.877,434.7453,0
1188.364,377.1281,0
1257.816,398.7198,0
1190.397,437.4203,0
1190.436,407.863,0
1326.791,396.9293,0
1226.647,421.8651,0
1231.461,356.1455,0
1176.648,397.4344,0
1244.049,372.369,0
1223.904,391.106,0
1132.703,461.8302,0
1168.714,464.9722,0
1291.986,379.957,0
1243.719,321.239,0
1206.062,359.6728,0
1177.676,399.5739,0
1243.331,377.1501,0
1252.036,399.361,0
1242.832,378.9148,0
1205.58,426.9173,0
1229.695,438.2537,0
1229.497,400.8444,0
1209.416,387.8738,0
1260.587,352.8007,0
1280.725,382.0056,0
1269.681,361.4859,0
1323.239,412.139,0
1158.457,407.7238,0
1175.437,424.3329,0
1212.308,403.8864,0
1217.657,431.2039,0
1247.41,396.334,0
1240.749,424.3527,0
1191.956,349.0046,0
1283.41,352.5966,0
1188.989,406.3773,0
1170.621,412.663,0
1279.033,382.0212,0
1227.541,357.8411,0
1307.266,390.9092,0
1131.313,476.856,0
1128.707,412.1903,0
1226.192,351.8334,0
1286.747,439.8538,0
1167.188,371.1426,0
1257.203,437.2726,0
1213.672,418.6563,0
1221.965,371.7624,0
1171.747,409.5195,0
1236.235,395.9444,0
1265.893,324.7833,0
1256.639,454.2918,0
1256.143,361.0688,0
1159.002,341.9012,0
1202.041,425.725,0
1200.635,465.7423,0
1227.558,413.2151,0
1243.034,427.5799,0
1171.375,384.6882,0
1185.346,373.9983,0
1248.581,392.8198,0
1214.916,427.9965,0
1214.174,387.9425,0
1202.961,456.329,0
1230.683,410.8477,0
1289.11,385.4919,0
1289.219,359.6136,0
1180.609,381.5323,0
1240.811,374.8941,0
1223.218,252.4532,0
1174.054,410.7831,0
1203.582,394.1249,0
1151.749,405.5412,0
1309.374,431.3259,0
1260.538,358.6061,0
1260.105,374.9445,0
1232.935,424.4036,0
1140.635,376.8226,0
1129.617,474.4413,0
1203.552,466.9073,0
1203.767,433.5704,0
1287.654,394.4659,0
1217.448,419.7137,0
1268.772,362.3499,0
1266.021,427.041,0
1265.839,434.8139,0
1207.026,449.3952,0
1281.728,348.5208,0
1225.28,364.2305,0
1204.859,380.4293,0
1292.587,440.077,0
1336.388,375.0706,0
1230.085,433.594,0
1196.484,456.9252,0
1269.045,379.502,0
1130.333,390.2761,0
1128.792,422.4984,0
1169.204,378.4766,0
1219.237,427.5303,0
1306.439,329.6697,0
1286.194,420.7778,0
1239.464,374.3167,0
1179.172,391.3879,0
1302.417,364.9864,0
1296.99,350.6921,0
1224.559,445.4567,0
1280.909,376.7989,0
1235.817,433.4201,0
1295.257,398.841,0
1185.162,454.8146,0
1189.384,508.5198,0
1231.03,477.9764,0
1206.608,420.3796,0
1212.632,377.5817,0
1229.44,353.5373,0
1222.152,461.6782,0
1227.391,406.838,0
1231.657,389.5629,0
1183.02,421.3524,0
1335.775,410.1564,0
1253.479,397.7284,0
1203.046,444.4242,0
1257.478,400.6409,0
1233.488,411.8707,0
1178.86,424.3162,0
1163.498,480.6998,0
1210.322,337.8158,0
1159.581,394.4737,0
1236.098,403.3903,0
1233.89,407.4559,0
1275.426,411.9776,0
1325.978,273.0098,0
1168.293,457.5135,0
1265.892,334.3582,0
1187.812,364.4203,0
1175.448,398.3109,0
